,aoi,Tamb,Wind,POA,i_mp,v_mp,p_mp,Power,anomaly
2021-08-20 00:00:00-07:00,,22.4,5.1,,,,,,False
2021-08-20 00:01:00-07:00,,22.4,3.8,,,,,,False
2021-08-20 00:02:00-07:00,,22.2,2.2,,,,,,False
2021-08-20 00:03:00-07:00,,22.2,1.5,,,,,,False
2021-08-20 00:04:00-07:00,,22.1,1.9,,,,,,False
2021-08-20 00:05:00-07:00,,22.0,2.1,,,,,,False
2021-08-20 00:06:00-07:00,,22.1,2.1,,,,,,False
2021-08-20 00:07:00-07:00,,22.0,2.6,,,,,,False
2021-08-20 00:08:00-07:00,,22.0,3.0,,,,,,False
2021-08-20 00:09:00-07:00,,21.8,2.6,,,,,,False
2021-08-20 00:10:00-07:00,,21.7,4.1,,,,,,False
2021-08-20 00:11:00-07:00,,21.9,3.9,,,,,,False
2021-08-20 00:12:00-07:00,,21.9,3.1,,,,,,False
2021-08-20 00:13:00-07:00,,21.8,3.2,,,,,,False
2021-08-20 00:14:00-07:00,,21.7,3.1,,,,,,False
2021-08-20 00:15:00-07:00,,21.7,2.8,,,,,,False
2021-08-20 00:16:00-07:00,,21.6,2.5,,,,,,False
2021-08-20 00:17:00-07:00,,21.4,2.9,,,,,,False
2021-08-20 00:18:00-07:00,,21.3,3.3,,,,,,False
2021-08-20 00:19:00-07:00,,21.2,3.9,,,,,,False
2021-08-20 00:20:00-07:00,,21.1,3.2,,,,,,False
2021-08-20 00:21:00-07:00,,21.0,3.5,,,,,,False
2021-08-20 00:22:00-07:00,,21.0,3.1,,,,,,False
2021-08-20 00:23:00-07:00,,21.1,3.5,,,,,,False
2021-08-20 00:24:00-07:00,,21.2,2.8,,,,,,False
2021-08-20 00:25:00-07:00,,21.1,3.0,,,,,,False
2021-08-20 00:26:00-07:00,,21.0,2.9,,,,,,False
2021-08-20 00:27:00-07:00,,20.8,2.6,,,,,,False
2021-08-20 00:28:00-07:00,,20.7,2.8,,,,,,False
2021-08-20 00:29:00-07:00,,20.7,2.4,,,,,,False
2021-08-20 00:30:00-07:00,,20.6,2.0,,,,,,False
2021-08-20 00:31:00-07:00,,20.5,2.0,,,,,,False
2021-08-20 00:32:00-07:00,,20.5,2.2,,,,,,False
2021-08-20 00:33:00-07:00,,20.7,3.0,,,,,,False
2021-08-20 00:34:00-07:00,,21.1,2.7,,,,,,False
2021-08-20 00:35:00-07:00,,21.2,2.7,,,,,,False
2021-08-20 00:36:00-07:00,,21.5,2.9,,,,,,False
2021-08-20 00:37:00-07:00,,21.7,2.2,,,,,,False
2021-08-20 00:38:00-07:00,,21.9,2.1,,,,,,False
2021-08-20 00:39:00-07:00,,21.8,2.2,,,,,,False
2021-08-20 00:40:00-07:00,,21.8,2.5,,,,,,False
2021-08-20 00:41:00-07:00,,21.8,3.1,,,,,,False
2021-08-20 00:42:00-07:00,,21.8,2.5,,,,,,False
2021-08-20 00:43:00-07:00,,21.7,2.4,,,,,,False
2021-08-20 00:44:00-07:00,,21.7,2.3,,,,,,False
2021-08-20 00:45:00-07:00,,21.6,2.7,,,,,,False
2021-08-20 00:46:00-07:00,,21.5,1.7,,,,,,False
2021-08-20 00:47:00-07:00,,21.6,2.0,,,,,,False
2021-08-20 00:48:00-07:00,,21.6,2.1,,,,,,False
2021-08-20 00:49:00-07:00,,21.6,1.8,,,,,,False
2021-08-20 00:50:00-07:00,,21.6,1.3,,,,,,False
2021-08-20 00:51:00-07:00,,21.7,1.2,,,,,,False
2021-08-20 00:52:00-07:00,,21.8,1.1,,,,,,False
2021-08-20 00:53:00-07:00,,21.8,2.8,,,,,,False
2021-08-20 00:54:00-07:00,,21.8,2.2,,,,,,False
2021-08-20 00:55:00-07:00,,22.0,4.8,,,,,,False
2021-08-20 00:56:00-07:00,,22.1,4.6,,,,,,False
2021-08-20 00:57:00-07:00,,21.9,3.8,,,,,,False
2021-08-20 00:58:00-07:00,,22.0,3.7,,,,,,False
2021-08-20 00:59:00-07:00,,21.9,4.9,,,,,,False
2021-08-20 01:00:00-07:00,,21.4,4.3,,,,,,False
2021-08-20 01:01:00-07:00,,21.5,2.7,,,,,,False
2021-08-20 01:02:00-07:00,,21.3,0.8,,,,,,False
2021-08-20 01:03:00-07:00,,21.4,1.6,,,,,,False
2021-08-20 01:04:00-07:00,,21.6,2.4,,,,,,False
2021-08-20 01:05:00-07:00,,21.8,1.7,,,,,,False
2021-08-20 01:06:00-07:00,,21.9,2.4,,,,,,False
2021-08-20 01:07:00-07:00,,21.9,2.7,,,,,,False
2021-08-20 01:08:00-07:00,,21.9,1.9,,,,,,False
2021-08-20 01:09:00-07:00,,21.9,1.5,,,,,,False
2021-08-20 01:10:00-07:00,,21.9,0.7,,,,,,False
2021-08-20 01:11:00-07:00,,21.6,1.2,,,,,,False
2021-08-20 01:12:00-07:00,,21.4,0.7,,,,,,False
2021-08-20 01:13:00-07:00,,21.3,1.0,,,,,,False
2021-08-20 01:14:00-07:00,,21.3,1.1,,,,,,False
2021-08-20 01:15:00-07:00,,21.3,1.4,,,,,,False
2021-08-20 01:16:00-07:00,,21.3,1.6,,,,,,False
2021-08-20 01:17:00-07:00,,21.3,2.5,,,,,,False
2021-08-20 01:18:00-07:00,,21.1,3.4,,,,,,False
2021-08-20 01:19:00-07:00,,21.0,4.1,,,,,,False
2021-08-20 01:20:00-07:00,,21.0,4.2,,,,,,False
2021-08-20 01:21:00-07:00,,21.0,4.1,,,,,,False
2021-08-20 01:22:00-07:00,,20.9,4.7,,,,,,False
2021-08-20 01:23:00-07:00,,20.9,4.7,,,,,,False
2021-08-20 01:24:00-07:00,,21.1,4.4,,,,,,False
2021-08-20 01:25:00-07:00,,21.3,3.7,,,,,,False
2021-08-20 01:26:00-07:00,,21.4,3.6,,,,,,False
2021-08-20 01:27:00-07:00,,21.3,3.6,,,,,,False
2021-08-20 01:28:00-07:00,,21.2,3.5,,,,,,False
2021-08-20 01:29:00-07:00,,21.0,3.7,,,,,,False
2021-08-20 01:30:00-07:00,,21.2,3.3,,,,,,False
2021-08-20 01:31:00-07:00,,21.2,3.7,,,,,,False
2021-08-20 01:32:00-07:00,,21.2,4.1,,,,,,False
2021-08-20 01:33:00-07:00,,21.4,4.0,,,,,,False
2021-08-20 01:34:00-07:00,,21.6,4.0,,,,,,False
2021-08-20 01:35:00-07:00,,21.7,4.5,,,,,,False
2021-08-20 01:36:00-07:00,,21.7,4.5,,,,,,False
2021-08-20 01:37:00-07:00,,21.7,4.6,,,,,,False
2021-08-20 01:38:00-07:00,,21.9,2.9,,,,,,False
2021-08-20 01:39:00-07:00,,22.0,3.1,,,,,,False
2021-08-20 01:40:00-07:00,,22.0,3.1,,,,,,False
2021-08-20 01:41:00-07:00,,21.9,4.3,,,,,,False
2021-08-20 01:42:00-07:00,,21.9,3.9,,,,,,False
2021-08-20 01:43:00-07:00,,21.7,3.6,,,,,,False
2021-08-20 01:44:00-07:00,,21.7,3.7,,,,,,False
2021-08-20 01:45:00-07:00,,21.8,3.4,,,,,,False
2021-08-20 01:46:00-07:00,,21.8,1.8,,,,,,False
2021-08-20 01:47:00-07:00,,21.7,0.8,,,,,,False
2021-08-20 01:48:00-07:00,,21.6,1.4,,,,,,False
2021-08-20 01:49:00-07:00,,21.6,1.6,,,,,,False
2021-08-20 01:50:00-07:00,,21.5,2.5,,,,,,False
2021-08-20 01:51:00-07:00,,21.6,3.4,,,,,,False
2021-08-20 01:52:00-07:00,,21.6,2.2,,,,,,False
2021-08-20 01:53:00-07:00,,21.7,2.4,,,,,,False
2021-08-20 01:54:00-07:00,,21.7,2.9,,,,,,False
2021-08-20 01:55:00-07:00,,21.6,2.6,,,,,,False
2021-08-20 01:56:00-07:00,,21.6,2.6,,,,,,False
2021-08-20 01:57:00-07:00,,21.6,2.2,,,,,,False
2021-08-20 01:58:00-07:00,,21.5,2.6,,,,,,False
2021-08-20 01:59:00-07:00,,21.5,2.8,,,,,,False
2021-08-20 02:00:00-07:00,,21.6,1.9,,,,,,False
2021-08-20 02:01:00-07:00,,21.6,1.3,,,,,,False
2021-08-20 02:02:00-07:00,,21.6,1.6,,,,,,False
2021-08-20 02:03:00-07:00,,21.6,1.6,,,,,,False
2021-08-20 02:04:00-07:00,,21.6,1.0,,,,,,False
2021-08-20 02:05:00-07:00,,21.4,1.0,,,,,,False
2021-08-20 02:06:00-07:00,,21.3,1.0,,,,,,False
2021-08-20 02:07:00-07:00,,21.2,1.2,,,,,,False
2021-08-20 02:08:00-07:00,,21.1,1.5,,,,,,False
2021-08-20 02:09:00-07:00,,21.0,1.5,,,,,,False
2021-08-20 02:10:00-07:00,,21.0,1.8,,,,,,False
2021-08-20 02:11:00-07:00,,21.2,1.8,,,,,,False
2021-08-20 02:12:00-07:00,,21.3,1.4,,,,,,False
2021-08-20 02:13:00-07:00,,21.4,1.5,,,,,,False
2021-08-20 02:14:00-07:00,,21.5,1.7,,,,,,False
2021-08-20 02:15:00-07:00,,21.5,1.5,,,,,,False
2021-08-20 02:16:00-07:00,,21.6,1.2,,,,,,False
2021-08-20 02:17:00-07:00,,21.6,2.1,,,,,,False
2021-08-20 02:18:00-07:00,,21.4,2.5,,,,,,False
2021-08-20 02:19:00-07:00,,21.3,2.3,,,,,,False
2021-08-20 02:20:00-07:00,,21.2,2.5,,,,,,False
2021-08-20 02:21:00-07:00,,21.3,3.7,,,,,,False
2021-08-20 02:22:00-07:00,,21.4,4.1,,,,,,False
2021-08-20 02:23:00-07:00,,21.5,3.7,,,,,,False
2021-08-20 02:24:00-07:00,,21.5,3.4,,,,,,False
2021-08-20 02:25:00-07:00,,21.5,4.1,,,,,,False
2021-08-20 02:26:00-07:00,,21.6,3.4,,,,,,False
2021-08-20 02:27:00-07:00,,21.7,3.4,,,,,,False
2021-08-20 02:28:00-07:00,,21.7,4.0,,,,,,False
2021-08-20 02:29:00-07:00,,21.7,3.6,,,,,,False
2021-08-20 02:30:00-07:00,,21.8,3.8,,,,,,False
2021-08-20 02:31:00-07:00,,21.7,4.1,,,,,,False
2021-08-20 02:32:00-07:00,,21.7,3.4,,,,,,False
2021-08-20 02:33:00-07:00,,21.7,2.9,,,,,,False
2021-08-20 02:34:00-07:00,,21.7,3.0,,,,,,False
2021-08-20 02:35:00-07:00,,21.7,4.0,,,,,,False
2021-08-20 02:36:00-07:00,,21.8,3.0,,,,,,False
2021-08-20 02:37:00-07:00,,21.7,3.3,,,,,,False
2021-08-20 02:38:00-07:00,,21.7,3.2,,,,,,False
2021-08-20 02:39:00-07:00,,21.8,2.4,,,,,,False
2021-08-20 02:40:00-07:00,,21.8,2.3,,,,,,False
2021-08-20 02:41:00-07:00,,21.8,1.5,,,,,,False
2021-08-20 02:42:00-07:00,,21.8,1.2,,,,,,False
2021-08-20 02:43:00-07:00,,21.7,1.2,,,,,,False
2021-08-20 02:44:00-07:00,,21.7,1.4,,,,,,False
2021-08-20 02:45:00-07:00,,21.6,1.9,,,,,,False
2021-08-20 02:46:00-07:00,,21.5,2.9,,,,,,False
2021-08-20 02:47:00-07:00,,21.7,3.3,,,,,,False
2021-08-20 02:48:00-07:00,,21.9,2.8,,,,,,False
2021-08-20 02:49:00-07:00,,22.0,2.3,,,,,,False
2021-08-20 02:50:00-07:00,,22.1,2.5,,,,,,False
2021-08-20 02:51:00-07:00,,22.3,2.7,,,,,,False
2021-08-20 02:52:00-07:00,,22.4,3.1,,,,,,False
2021-08-20 02:53:00-07:00,,22.5,3.2,,,,,,False
2021-08-20 02:54:00-07:00,,22.5,3.6,,,,,,False
2021-08-20 02:55:00-07:00,,22.5,3.9,,,,,,False
2021-08-20 02:56:00-07:00,,22.4,3.7,,,,,,False
2021-08-20 02:57:00-07:00,,22.4,4.6,,,,,,False
2021-08-20 02:58:00-07:00,,22.5,3.8,,,,,,False
2021-08-20 02:59:00-07:00,,22.6,3.5,,,,,,False
2021-08-20 03:00:00-07:00,,22.5,3.8,,,,,,False
2021-08-20 03:01:00-07:00,,22.5,3.5,,,,,,False
2021-08-20 03:02:00-07:00,,22.6,3.2,,,,,,False
2021-08-20 03:03:00-07:00,,22.5,4.3,,,,,,False
2021-08-20 03:04:00-07:00,,22.5,3.6,,,,,,False
2021-08-20 03:05:00-07:00,,22.5,2.6,,,,,,False
2021-08-20 03:06:00-07:00,,22.4,3.4,,,,,,False
2021-08-20 03:07:00-07:00,,22.2,4.3,,,,,,False
2021-08-20 03:08:00-07:00,,22.3,4.2,,,,,,False
2021-08-20 03:09:00-07:00,,22.4,2.9,,,,,,False
2021-08-20 03:10:00-07:00,,22.4,3.0,,,,,,False
2021-08-20 03:11:00-07:00,,22.4,3.4,,,,,,False
2021-08-20 03:12:00-07:00,,22.2,3.4,,,,,,False
2021-08-20 03:13:00-07:00,,22.3,2.7,,,,,,False
2021-08-20 03:14:00-07:00,,22.3,1.6,,,,,,False
2021-08-20 03:15:00-07:00,,22.4,1.9,,,,,,False
2021-08-20 03:16:00-07:00,,22.4,1.9,,,,,,False
2021-08-20 03:17:00-07:00,,22.3,2.6,,,,,,False
2021-08-20 03:18:00-07:00,,22.3,2.3,,,,,,False
2021-08-20 03:19:00-07:00,,22.4,2.0,,,,,,False
2021-08-20 03:20:00-07:00,,22.4,3.0,,,,,,False
2021-08-20 03:21:00-07:00,,22.2,2.9,,,,,,False
2021-08-20 03:22:00-07:00,,22.1,2.3,,,,,,False
2021-08-20 03:23:00-07:00,,22.0,2.8,,,,,,False
2021-08-20 03:24:00-07:00,,22.1,3.6,,,,,,False
2021-08-20 03:25:00-07:00,,22.2,2.7,,,,,,False
2021-08-20 03:26:00-07:00,,22.3,3.0,,,,,,False
2021-08-20 03:27:00-07:00,,22.4,2.7,,,,,,False
2021-08-20 03:28:00-07:00,,22.3,2.7,,,,,,False
2021-08-20 03:29:00-07:00,,22.2,2.5,,,,,,False
2021-08-20 03:30:00-07:00,,22.3,2.8,,,,,,False
2021-08-20 03:31:00-07:00,,22.1,3.8,,,,,,False
2021-08-20 03:32:00-07:00,,22.1,3.5,,,,,,False
2021-08-20 03:33:00-07:00,,22.1,3.1,,,,,,False
2021-08-20 03:34:00-07:00,,22.0,3.7,,,,,,False
2021-08-20 03:35:00-07:00,,22.0,3.4,,,,,,False
2021-08-20 03:36:00-07:00,,22.0,2.9,,,,,,False
2021-08-20 03:37:00-07:00,,22.0,3.4,,,,,,False
2021-08-20 03:38:00-07:00,,21.9,3.7,,,,,,False
2021-08-20 03:39:00-07:00,,22.0,3.8,,,,,,False
2021-08-20 03:40:00-07:00,,22.0,3.3,,,,,,False
2021-08-20 03:41:00-07:00,,22.1,3.1,,,,,,False
2021-08-20 03:42:00-07:00,,22.1,2.6,,,,,,False
2021-08-20 03:43:00-07:00,,22.0,3.1,,,,,,False
2021-08-20 03:44:00-07:00,,22.0,2.8,,,,,,False
2021-08-20 03:45:00-07:00,,22.0,2.6,,,,,,False
2021-08-20 03:46:00-07:00,,21.8,3.2,,,,,,False
2021-08-20 03:47:00-07:00,,21.9,2.8,,,,,,False
2021-08-20 03:48:00-07:00,,22.0,3.0,,,,,,False
2021-08-20 03:49:00-07:00,,22.0,2.4,,,,,,False
2021-08-20 03:50:00-07:00,,21.9,1.8,,,,,,False
2021-08-20 03:51:00-07:00,,21.8,1.9,,,,,,False
2021-08-20 03:52:00-07:00,,21.6,2.7,,,,,,False
2021-08-20 03:53:00-07:00,,21.7,2.2,,,,,,False
2021-08-20 03:54:00-07:00,,21.6,2.9,,,,,,False
2021-08-20 03:55:00-07:00,,21.7,2.7,,,,,,False
2021-08-20 03:56:00-07:00,,21.2,1.5,,,,,,False
2021-08-20 03:57:00-07:00,,20.9,1.7,,,,,,False
2021-08-20 03:58:00-07:00,,20.9,1.6,,,,,,False
2021-08-20 03:59:00-07:00,,21.0,1.4,,,,,,False
2021-08-20 04:00:00-07:00,,21.1,0.9,,,,,,False
2021-08-20 04:01:00-07:00,,21.2,1.1,,,,,,False
2021-08-20 04:02:00-07:00,,21.3,0.5,,,,,,False
2021-08-20 04:03:00-07:00,,21.4,0.3,,,,,,False
2021-08-20 04:04:00-07:00,,21.4,0.5,,,,,,False
2021-08-20 04:05:00-07:00,,21.4,0.3,,,,,,False
2021-08-20 04:06:00-07:00,,21.4,0.5,,,,,,False
2021-08-20 04:07:00-07:00,,21.4,0.3,,,,,,False
2021-08-20 04:08:00-07:00,,21.4,0.6,,,,,,False
2021-08-20 04:09:00-07:00,,21.4,1.1,,,,,,False
2021-08-20 04:10:00-07:00,,21.4,1.1,,,,,,False
2021-08-20 04:11:00-07:00,,21.3,1.2,,,,,,False
2021-08-20 04:12:00-07:00,,21.2,1.1,,,,,,False
2021-08-20 04:13:00-07:00,,21.2,0.7,,,,,,False
2021-08-20 04:14:00-07:00,,21.1,0.6,,,,,,False
2021-08-20 04:15:00-07:00,,21.1,0.2,,,,,,False
2021-08-20 04:16:00-07:00,,21.1,0.2,,,,,,False
2021-08-20 04:17:00-07:00,,21.1,0.3,,,,,,False
2021-08-20 04:18:00-07:00,,21.1,1.0,,,,,,False
2021-08-20 04:19:00-07:00,,21.2,1.8,,,,,,False
2021-08-20 04:20:00-07:00,,21.4,2.0,,,,,,False
2021-08-20 04:21:00-07:00,,21.4,2.0,,,,,,False
2021-08-20 04:22:00-07:00,,21.4,2.0,,,,,,False
2021-08-20 04:23:00-07:00,,21.4,2.2,,,,,,False
2021-08-20 04:24:00-07:00,,21.4,2.4,,,,,,False
2021-08-20 04:25:00-07:00,,21.3,2.2,,,,,,False
2021-08-20 04:26:00-07:00,,21.3,2.2,,,,,,False
2021-08-20 04:27:00-07:00,,21.2,1.9,,,,,,False
2021-08-20 04:28:00-07:00,,21.1,2.0,,,,,,False
2021-08-20 04:29:00-07:00,,21.0,2.2,,,,,,False
2021-08-20 04:30:00-07:00,,21.0,2.3,,,,,,False
2021-08-20 04:31:00-07:00,,20.9,1.8,,,,,,False
2021-08-20 04:32:00-07:00,,20.8,1.3,,,,,,False
2021-08-20 04:33:00-07:00,,20.7,1.0,,,,,,False
2021-08-20 04:34:00-07:00,,20.7,0.9,,,,,,False
2021-08-20 04:35:00-07:00,,20.7,0.8,,,,,,False
2021-08-20 04:36:00-07:00,,20.7,0.8,,,,,,False
2021-08-20 04:37:00-07:00,,20.7,1.0,,,,,,False
2021-08-20 04:38:00-07:00,,20.8,1.7,,,,,,False
2021-08-20 04:39:00-07:00,,20.8,1.4,,,,,,False
2021-08-20 04:40:00-07:00,,20.8,1.6,,,,,,False
2021-08-20 04:41:00-07:00,,20.7,1.6,,,,,,False
2021-08-20 04:42:00-07:00,,20.8,1.7,,,,,,False
2021-08-20 04:43:00-07:00,,20.9,1.4,,,,,,False
2021-08-20 04:44:00-07:00,,20.9,1.1,,,,,,False
2021-08-20 04:45:00-07:00,,21.0,1.0,,,,,,False
2021-08-20 04:46:00-07:00,,21.0,1.5,,,,,,False
2021-08-20 04:47:00-07:00,,21.0,1.4,,,,,,False
2021-08-20 04:48:00-07:00,,20.9,1.2,,,,,,False
2021-08-20 04:49:00-07:00,,20.9,1.6,,,,,,False
2021-08-20 04:50:00-07:00,,20.9,2.0,,,,,,False
2021-08-20 04:51:00-07:00,,20.9,1.9,,,,,,False
2021-08-20 04:52:00-07:00,,20.9,1.5,,,,,,False
2021-08-20 04:53:00-07:00,,20.6,1.6,,,,,,False
2021-08-20 04:54:00-07:00,,20.4,1.4,,,,,,False
2021-08-20 04:55:00-07:00,,20.4,1.2,,,,,,False
2021-08-20 04:56:00-07:00,,20.4,0.9,,,,,,False
2021-08-20 04:57:00-07:00,,20.5,1.2,,,,,,False
2021-08-20 04:58:00-07:00,,20.6,1.4,,,,,,False
2021-08-20 04:59:00-07:00,,20.6,1.0,,,,,,False
2021-08-20 05:00:00-07:00,,20.7,1.3,,,,,,False
2021-08-20 05:01:00-07:00,,20.8,2.3,,,,,,False
2021-08-20 05:02:00-07:00,,20.9,2.0,,,,,,False
2021-08-20 05:03:00-07:00,,21.0,2.2,,,,,,False
2021-08-20 05:04:00-07:00,,20.9,2.1,,,,,,False
2021-08-20 05:05:00-07:00,,20.8,2.2,,,,,,False
2021-08-20 05:06:00-07:00,,20.7,1.6,,,,,,False
2021-08-20 05:07:00-07:00,,20.5,1.7,,,,,,False
2021-08-20 05:08:00-07:00,,20.5,2.5,,,,,,False
2021-08-20 05:09:00-07:00,,20.7,4.2,,,,,,False
2021-08-20 05:10:00-07:00,,20.9,3.3,,,,,,False
2021-08-20 05:11:00-07:00,,20.9,2.5,,,,,,False
2021-08-20 05:12:00-07:00,,20.9,2.6,,,,,,False
2021-08-20 05:13:00-07:00,,20.8,2.4,,,,,,False
2021-08-20 05:14:00-07:00,,20.9,2.2,,,,,,False
2021-08-20 05:15:00-07:00,,20.9,1.8,,,,,,False
2021-08-20 05:16:00-07:00,,20.9,2.1,,,,,,False
2021-08-20 05:17:00-07:00,,20.7,2.1,,,,,,False
2021-08-20 05:18:00-07:00,,20.7,1.8,,,,,,False
2021-08-20 05:19:00-07:00,,20.6,1.4,,,,,,False
2021-08-20 05:20:00-07:00,89.77419914978071,20.6,1.6,4.201493904099023,7.876033047113201,818.3537484508953,6.4453811670282155,-0.5481900000000001,False
2021-08-20 05:21:00-07:00,89.21536388424026,20.6,1.6,4.616720865285806,8.65596163708508,823.126192582693,7.124948745475694,1.0149109872680049,False
2021-08-20 05:22:00-07:00,88.65156688357179,20.5,1.8,5.031923844985931,9.436036785026392,828.0495303814125,7.813505828502838,1.6749728577601217,False
2021-08-20 05:23:00-07:00,88.08240864179113,20.6,2.0,5.44011039907222,10.203399341360303,831.3935792982531,8.483040699422983,2.3242786482905142,False
2021-08-20 05:24:00-07:00,87.50774697671352,20.6,2.0,5.998752968590013,11.255718366485116,836.1286946494198,9.4112291051107,3.2238132334056493,False
2021-08-20 05:25:00-07:00,86.92760799825116,20.6,1.9,7.827374233312595,14.693313464319816,849.47222508313,12.481561682379668,6.210835984405161,False
2021-08-20 05:26:00-07:00,86.34212196869818,20.7,1.9,12.309195675871557,23.135937796226514,870.8245563542393,20.14734276723823,13.72813467353289,False
2021-08-20 05:27:00-07:00,85.75147839920778,20.7,1.4,16.594798698047853,31.205556028431413,885.177017875302,27.622441026387577,21.089141563176465,False
2021-08-20 05:28:00-07:00,85.15589540612599,20.7,1.4,15.223559373626408,28.623295926201337,881.0457359832003,25.218432825564996,18.719576087907924,False
2021-08-20 05:29:00-07:00,84.55559896492048,20.7,1.5,11.701930836783117,21.992242965821568,868.3236738698398,19.096385208720328,12.69552651968159,False
2021-08-20 05:30:00-07:00,83.95081144670488,20.7,1.2,10.156574128368108,19.08394251098965,861.3193507246335,16.437368972831838,10.086188879221773,False
2021-08-20 05:31:00-07:00,83.3417411525242,20.8,1.8,10.849233700795969,20.385928243078144,864.1538143154714,17.616577649617472,11.244878321832447,False
2021-08-20 05:32:00-07:00,82.728579304726,21.0,1.5,11.751244901013589,22.09005065269984,866.6898473212848,19.145222627507874,12.752857076052656,False
2021-08-20 05:33:00-07:00,82.11149730458344,21.2,0.8,12.685165044994712,23.845670789736754,869.3419028689524,20.730040819536345,14.31599192065755,False
2021-08-20 05:34:00-07:00,81.49064588839293,21.2,0.8,13.870852601672114,26.08336063381227,873.5072195474636,22.784003823695123,16.337731453306606,False
2021-08-20 05:35:00-07:00,80.86615522808393,21.2,0.7,14.951960621415841,28.118736021868312,877.1393336755425,24.66404937802005,18.18902510357963,False
2021-08-20 05:36:00-07:00,80.23813559842372,21.2,1.0,16.12427005277324,30.3258288652403,880.8428222136316,26.71228868362588,20.20707020748356,False
2021-08-20 05:37:00-07:00,79.60667837716436,21.2,1.1,17.30876282419494,32.56701635365321,883.9743665089026,28.78840765030567,22.255719468108925,False
2021-08-20 05:38:00-07:00,78.97185718930078,21.3,1.1,18.463978427976116,34.74326660636138,886.5186150488323,30.80055259414383,24.24370616914438,False
2021-08-20 05:39:00-07:00,78.33372910483669,21.3,0.5,19.53348548891985,36.766537805821805,888.8622311434356,32.68038682550225,26.100981343134347,False
2021-08-20 05:40:00-07:00,77.69233538470596,21.2,0.2,20.621291312349296,38.81223025652016,891.9776007947523,34.61964002570434,28.012954620920798,False
2021-08-20 05:41:00-07:00,77.04770431279236,21.2,0.2,22.0690942912566,41.541768559679895,895.1152856098795,37.18467202903738,30.547020667721235,False
2021-08-20 05:42:00-07:00,76.39984965061424,21.2,0.3,34.89107271075892,65.73556229181648,915.4012765110532,60.174417634100664,53.29075999881983,False
2021-08-20 05:43:00-07:00,75.74877328192288,21.2,1.0,43.62885945510317,82.24722522747311,924.8094731052491,76.06301302698816,69.0244931355307,False
2021-08-20 05:44:00-07:00,75.09446561381492,21.2,1.2,34.21120950011866,64.45250199026607,914.8865051449499,58.96672429372245,52.0933411311357,False
2021-08-20 05:45:00-07:00,74.43690630575972,21.2,1.0,35.925636565460174,67.69232741745957,916.8537734343383,62.06396582525052,55.16040517093147,False
2021-08-20 05:46:00-07:00,73.77606489406165,21.1,1.3,86.73533928642993,163.67884719135643,950.4270175270674,155.56479856834952,147.7691132955891,False
2021-08-20 05:47:00-07:00,73.11190133542488,21.2,1.2,114.64315564773862,216.553173543827,956.9092730445924,207.22173987132297,198.913411241694,False
2021-08-20 05:48:00-07:00,72.44436644997337,21.3,0.7,95.55374463231936,180.41030576616697,951.3636358639706,171.63580444103127,163.69496544237032,False
2021-08-20 05:49:00-07:00,71.77340228779924,21.4,0.9,44.82236154290633,84.49383935506175,924.8984502280945,78.1482210733182,71.0955640286523,False
2021-08-20 05:50:00-07:00,71.09894241835181,21.5,0.4,45.14378908112793,85.11520718831663,924.27323523127,78.66970791532526,71.61735463657064,False
2021-08-20 05:51:00-07:00,70.42091168505044,21.6,0.5,46.08152206107771,86.88290301575765,924.6618003527789,80.33730152242636,73.27167076857693,False
2021-08-20 05:52:00-07:00,69.73922818110337,21.6,0.5,47.74392434185861,90.02232594643192,926.0734126752266,83.36728260617379,76.27310690672799,False
2021-08-20 05:53:00-07:00,69.05380059897648,21.6,0.4,48.63337540414576,91.70143480173476,926.7575496208593,84.9849970135727,77.87588348044936,False
2021-08-20 05:54:00-07:00,68.36453006853209,21.6,0.5,50.20712878389889,94.67312551232692,928.0630964404588,87.86263401266633,80.72621877753657,False
2021-08-20 05:55:00-07:00,67.6713096655494,21.5,0.6,51.75845115358453,97.60626569759916,929.7852438001254,90.75286554806203,83.5862757017871,False
2021-08-20 05:56:00-07:00,66.97402430909268,21.5,0.9,54.415702834523785,102.62296599899665,931.8958423845544,95.63391534763647,88.42061906844387,False
2021-08-20 05:57:00-07:00,66.2725506140302,21.5,1.2,55.28155047949265,104.25833002865008,932.6660636691163,97.23820627253671,90.00893099239306,False
2021-08-20 05:58:00-07:00,65.56675667310216,21.6,1.4,54.82970600030885,103.40218271192312,931.970837611254,96.3678188328629,89.1489252265214,False
2021-08-20 05:59:00-07:00,64.85650178694128,21.5,1.1,55.35815732201158,104.40240573439507,932.6686318801138,97.37284892129081,90.14261060745139,False
2021-08-20 06:00:00-07:00,64.14163613406777,21.6,0.7,56.18777890244567,106.00115774441117,932.2091859196028,98.8152529674529,91.57767507338238,False
2021-08-20 06:01:00-07:00,63.422000371983025,21.6,0.9,57.19729044121607,107.9074398453869,933.0056051155802,100.67824620941829,93.42254967987247,False
2021-08-20 06:02:00-07:00,62.69742469852811,21.6,1.1,58.332866067697985,110.0514305643342,933.8732363141871,102.77408562212082,95.49805661828353,False
2021-08-20 06:03:00-07:00,61.96773026455092,21.6,1.3,60.01726559931546,113.2306546024496,935.079698173557,105.87968632965287,98.57378152231145,False
2021-08-20 06:04:00-07:00,61.23272565649335,21.6,1.7,61.771953979177496,116.54304152462646,936.4084717390066,109.13189140589105,101.79398703361369,False
2021-08-20 06:05:00-07:00,60.4922081534172,21.7,1.2,63.2817470468267,119.38263304377892,936.5758555867938,111.81089168518147,104.45223360711394,False
2021-08-20 06:06:00-07:00,59.745962464183265,21.8,0.8,65.12528168599836,122.89716608579005,936.5959093844922,115.1049830308975,107.72176230994953,False
2021-08-20 06:07:00-07:00,58.993759865232384,21.7,0.3,66.99650020874651,126.42728774908598,937.8047365605136,118.56410928159181,111.14727708562278,False
2021-08-20 06:08:00-07:00,58.235357216688385,21.7,1.7,68.67037670983943,129.59306747722866,939.6122738552418,121.76723680815459,114.31456674006412,False
2021-08-20 06:09:00-07:00,57.47049586499818,21.7,1.6,70.89875608162012,133.79270117694114,940.7464711027043,125.865011491506,118.37359804545044,False
2021-08-20 06:10:00-07:00,56.69890040902133,21.8,1.2,73.0505379540415,137.87061021676075,940.9037730717224,129.72297734865094,122.20058343527194,False
2021-08-20 06:11:00-07:00,55.92027731550106,21.8,0.5,74.89648414165234,141.39566304583093,940.971007354895,133.04921949184885,125.50029823114579,False
2021-08-20 06:12:00-07:00,55.134313354479296,21.7,1.0,76.97552293838883,145.26870211175685,943.1430730308681,137.0091701248881,129.41461292106032,False
2021-08-20 06:13:00-07:00,54.34067385290317,21.7,0.8,79.15322211668496,149.4237098932223,943.6435944509843,141.00272669984142,133.37279814005225,False
2021-08-20 06:14:00-07:00,53.53900016826302,21.7,0.3,81.42008834601984,153.7228664331956,944.0367817092874,145.12004010272062,137.45406352519754,False
2021-08-20 06:15:00-07:00,52.728909607033685,21.7,0.2,83.7752313245729,158.15574907751187,944.9482443665572,149.4489974272726,141.74135722532012,False
2021-08-20 06:16:00-07:00,51.90998966353851,21.8,0.2,85.6773967792234,161.79007498301024,944.8986046226115,152.8752160932341,145.1394554678549,False
2021-08-20 06:17:00-07:00,51.0817972747413,21.8,0.4,87.46617118541221,165.1592801695512,945.7763801257186,156.20374614292754,148.43415872686506,False
2021-08-20 06:18:00-07:00,50.243855006049316,21.8,0.3,89.15690876233337,168.3394110093912,946.3438657135146,159.30696896656343,151.50728465241585,False
2021-08-20 06:19:00-07:00,49.39564728367179,21.8,0.5,90.7467416362676,171.3327321869034,947.117634120711,162.27225195629737,154.441999072104,False
2021-08-20 06:20:00-07:00,48.536616076549016,21.9,0.5,93.48847704274112,176.54814049047522,947.2986555377958,167.24381612432504,159.3694789038345,False
2021-08-20 06:21:00-07:00,47.6661559176495,21.9,0.7,99.98520467338231,188.87889776814458,949.1355341593642,179.27167352459986,171.27861032554512,False
2021-08-20 06:22:00-07:00,46.78360813110842,21.9,1.4,96.71815906035233,182.67626283669443,949.0154509994761,173.36259596286442,165.42285835932523,False
2021-08-20 06:23:00-07:00,45.88825413286607,21.9,1.3,98.34766749982927,185.73869361193317,949.4919903640282,176.35740188520884,168.38782592418204,False
2021-08-20 06:24:00-07:00,44.979307579714366,21.8,1.3,103.95173373031426,196.35112297099568,951.4414198984416,186.81659123817764,178.73904729569693,False
2021-08-20 06:25:00-07:00,44.055904523797,21.8,1.3,161.982183846778,306.22321604258457,960.1536871043506,294.0213499602397,284.7709920211687,False
2021-08-20 06:26:00-07:00,43.11709499301725,21.8,1.1,319.5225964669105,605.2608028875217,955.8691432577233,578.5501251035772,565.2186358004585,False
2021-08-20 06:27:00-07:00,42.161826287369166,21.9,0.8,143.99946951268242,272.17891248994175,957.2137927691178,260.533409136271,251.67953369424114,False
2021-08-20 06:28:00-07:00,41.18892989631154,22.0,0.9,115.68219307522901,218.5604858447824,952.5942108798631,208.19945354282999,199.91337150612222,False
2021-08-20 06:29:00-07:00,40.19710208869499,22.0,0.9,103.18706485505012,194.89201435455422,949.893025827485,185.12656522486114,177.07539541604444,False
2021-08-20 06:30:00-07:00,39.18488103963344,22.0,0.4,98.1233430118464,185.36600955921065,947.7700692124728,175.68435570957297,167.7327844572557,False
2021-08-20 06:31:00-07:00,38.1506187321672,22.1,0.4,96.785626786944,182.84281561689025,946.8525170024634,173.12518018266985,165.2025842643844,False
2021-08-20 06:32:00-07:00,37.092446089023326,22.1,0.6,95.9072367908241,181.12521246522618,947.0910394650875,171.5420657470259,163.63170431114116,False
2021-08-20 06:33:00-07:00,36.00822926618563,22.1,0.5,94.21527966027136,177.94192647827686,946.40559946427,168.40523559850067,160.52698151355182,False
2021-08-20 06:34:00-07:00,34.8955141570214,22.1,0.2,93.18233824490582,175.9947576416395,945.7649428640985,166.44967190532608,158.59277423995596,False
2021-08-20 06:35:00-07:00,33.75145501896054,22.1,0.2,92.2893367726766,174.31483926957517,945.4431189415138,164.80476531681586,156.96425708196665,False
2021-08-20 06:36:00-07:00,32.57272047691311,22.1,0.2,91.55860637243387,172.9399958767344,945.1765787487586,163.45883363159626,155.63170681572203,False
2021-08-20 06:37:00-07:00,31.3553729368976,22.1,0.2,91.74839168955293,173.29708662683444,945.2460840220983,163.80839250645363,155.9777928382054,False
2021-08-20 06:38:00-07:00,30.09469632047484,22.1,0.2,91.34779472123617,172.54332955447705,945.0991415218294,163.07055263725437,155.24728132278508,False
2021-08-20 06:39:00-07:00,28.784967330005983,22.1,0.9,90.16542857693426,170.28768753365304,945.4832896932667,161.0041630035774,153.19590967875737,False
2021-08-20 06:40:00-07:00,27.419125484673632,22.1,1.2,88.01810538870677,166.18709453695413,945.2508976244759,157.08850028465955,149.3150195043118,False
2021-08-20 06:41:00-07:00,25.98829151143074,22.0,1.3,86.04369530133953,162.47897814197518,945.0024287528889,153.5430289654541,145.80099308965143,False
2021-08-20 06:42:00-07:00,24.48103705756527,22.0,1.5,83.3542062932749,157.35783996086386,944.3847627121321,148.60634635233407,140.90943795333132,False
2021-08-20 06:43:00-07:00,22.88222826614765,22.0,1.2,81.19596154301723,153.29120450293962,943.2248725183778,144.58807682547382,136.9318415207935,False
2021-08-20 06:44:00-07:00,21.171093189768897,22.1,1.0,79.94947782615539,150.93550657543355,942.0544076798061,142.18945924477154,134.560459712076,False
2021-08-20 06:45:00-07:00,19.31776250863235,22.1,0.9,78.79632071351739,148.7625732213764,941.4601075468584,140.05402818394444,132.4461670526186,False
2021-08-20 06:46:00-07:00,17.27648680355386,22.2,0.7,78.68654072208155,148.54761190537548,940.7925595755057,139.75248802328707,132.1514531807416,False
2021-08-20 06:47:00-07:00,14.97052569328042,22.2,0.7,80.68480059075402,152.36834210942436,941.3311142380004,143.42906125246128,135.79482584535964,False
2021-08-20 06:48:00-07:00,12.251259305741723,22.3,0.6,87.07161434265308,164.4472852327936,943.0958872045902,155.0895583650078,147.34746881110632,False
2021-08-20 06:49:00-07:00,8.7410231507997,22.3,0.7,129.35652817026946,244.5486650414932,952.8181013842092,233.01039472087845,224.47799740361285,False
2021-08-20 06:50:00-07:00,2.141552645365874,22.3,0.5,154.44474776918395,292.11402373295516,955.2837807382529,279.05178899828115,270.01075859621335,False
2021-08-20 06:51:00-07:00,1.987029358865032,22.3,0.7,536.8059662136991,1018.4995049430603,925.1307103395816,942.2451704884857,921.6540578323352,False
2021-08-20 06:52:00-07:00,1.83265947813192,22.4,0.9,624.7164797251983,1185.6006319497453,912.2116528577624,1081.5187121000847,1057.507566648392,False
2021-08-20 06:53:00-07:00,1.6784447764552648,22.5,0.6,294.44309915274334,557.9332947607804,952.4379939305861,531.3968680090402,518.9042288540546,False
2021-08-20 06:54:00-07:00,1.5243870303158578,22.5,0.7,933.0970655754618,1769.5534652731433,857.1206327756965,1516.720785885343,1480.0934736179174,False
2021-08-20 06:55:00-07:00,1.3704880197395057,22.6,0.4,934.9634360538855,1773.3091274753458,853.4124544194267,1513.3640949231067,1476.9485631787866,False
2021-08-20 06:56:00-07:00,1.2167495286401062,22.7,0.5,941.2671021312567,1785.8014412652494,852.4070969051736,1522.229822197986,1485.521803088854,False
2021-08-20 06:57:00-07:00,1.0631733437290836,22.8,0.5,940.180839981348,1783.8245207660275,852.090778404633,1519.980424436796,1483.3609162622822,False
2021-08-20 06:58:00-07:00,0.9097612563009921,22.9,0.6,941.9223955247217,1786.8664489804803,852.3327371913925,1523.0047714549967,1486.270785599766,False
2021-08-20 06:59:00-07:00,0.7565149584353644,23.0,1.4,944.5390651380981,1790.6388023544998,859.1378249223219,1538.4055258763565,1500.9454651369674,False
2021-08-20 07:00:00-07:00,0.6034364542784753,23.0,0.9,946.801254890672,1795.788405872673,853.8486085295781,1533.3314315679313,1496.1877018487094,False
2021-08-20 07:01:00-07:00,0.45052744381572096,23.0,1.6,945.8673583459533,1793.4984983836146,860.470405282328,1543.2523797773954,1505.5824755670342,False
2021-08-20 07:02:00-07:00,0.29778973294984795,23.0,1.9,942.9102027881339,1787.1822673287259,863.8926059629886,1543.9335462534555,1506.152675973212,False
2021-08-20 07:03:00-07:00,0.1452251324477969,23.0,2.1,946.3380840977267,1793.4807015039617,865.0536387973498,1551.4570069488254,1513.3714589104316,False
2021-08-20 07:04:00-07:00,0.007164543082939172,23.0,2.7,705.5710131207056,1338.173598014589,908.1739046233113,1215.2943415727348,1187.4923625895315,False
2021-08-20 07:05:00-07:00,0.15937747512703823,22.9,3.9,209.8647392227258,397.1197362951893,960.7751348878988,381.5427682056573,371.1988770675712,False
2021-08-20 07:06:00-07:00,0.3114118403781868,22.8,4.1,749.7261508108977,1420.4117364389192,911.6435291751478,1294.9091682889764,1264.5544876426545,False
2021-08-20 07:07:00-07:00,0.463265812345937,22.8,3.4,808.8460064108901,1533.0719449206754,898.193167290731,1376.9947458928623,1344.2441494323903,False
2021-08-20 07:08:00-07:00,0.6149375593570374,22.9,3.7,947.4501738737238,1794.3071011052693,878.4684782877794,1576.242228688903,1536.8965189811424,False
2021-08-20 07:09:00-07:00,0.7664252456551031,23.0,3.3,945.7331702388833,1791.3929283251264,875.1237631852298,1567.6905207792934,1528.7494452448013,False
2021-08-20 07:10:00-07:00,0.9177271324786715,23.0,3.6,954.5194234103552,1807.5402121085738,876.1707068452151,1583.713785294319,1544.1471358904948,False
2021-08-20 07:11:00-07:00,1.0688411720058,23.1,2.6,953.569397288235,1806.801800946489,867.5876356355718,1567.5589025452575,1528.815130676576,False
2021-08-20 07:12:00-07:00,1.2197656171800597,23.1,3.2,951.998100183107,1803.2691490589664,872.8367358790418,1573.9595579760057,1534.8435459711372,False
2021-08-20 07:13:00-07:00,1.370498614006085,23.2,3.7,950.4391211859886,1799.9458448994133,876.5537163828034,1577.7492196343658,1538.3962762425206,False
2021-08-20 07:14:00-07:00,1.5210383041515325,23.2,3.0,956.9061728460222,1812.5904352594293,869.9709553747416,1576.9010326657647,1537.7488483356067,False
2021-08-20 07:15:00-07:00,1.6713828245936548,23.3,3.5,957.1023676659514,1812.9669175301835,873.298448962397,1583.261197099247,1543.78557150518,False
2021-08-20 07:16:00-07:00,1.821530307313667,23.3,3.9,952.6791240068653,1804.0250885265204,877.2551153244834,1582.590237083594,1543.0378156068605,False
2021-08-20 07:17:00-07:00,1.9714788803298045,23.3,4.4,952.2460048843094,1802.6576866275618,881.15991728212,1588.42969803672,1548.5567842611956,False
2021-08-20 07:18:00-07:00,2.121226665998578,23.4,3.4,954.6199966891286,1808.391940816568,872.410319345933,1577.6597905903939,1538.4166285192525,False
2021-08-20 07:19:00-07:00,2.2707717820604962,23.4,2.8,957.2289556810412,1813.373097911593,867.2930059106463,1572.7258049252466,1533.7977747717944,False
2021-08-20 07:20:00-07:00,2.420112341320501,23.5,2.0,958.4996466245245,1817.1506349209028,859.3676936805864,1561.6005502021894,1523.286429331301,False
2021-08-20 07:21:00-07:00,2.569246551255663,23.5,1.8,962.1715725163228,1824.0336924222208,857.0385644409421,1563.2672172454509,1524.9510478592254,False
2021-08-20 07:22:00-07:00,2.71817231518368,23.6,2.2,965.5002354921296,1829.9129900272658,859.5784110284643,1572.9537002879833,1534.214876775105,False
2021-08-20 07:23:00-07:00,2.8668878305906453,23.6,1.6,967.1869667228386,1833.8456976179848,853.7642980365471,1565.6719847341608,1527.3507784389046,False
2021-08-20 07:24:00-07:00,3.0153911900284864,23.8,1.6,968.6717479787213,1836.6558128097824,852.5328119453122,1565.809344670427,1527.5145105874383,False
2021-08-20 07:25:00-07:00,3.1636804808632335,23.8,1.2,969.9292734301616,1839.2503176869845,848.6114959140587,1560.8089634527594,1522.7976318976869,False
2021-08-20 07:26:00-07:00,3.3117537849519247,23.9,0.4,969.4765159595445,1839.6564250789058,840.1011742293367,1545.497522887333,1508.2591310914668,False
2021-08-20 07:27:00-07:00,3.459609179702889,24.1,0.5,971.0972496632237,1842.3016199990875,839.9859300155454,1547.5074396440798,1510.1992041030692,False
2021-08-20 07:28:00-07:00,3.60724473636843,24.2,1.0,969.7502920439729,1839.4007698554694,844.646701928814,1553.6437937837436,1515.9948284348038,False
2021-08-20 07:29:00-07:00,3.7546585211016152,24.2,0.9,969.1317252669248,1838.4746455267689,843.7185497282987,1551.1551616360935,1513.6202417131735,False
2021-08-20 07:30:00-07:00,3.9018485946429338,24.4,1.0,967.9239898251976,1836.0093490022716,843.9880163180939,1549.5698884059022,1512.0857574657257,False
2021-08-20 07:31:00-07:00,4.048813011995277,24.5,0.6,967.6210033450329,1836.2129211949757,839.4442896317564,1541.3984512451686,1504.3246941555203,False
2021-08-20 07:32:00-07:00,4.195549921799286,24.4,2.0,967.7679036277359,1834.645428909992,853.420182059536,1565.723435955061,1527.409117239881,False
2021-08-20 07:33:00-07:00,4.342057171206389,24.1,1.8,965.311318506501,1830.0261933248794,853.5634775855191,1562.0435216469734,1523.8608585676143,False
2021-08-20 07:34:00-07:00,4.488332897322042,23.9,1.8,963.1825697413767,1826.1553051134235,854.8328967839777,1561.0576294475368,1522.8788695185597,False
2021-08-20 07:35:00-07:00,4.634375133144485,23.9,1.3,963.5142855114099,1827.3799734282445,850.0818018291878,1553.4224604384556,1515.6438750950122,False
2021-08-20 07:36:00-07:00,4.780181905726364,24.0,1.4,964.6247725052363,1829.370744720727,850.3460632451448,1555.5982109891092,1517.7334637492534,False
2021-08-20 07:37:00-07:00,4.925751237220699,23.9,2.3,965.187985823573,1829.1577718952408,859.1023449783047,1571.4337311704924,1532.7633943181042,False
2021-08-20 07:38:00-07:00,5.071081143477447,23.6,2.6,965.7369183804349,1830.3780004981686,862.8424674850937,1579.3278703802719,1540.2684583541593,False
2021-08-20 07:39:00-07:00,5.216169634017923,23.5,2.3,967.6229927664488,1833.9301163467596,860.5291765775054,1578.1503729205658,1539.194264340033,False
2021-08-20 07:40:00-07:00,5.36101471334018,23.5,2.1,969.9508373513955,1838.3226100613906,858.4407767644744,1578.0910893247967,1539.1908747762297,False
2021-08-20 07:41:00-07:00,5.50561437953656,23.6,1.6,974.1404172233913,1846.4908510849916,852.75111800066,1574.5971376407167,1535.9725548883503,False
2021-08-20 07:42:00-07:00,5.649966625598913,23.7,1.3,977.2672639781872,1853.0854762179508,848.687132219142,1572.6897985683559,1534.2398802082148,False
2021-08-20 07:43:00-07:00,5.794069437764594,23.8,1.5,980.6229219441019,1859.1298302373452,849.5479548035497,1579.4199449924072,1540.6992086718274,False
2021-08-20 07:44:00-07:00,5.937920892951667,23.9,1.3,982.6572970671493,1863.522216921479,846.6273659927373,1577.7089059811778,1539.1265988496039,False
2021-08-20 07:45:00-07:00,6.081518772749056,24.1,0.7,983.3505209059458,1865.130089979039,839.757254133317,1566.2565229622242,1528.271451699685,False
2021-08-20 07:46:00-07:00,6.224861141918655,24.3,0.8,983.3603563500808,1865.142474590117,839.7498294511911,1566.2530749392233,1528.2683195131451,False
2021-08-20 07:47:00-07:00,6.367945963389976,24.5,1.5,983.711042450912,1865.2693835265907,845.4732666300924,1577.0353988353254,1538.5076382862953,False
2021-08-20 07:48:00-07:00,6.510771193187226,24.4,1.5,986.1566110166598,1870.2494209688964,845.3532857112215,1581.021493115566,1542.3495041929768,False
2021-08-20 07:49:00-07:00,6.653334781461038,24.4,1.5,987.6436996277495,1872.6768251191245,845.2580334617168,1582.8951305095222,1544.1562413366787,False
2021-08-20 07:50:00-07:00,6.795634672186196,24.5,1.3,989.0091431214003,1875.1749757410266,842.7295899516633,1580.2654383938557,1541.6889960940243,False
2021-08-20 07:51:00-07:00,6.937668802876179,24.6,1.3,991.7048993009606,1880.629311501923,841.5931181701385,1582.724686389064,1544.0866532430794,False
2021-08-20 07:52:00-07:00,7.079435105610928,24.6,1.1,993.1123858808091,1883.6795018913558,839.2901731594038,1580.9536953192155,1542.4404614493067,False
2021-08-20 07:53:00-07:00,7.220931505420161,24.6,1.6,994.2759122634099,1885.5267481852848,843.8637467118122,1591.127666248974,1552.1193270379163,False
2021-08-20 07:54:00-07:00,7.3621559213143,24.5,2.2,997.1635265358736,1889.8851672357844,849.6612990818608,1605.7622863090962,1566.055873506361,False
2021-08-20 07:55:00-07:00,7.503106360425671,24.5,1.8,996.1507295074633,1888.294816882749,846.1625168412766,1597.8042947918443,1558.4873750655065,False
2021-08-20 07:56:00-07:00,7.643780539824161,24.5,2.8,995.3386091097357,1885.7193530001923,855.3969628050767,1613.0386072591186,1572.9075162764123,False
2021-08-20 07:57:00-07:00,7.784176454662422,24.4,2.4,995.564400664314,1886.9353260975934,852.1148508575797,1607.885613975549,1568.035100691677,False
2021-08-20 07:58:00-07:00,7.924291998315749,24.2,2.8,995.5395610237833,1886.1669273678538,856.7775191376032,1616.0254207096257,1575.7449352135745,False
2021-08-20 07:59:00-07:00,8.06412505802642,24.0,2.8,995.0461831650167,1884.973366833343,857.9433872508346,1617.2004352186082,1576.8446938802188,False
2021-08-20 08:00:00-07:00,8.203673514606633,23.8,2.4,996.950063657867,1889.1454287652678,854.9509273330383,1615.126636189836,1574.9282518450475,False
2021-08-20 08:01:00-07:00,8.342935242179463,23.9,2.1,1000.2741250263289,1895.82618397979,851.1062473666299,1613.549509106437,1573.5118360462448,False
2021-08-20 08:02:00-07:00,8.481908109184253,24.2,1.8,1002.6162614296059,1900.7409317912225,846.3542134471469,1608.7000962929574,1568.9698463271045,False
2021-08-20 08:03:00-07:00,8.620589976805103,24.2,2.7,1003.862610967719,1901.9867730236924,854.4783907779572,1625.2065970942444,1584.6380207839047,False
2021-08-20 08:04:00-07:00,8.758978699997035,24.3,2.3,1004.5085316106794,1903.4502641983674,850.3516064254843,1618.6019899120943,1578.3931265629342,False
2021-08-20 08:05:00-07:00,8.897072127206394,24.2,2.5,1004.4551454667582,1903.5161835090194,852.4941245988391,1622.7363625202445,1582.31417806174,False
2021-08-20 08:06:00-07:00,9.034868192407334,24.1,2.1,1005.4360937710234,1905.4182502630752,849.3041105434501,1618.279552252938,1578.1105022522845,False
2021-08-20 08:07:00-07:00,9.172364546695981,24.1,1.8,1007.0425135641137,1908.6489818449718,846.2473319533055,1615.1891085217003,1575.2173086518783,False
2021-08-20 08:08:00-07:00,9.309559111167331,24.1,2.2,1009.5535600871281,1913.0021287445813,849.5480370625877,1625.1872033715108,1584.7498379991055,False
2021-08-20 08:09:00-07:00,9.446449708112135,24.2,1.9,1010.7276723408078,1915.6284163143237,846.0027084721999,1620.6268286282288,1580.45604738901,False
2021-08-20 08:10:00-07:00,9.583034153258957,24.2,2.3,1010.2857188589801,1914.366638099347,849.8232366218431,1626.8732524704635,1586.3645231022342,False
2021-08-20 08:11:00-07:00,9.719310255506242,24.3,1.9,1010.7661611824847,1915.4776078163518,845.6115834690771,1619.7500530451453,1579.622753662973,False
2021-08-20 08:12:00-07:00,9.855275817935956,24.5,1.6,1011.7757041582138,1918.3775257687375,841.2871270402363,1613.906317232538,1574.1133021801768,False
2021-08-20 08:13:00-07:00,9.99092863628393,24.6,1.7,1013.0637714047227,1920.664898440409,841.5575339803152,1616.3500155340632,1576.4578908734559,False
2021-08-20 08:14:00-07:00,10.126266499945043,24.6,1.6,1014.239045701928,1922.6552429585504,840.5229808884454,1616.035916032319,1576.1828610199736,False
2021-08-20 08:15:00-07:00,10.26128719172907,24.7,2.1,1014.0599644367469,1922.0724195853518,844.7265726501558,1623.6256473817264,1583.3750652822682,False
2021-08-20 08:16:00-07:00,10.395988487595856,24.7,2.3,1013.9052009073068,1921.3019437587063,846.7342981756424,1626.832252932026,1586.4069178092482,False
2021-08-20 08:17:00-07:00,10.530368247666189,24.6,1.4,1017.0139664074818,1928.4209618094162,837.918753656781,1615.860088844957,1576.0822143984562,False
2021-08-20 08:18:00-07:00,10.664424054486846,24.8,0.9,1018.781611645349,1932.0518971850504,831.679900259597,1606.8487291472281,1567.5722633710461,False
2021-08-20 08:19:00-07:00,10.798153754707123,24.9,0.7,1020.5085848615969,1935.8135494996545,828.6721124862024,1604.1547034432926,1565.0573504598594,False
2021-08-20 08:20:00-07:00,10.931555098173202,25.1,0.9,1018.9131422302827,1932.3994266053144,830.1599406170662,1604.200593239121,1565.0626247220455,False
2021-08-20 08:21:00-07:00,11.064625827895211,25.3,1.5,1017.621776600834,1929.5981738185385,835.3515444073785,1611.8928145849734,1572.331396413291,False
2021-08-20 08:22:00-07:00,11.197363681054254,25.3,1.8,1019.7615013054287,1933.026356766602,838.0161638866565,1619.9073321893472,1579.9745200357438,False
2021-08-20 08:23:00-07:00,11.329766387518157,25.2,2.0,1021.1846902888326,1935.573276961356,840.1314037148325,1626.135894166462,1585.9118855218028,False
2021-08-20 08:24:00-07:00,11.46183167084263,25.1,1.7,1021.1088395055942,1936.041550396772,837.6143918991137,1621.6562659270096,1581.6681184865197,False
2021-08-20 08:25:00-07:00,11.593557248036838,25.2,2.1,1020.3903248490063,1934.193194185882,841.1220904722799,1626.8926228708854,1586.6137085326093,False
2021-08-20 08:26:00-07:00,11.724940829334496,25.2,2.2,1020.0081873243485,1933.166254059875,842.2168284844363,1628.145151427446,1587.789735226731,False
2021-08-20 08:27:00-07:00,11.855980119173095,25.2,1.6,1022.011251458549,1937.3539865733453,836.2059762990788,1620.0269817794765,1580.1374401173957,False
2021-08-20 08:28:00-07:00,11.986672814755295,25.3,2.2,1022.25278648303,1937.4007205755352,841.3406518239545,1630.0139850932198,1589.6109120391866,False
2021-08-20 08:29:00-07:00,12.117016694329585,25.4,2.0,1021.9375982047444,1937.165690253416,838.9571742241495,1625.1990534989802,1585.0415870347674,False
2021-08-20 08:30:00-07:00,12.247009267569073,25.3,2.0,1020.6902583599751,1934.5515745733298,839.774041966072,1624.5861951712743,1584.4302814520345,False
2021-08-20 08:31:00-07:00,12.376648299796198,25.4,2.1,1020.7982412518243,1934.91770533514,840.1035876367207,1625.5313060338626,1585.3309162179687,False
2021-08-20 08:32:00-07:00,12.505931463102543,25.5,1.9,1019.8921804233831,1933.214310292625,837.9666802158218,1619.9691777416308,1580.0353405921412,False
2021-08-20 08:33:00-07:00,12.634856422452518,25.4,1.9,1018.779656970305,1931.6327255801625,838.4233813045529,1619.5260412194496,1579.5968537628307,False
2021-08-20 08:34:00-07:00,12.763420836672555,25.3,2.1,1020.6985414911775,1934.4733461117396,840.7155107610433,1626.3417472299557,1586.0944711745763,False
2021-08-20 08:35:00-07:00,12.891622358240458,25.3,2.1,1021.7302688384907,1936.648748645718,840.4346751878096,1627.626762020942,1587.3382542379459,False
2021-08-20 08:36:00-07:00,13.019458633068377,25.2,2.1,1022.5727109425043,1938.2344422960525,840.7711513134758,1629.6116035646849,1589.238917829848,False
2021-08-20 08:37:00-07:00,13.146927301492193,25.3,2.4,1022.5130834966321,1937.8131374844531,843.1022483614273,1633.7746131174545,1593.1817865841408,False
2021-08-20 08:38:00-07:00,13.274025996868389,25.3,1.8,1024.6993982418494,1942.3369177196569,837.1362631977072,1626.0006691707858,1585.8611175870606,False
2021-08-20 08:39:00-07:00,13.400752346571773,25.3,0.7,1025.1952399368176,1944.5828244486183,825.8816670854609,1605.995304841379,1566.9024766981706,False
2021-08-20 08:40:00-07:00,13.527104056381535,25.3,2.0,1023.2292115666883,1939.4792412598126,839.2653252729923,1627.737676276133,1587.4759718760642,False
2021-08-20 08:41:00-07:00,13.65307857163356,25.3,1.8,1024.3252742251263,1941.7317922875611,837.1598065237199,1625.5398115524106,1585.4170562168918,False
2021-08-20 08:42:00-07:00,13.778673586560066,25.3,1.5,1025.3314097813086,1943.691783950063,834.1489892162239,1621.3285369298244,1581.444296641735,False
2021-08-20 08:43:00-07:00,13.903886703767,25.3,1.1,1025.807071506596,1945.3051687270436,829.9134099088309,1614.4348458915345,1574.921160719933,False
2021-08-20 08:44:00-07:00,14.028715520061207,25.5,1.7,1024.9654095581238,1943.5238312349288,834.8996612327776,1622.647388295872,1582.6936164843064,False
2021-08-20 08:45:00-07:00,14.153157626268488,25.5,2.0,1026.8763587663263,1946.259587852796,837.6958194640129,1630.37352033604,1590.053599750112,False
2021-08-20 08:46:00-07:00,14.277210607271726,25.5,1.3,1028.2983041702494,1949.780260203416,830.5208691068736,1619.3331962715672,1579.6197978948937,False
2021-08-20 08:47:00-07:00,14.400872041842765,25.5,1.1,1029.356834779827,1951.8926036336798,828.3340720026806,1616.8191484798003,1577.2577356147244,False
2021-08-20 08:48:00-07:00,14.524139503598287,25.6,2.0,1029.5662972889104,1951.2045743215258,836.7908143389792,1632.7500646884507,1592.3640783005544,False
2021-08-20 08:49:00-07:00,14.647010559682014,25.5,2.1,1028.8401315988538,1949.8570742720099,838.3034838913976,1634.5719784525136,1594.0765596055105,False
2021-08-20 08:50:00-07:00,14.769482771737438,25.5,2.0,1026.6169967690546,1945.840080552604,837.7117957454972,1630.0531881132847,1589.7449838291504,False
2021-08-20 08:51:00-07:00,14.89155377745854,25.5,1.9,1024.0635136859573,1941.2862796618147,837.1380311135227,1625.1245739837873,1585.0180869371907,False
2021-08-20 08:52:00-07:00,15.013220963257696,25.7,1.8,1023.8244974977853,1940.8428348275966,835.290582568094,1621.1677421762543,1581.2594009074194,False
2021-08-20 08:53:00-07:00,15.134481956383722,25.9,2.1,1022.7840019342268,1938.656354176155,837.3402733546974,1623.3150415466826,1583.271545114034,False
2021-08-20 08:54:00-07:00,15.25533429592265,25.9,2.1,1022.1465448718818,1937.6241387075443,837.3789821733928,1622.5257291055207,1582.5110000803277,False
2021-08-20 08:55:00-07:00,15.375775515761205,26.0,2.3,1020.2203648081784,1934.2845523080325,838.8906033804545,1622.6531351951778,1582.5936369336935,False
2021-08-20 08:56:00-07:00,15.495803144433191,26.2,2.1,1020.2950215163446,1934.4600779325756,836.1116010667935,1617.42451296,1577.6354083425429,False
2021-08-20 08:57:00-07:00,15.615414704957256,26.3,1.8,1022.1424687113658,1938.0923718056129,832.5057254027772,1613.472995887621,1573.9271515755406,False
2021-08-20 08:58:00-07:00,15.734607715808082,26.2,2.6,1022.1948932083772,1937.4327132154772,840.4607917400115,1628.3362320920785,1588.0201446525255,False
2021-08-20 08:59:00-07:00,15.853379689645962,26.3,1.9,1023.1071149157556,1940.0812682183662,833.1804040889566,1616.4376950195938,1576.762902128208,False
2021-08-20 09:00:00-07:00,15.971728134291522,26.3,2.1,1022.0368152955248,1937.8725877874178,835.2673438148179,1618.641689052744,1578.829059482415,False
2021-08-20 09:01:00-07:00,16.089650552576746,26.2,2.4,1023.6832481764934,1940.6765645486055,838.2671267209695,1626.8053676588818,1586.6054179991143,False
2021-08-20 09:02:00-07:00,16.207144520854584,26.3,3.2,1022.663683977742,1937.6438495281182,845.2754668385711,1637.842809476766,1597.0370076416928,False
2021-08-20 09:03:00-07:00,16.324207375084704,26.4,2.6,1023.9422879993829,1940.6401644091784,839.232524499837,1628.6483443228938,1588.35301138641,False
2021-08-20 09:04:00-07:00,16.440836682345257,26.3,2.3,1022.4930352046368,1938.1179585836985,837.241067136465,1622.671947880963,1582.6553471624954,False
2021-08-20 09:05:00-07:00,16.557029926348427,26.3,1.9,1023.0353680950637,1939.9651940016017,833.1848524285375,1616.3496138807238,1576.6780104362738,False
2021-08-20 09:06:00-07:00,16.672784586248,26.2,2.4,1020.7877464369338,1935.1664818247907,838.7892888889874,1623.19691717162,1583.1195608599248,False
2021-08-20 09:07:00-07:00,16.788098136512968,26.2,2.6,1023.31441987139,1939.2486277582975,840.3965470201774,1629.7378505816907,1589.3703198780495,False
2021-08-20 09:08:00-07:00,16.902968047881465,26.3,1.6,1025.7785759973094,1945.2332865316753,829.871525289687,1614.293714538312,1574.786416245857,False
2021-08-20 09:09:00-07:00,17.017391786174667,26.5,2.4,1024.2168951812373,1941.3771583297485,836.8560832650704,1624.653284860106,1584.5720661516423,False
2021-08-20 09:10:00-07:00,17.131366813245652,26.6,3.8,1022.650824276753,1937.8321225488328,848.5941697924891,1644.4330412315437,1603.286312810217,False
2021-08-20 09:11:00-07:00,17.24489058687713,26.5,4.1,1022.0273848786886,1935.9409687877333,851.8354127411261,1649.103074189754,1607.6899096492639,False
2021-08-20 09:12:00-07:00,17.357960560667482,26.2,2.6,1025.2101854809798,1943.1396775884195,839.9348239191452,1632.1106829455339,1591.6653597352376,False
2021-08-20 09:13:00-07:00,17.47057418498402,26.2,2.7,1025.175780652933,1942.6632648158418,840.9845510981876,1633.7497936960901,1593.2142627700248,False
2021-08-20 09:14:00-07:00,17.582728980858857,26.4,3.5,1022.2405593556466,1937.0266255114605,847.2398952151298,1641.126235227246,1600.142464322901,False
2021-08-20 09:15:00-07:00,17.694422240421233,26.4,3.0,1021.6650264488749,1936.3666371062027,843.0275545037869,1632.4104307023636,1591.871491960714,False
2021-08-20 09:16:00-07:00,17.805651478050624,26.3,3.5,1019.3951504249479,1931.2939134495557,848.350063980208,1638.4133150395169,1597.503699275799,False
2021-08-20 09:17:00-07:00,17.91641412914904,26.2,3.7,1020.607427008831,1933.3816105053213,850.3232685919687,1643.9993704804895,1602.822998404956,False
2021-08-20 09:18:00-07:00,18.026707626439023,26.2,3.4,1022.1715102286306,1936.9823137631643,847.3664863895774,1641.3338974122464,1600.338793586182,False
2021-08-20 09:19:00-07:00,18.136529398858663,26.2,2.9,1021.9947783315936,1936.9578008452984,843.1075793998953,1633.0638028704236,1592.4978829733163,False
2021-08-20 09:20:00-07:00,18.245876872500535,26.1,2.3,1021.0312889718828,1935.3787185812698,838.4548891229875,1622.7277488990483,1582.676951925142,False
2021-08-20 09:21:00-07:00,18.354747470541177,26.0,2.6,1021.6139530344649,1936.426382430354,841.4878731225384,1629.47931800969,1589.092627172511,False
2021-08-20 09:22:00-07:00,18.463138613164585,26.1,2.7,1021.6272655691436,1936.6200963670763,841.7920378720163,1630.2313775047419,1589.8080670514457,False
2021-08-20 09:23:00-07:00,18.571047718500395,26.3,3.9,1021.2512724787615,1934.9151209203537,851.1753731669405,1646.9521000957377,1605.6394383802512,False
2021-08-20 09:24:00-07:00,18.678472201551408,26.3,3.6,1024.8174924388443,1941.7983751066358,848.145052735464,1646.9266852564558,1605.6962533449548,False
2021-08-20 09:25:00-07:00,18.785409546682647,26.2,4.4,1027.0867747315665,1945.0283772620828,854.9720019713296,1662.9448055988098,1620.9115723267432,False
2021-08-20 09:26:00-07:00,18.891857021043588,26.2,3.6,1022.5644836784112,1937.0278526751354,849.2240436746031,1644.9706257591117,1603.7863975451537,False
2021-08-20 09:27:00-07:00,18.997812104782714,26.5,3.2,1018.4752318751842,1930.3961706703478,844.7230912557658,1630.6502206369491,1590.1331613201933,False
2021-08-20 09:28:00-07:00,19.103272204804217,26.5,2.3,1021.5104843709347,1936.5839309704554,836.3070915760134,1619.5788749027447,1579.7035404711728,False
2021-08-20 09:29:00-07:00,19.20823472561313,26.4,3.5,1020.767395104732,1934.1256869456433,847.5354909109533,1639.2401635689605,1598.3206635840218,False
2021-08-20 09:30:00-07:00,19.312697070252007,26.3,3.8,1020.9246658135681,1934.0358315738563,850.5574296050502,1645.008545667525,1603.7871507313166,False
2021-08-20 09:31:00-07:00,19.416656640256793,26.4,3.3,1020.3541100862938,1933.2274428566714,846.0275679042431,1635.5637116857686,1594.8248389903451,False
2021-08-20 09:32:00-07:00,19.520110835622845,26.5,2.0,1025.0230130553348,1943.1536355784033,833.018523162282,1618.6829717869407,1578.9281054971611,False
2021-08-20 09:33:00-07:00,19.6230570557291,26.5,1.9,1025.4859408032,1944.2919033989458,831.908587595703,1617.4731312303784,1577.7929790701435,False
2021-08-20 09:34:00-07:00,19.725492698347647,26.5,1.3,1024.3637105934836,1942.462372290862,826.3518472029469,1605.1573694647725,1566.0834082050294,False
2021-08-20 09:35:00-07:00,19.82741516057714,26.7,2.7,1020.136549333884,1934.1960177242381,838.9791755969965,1622.7501803932746,1582.6846758646361,False
2021-08-20 09:36:00-07:00,19.92882190664454,26.5,1.6,1018.9970902437559,1932.5017709900653,830.0976785099274,1604.1652338151762,1565.0302101642574,False
2021-08-20 09:37:00-07:00,20.02971019622666,26.6,1.6,1019.1588660805965,1933.0393856488606,829.4844838091963,1603.4261769877908,1564.334696031328,False
2021-08-20 09:38:00-07:00,20.13007749338512,26.8,4.7,1020.2872505285677,1932.325572852589,855.3382724611848,1652.792017316303,1611.1423764765693,False
2021-08-20 09:39:00-07:00,20.22992119325824,26.7,4.5,1019.7316199261782,1931.7897853566678,854.1960986755246,1650.1272981128946,1608.6112594421104,False
2021-08-20 09:40:00-07:00,20.329238691166715,26.5,3.8,1021.0774203673234,1934.669496419196,849.416707627947,1643.340593996612,1602.2137624754866,False
2021-08-20 09:41:00-07:00,20.42802738260661,26.3,2.9,1022.4621584959883,1937.4982817186958,842.693728208833,1632.717650419736,1592.1759040908837,False
2021-08-20 09:42:00-07:00,20.526284663246177,26.3,0.8,1023.5550001989232,1941.4229721158536,822.3700333677485,1596.5680743598277,1557.9165211775523,False
2021-08-20 09:43:00-07:00,20.62400792984545,26.5,0.9,1023.843130832088,1941.8976407412856,822.3688035350216,1596.9560394038922,1558.2901785950894,False
2021-08-20 09:44:00-07:00,20.72119457934479,26.9,0.8,1024.8265596749354,1944.202912102558,819.0584736723025,1592.415869695967,1554.003599045558,False
2021-08-20 09:45:00-07:00,20.817842009789636,27.0,0.7,1027.3116785037064,1948.7935286172337,817.1414553631439,1592.4399801765635,1554.0766159227169,False
2021-08-20 09:46:00-07:00,20.913947620339716,27.1,2.4,1025.2946196142736,1943.9140356283513,833.5502831586923,1620.3500948341684,1580.5184992732688,False
2021-08-20 09:47:00-07:00,21.009508875185514,27.3,3.0,1018.7782818582714,1931.0162445788346,839.1231570307582,1620.3604474286706,1580.3813312472141,False
2021-08-20 09:48:00-07:00,21.10452304849751,27.3,3.4,1018.246184451825,1929.8344642294328,842.5925732178798,1626.0641870996262,1585.777702726558,False
2021-08-20 09:49:00-07:00,21.198987608051194,27.2,4.1,1019.262043559818,1931.2503212468823,848.6716974626271,1638.9974883578357,1598.0569462486715,False
2021-08-20 09:50:00-07:00,21.292899959450953,26.9,2.4,1020.9573111605299,1936.0162420879697,835.1463110986174,1616.8568228067757,1577.11449659247,False
2021-08-20 09:51:00-07:00,21.38625751042142,26.9,2.0,1018.7584892348268,1932.1148881924948,831.8538471099669,1607.2372028013704,1567.9416813949022,False
2021-08-20 09:52:00-07:00,21.47905767084621,26.9,2.1,1013.583898085737,1922.0237234595863,833.8046991986996,1602.5924125919848,1563.4190937826345,False
2021-08-20 09:53:00-07:00,21.57129785366685,27.0,2.6,1012.0801368712663,1918.748231600828,838.1534784611842,1608.2055046074797,1568.7087202960577,False
2021-08-20 09:54:00-07:00,21.66297547406333,26.8,2.6,1013.2859178736765,1921.1458553015352,838.8608358103797,1611.5740178918925,1571.932391605939,False
2021-08-20 09:55:00-07:00,21.75408795036192,26.8,2.0,1012.1444448884913,1919.4999920878722,833.5615084569512,1600.0213088878725,1560.9500728978971,False
2021-08-20 09:56:00-07:00,21.844632704080226,27.1,4.0,1008.9437070276393,1911.665791765645,850.0858526452629,1625.08004456588,1584.6325169252464,False
2021-08-20 09:57:00-07:00,21.934607159984612,27.1,4.1,1007.4548235449448,1908.762948867233,851.1306472011089,1624.6066440228653,1584.1494586224392,False
2021-08-20 09:58:00-07:00,22.02400874697941,26.8,3.9,1008.001529921288,1910.417916853749,850.6765932758365,1625.1478052422672,1584.6820698453619,False
2021-08-20 09:59:00-07:00,22.11283495670465,26.8,3.7,1008.3708793794548,1910.8391715874664,849.1799630929138,1622.6463372051385,1582.3151445086878,False
2021-08-20 10:00:00-07:00,22.201083106558876,27.0,4.0,1009.6359861786032,1913.0072917213806,850.4416886754523,1626.9011516199844,1586.3749771730957,False
2021-08-20 10:01:00-07:00,22.288750697156733,27.2,4.5,1012.8941221347269,1918.7556503196265,852.9189991152671,1636.5431488173792,1595.5832700751303,False
2021-08-20 10:02:00-07:00,22.37583517375329,26.9,4.6,1010.349823441847,1914.2334179073796,855.376729441875,1637.3907203979566,1596.3328800532481,False
2021-08-20 10:03:00-07:00,22.462333986884786,27.0,4.2,1011.6045005423733,1916.8899594212107,851.5814844835018,1632.387997235434,1591.6225252096851,False
2021-08-20 10:04:00-07:00,22.548244591795864,27.0,4.1,1011.8273696770714,1917.4192336637375,850.7358191626909,1631.217222429219,1590.518882157108,False
2021-08-20 10:05:00-07:00,22.633564448691452,26.9,4.7,1012.4194996842964,1917.938258479248,855.877327432096,1641.519870846987,1600.2901980057813,False
2021-08-20 10:06:00-07:00,22.718291023775024,26.7,4.2,1009.8732628286771,1913.0800007485086,853.5438085647718,1632.8975899279783,1592.0604957453934,False
2021-08-20 10:07:00-07:00,22.802421788699355,26.4,4.7,1008.5980462376094,1910.6038626345735,858.9322334990596,1641.0792430646452,1599.784897514867,False
2021-08-20 10:08:00-07:00,22.88595422159804,26.4,3.9,1012.1091726373207,1917.1675057562045,852.3888898375805,1634.1722818642143,1593.3171935169546,False
2021-08-20 10:09:00-07:00,22.968885806397758,26.5,3.2,1016.9789528555667,1927.150939580447,845.1571728808226,1628.7454398104317,1588.2892500379216,False
2021-08-20 10:10:00-07:00,23.051214088701656,26.6,2.8,1019.3412605303554,1932.199314421423,840.6684313854753,1624.3389667787487,1584.1687351761145,False
2021-08-20 10:11:00-07:00,23.13293645545956,26.9,2.9,1018.824374802741,1931.0863378651427,840.2143671435541,1622.5264852689243,1582.43677866354,False
2021-08-20 10:12:00-07:00,23.214050466323524,26.8,4.4,1020.7757910912147,1933.4579799330857,852.9323191239339,1649.1087987530034,1607.6659667983172,False
2021-08-20 10:13:00-07:00,23.294553633269246,26.7,4.2,1022.0735655550444,1935.9306343191304,851.6765082877753,1648.7866429242547,1607.38993121927,False
2021-08-20 10:14:00-07:00,23.374443475363147,26.8,3.5,1025.5817171025792,1943.2250980578508,844.8051784759855,1641.6466257837772,1600.7080166697617,False
2021-08-20 10:15:00-07:00,23.453717519628224,26.8,2.1,1025.3651313861196,1944.2706202925415,832.2119375836874,1618.0452201006938,1578.335587868385,False
2021-08-20 10:16:00-07:00,23.53237330115635,26.9,3.4,1022.7914325237805,1938.101118787393,843.9079053353995,1635.5788554840633,1594.8958643906872,False
2021-08-20 10:17:00-07:00,23.61040836323024,26.8,3.7,1020.9958381278441,1934.854003043026,847.0420463832708,1638.9026941904278,1598.0092680483485,False
2021-08-20 10:18:00-07:00,23.687820258168575,26.9,4.1,1023.4018856364321,1938.644071034691,849.6385756869622,1647.146787277889,1605.8678473096645,False
2021-08-20 10:19:00-07:00,23.764606546727247,26.6,3.1,1023.4814602229058,1940.074843960443,842.4722136978463,1634.4591485308583,1593.8570350970888,False
2021-08-20 10:20:00-07:00,23.840764798949472,26.7,3.1,1026.2868738752943,1944.9172457880397,841.7140115354057,1637.0640970566433,1596.382972481354,False
2021-08-20 10:21:00-07:00,23.916292644730056,26.7,2.6,1028.4578173113075,1949.4303227464968,836.8890474367395,1631.4568858476116,1591.1173320375399,False
2021-08-20 10:22:00-07:00,23.99118757178247,27.1,3.2,1022.6626866532833,1938.5286053132695,841.027211661027,1630.3553076517587,1589.9476026066175,False
2021-08-20 10:23:00-07:00,24.06544723035745,27.2,4.8,1017.802459468776,1927.7434320320758,854.4840109737596,1647.2259399310892,1605.814024022739,False
2021-08-20 10:24:00-07:00,24.139069229671197,27.0,4.1,1016.8527055149436,1926.4349619562943,850.1398777021311,1637.7391829586334,1596.8076140257135,False
2021-08-20 10:25:00-07:00,24.212051189600768,26.9,4.5,1020.2161424532417,1932.661575043856,853.1754219223702,1648.8993547211944,1607.458068459552,False
2021-08-20 10:26:00-07:00,24.284390740823447,26.7,3.0,1018.5885232784981,1930.710514414873,842.0318520690338,1625.7197502619124,1585.461164439953,False
2021-08-20 10:27:00-07:00,24.356085524966183,26.8,3.3,1017.1549231442436,1927.9659071471797,844.2889165717755,1627.7602469326127,1587.3644916347744,False
2021-08-20 10:28:00-07:00,24.42713319541892,26.7,3.6,1017.3515345344005,1927.4638978946314,847.5472306388683,1633.6166888169932,1592.9116172866884,False
2021-08-20 10:29:00-07:00,24.497531416819974,26.8,3.4,1021.9743640105139,1936.9893599199454,844.3385841043255,1635.4748535799506,1594.784354787228,False
2021-08-20 10:30:00-07:00,24.567277865874274,27.0,2.6,1025.5461808004857,1944.040005897715,835.8946671975734,1625.0126737486391,1584.9433332117512,False
2021-08-20 10:31:00-07:00,24.636370231504443,27.0,2.4,1023.4125327443508,1940.5864612497787,834.2643852543018,1618.9621711273678,1579.1639423339777,False
2021-08-20 10:32:00-07:00,24.70480626068332,27.2,4.0,1021.4431091893346,1935.2740624181006,847.5872447963627,1640.313610490822,1599.3516621748886,False
2021-08-20 10:33:00-07:00,24.772583576100935,27.3,3.7,1021.0665198007297,1934.7006910031362,844.7426702137274,1634.3242277823329,1593.6668166106308,False
2021-08-20 10:34:00-07:00,24.83969995104337,27.2,2.8,1019.499894973093,1932.448403283649,837.7627801731884,1618.9333468761486,1579.0439185504194,False
2021-08-20 10:35:00-07:00,24.906153126182236,27.3,2.2,1021.0910861128351,1936.641776187819,831.2533574780388,1609.839978688357,1570.4629830584292,False
2021-08-20 10:36:00-07:00,24.971940855848956,27.4,2.1,1018.6822631826847,1932.0963360246012,830.2946060848399,1604.209166237509,1565.067356957966,False
2021-08-20 10:37:00-07:00,25.037060908204836,27.6,3.5,1018.3076912391015,1930.147252544823,841.8575033999246,1624.9089472216085,1584.6856789806932,False
2021-08-20 10:38:00-07:00,25.101511066015373,27.6,4.4,1018.706271559258,1930.5006432063901,848.9855934506968,1638.9672342295291,1598.0194728185622,False
2021-08-20 10:39:00-07:00,25.165289126213885,27.4,2.9,1020.942560239125,1935.5501298807546,837.2367601837187,1620.513719914539,1580.578626968445,False
2021-08-20 10:40:00-07:00,25.22839290068157,27.6,2.9,1030.0445894897107,1952.5069177255987,834.8213303357863,1629.9944225455101,1589.7652019298653,False
2021-08-20 10:41:00-07:00,25.290820216413106,27.7,4.7,1029.1787112559548,1949.6935329968678,849.3549827715416,1655.981917128341,1614.370156635686,False
2021-08-20 10:42:00-07:00,25.35256891570062,27.2,5.2,1029.8707893091853,1950.0489144564888,855.7213793914174,1668.6985469594429,1626.4210366406385,False
2021-08-20 10:43:00-07:00,25.41363685687875,27.1,5.0,1039.5865073619054,1968.441047721505,853.2301060417724,1679.5331638843973,1636.9000772452448,False
2021-08-20 10:44:00-07:00,25.474021954194964,26.9,4.1,1056.9637763714964,2001.8295648312903,844.2844145840988,1690.1135022407275,1647.3108439393566,False
2021-08-20 10:45:00-07:00,25.533722017047555,27.0,4.2,1067.7411932576806,2022.1458104606938,842.8623757931688,1704.3906220051035,1661.064893897213,False
2021-08-20 10:46:00-07:00,25.59273499312151,26.9,4.4,965.7319283745941,1829.994243816456,860.8715414339232,1575.389965489479,1536.5276168446335,False
2021-08-20 10:47:00-07:00,25.651058806143062,26.9,4.2,1063.7910175443797,2014.6187564921472,844.0156057307021,1700.3696700771536,1657.1707833881803,False
2021-08-20 10:48:00-07:00,25.708691397322884,27.2,2.4,1062.8671641110957,2014.3147467693736,826.7093137866469,1665.2527620520325,1623.896164924898,False
2021-08-20 10:49:00-07:00,25.76563072500011,27.8,3.4,1055.0879398862644,1999.423069938327,834.0238350318195,1667.5664966410575,1625.9221876795855,False
2021-08-20 10:50:00-07:00,25.82187476536877,27.6,4.4,1053.1683159513623,1994.3672335689496,844.0137554960648,1683.2733786428269,1640.7461384549035,False
2021-08-20 10:51:00-07:00,25.877421512654596,27.1,2.8,1057.5627708246004,2004.2235476545438,831.7529771683039,1667.0189026724875,1625.4573965301088,False
2021-08-20 10:52:00-07:00,25.932268979308137,27.0,2.2,1068.398940058885,2024.9678369790463,824.7588069325826,1670.1100573036906,1628.6195171539055,False
2021-08-20 10:53:00-07:00,25.986415196697717,27.4,3.4,1087.0294615393343,2058.4487573006536,831.0910172304937,1710.758271621846,1667.508339442682,False
2021-08-20 10:54:00-07:00,26.039858214785795,27.8,4.0,1103.9480908807318,2090.003302475185,831.6056437212346,1738.0585417343825,1693.7088390496453,False
2021-08-20 10:55:00-07:00,26.092596137956022,27.5,4.6,1121.443513354503,2122.2042382627305,835.4876066353655,1773.075339817558,1727.1986310269747,False
2021-08-20 10:56:00-07:00,26.14462698420552,27.4,3.5,1135.803272732158,2149.68583410658,823.9762070937105,1771.289980030219,1725.8182954476317,False
2021-08-20 10:57:00-07:00,26.195948897530823,27.3,2.8,1156.2010160670216,2188.6357162288678,814.1817857935534,1781.9473358907721,1736.3261521139257,False
2021-08-20 10:58:00-07:00,26.246560006655738,27.2,2.5,1154.05684090405,2184.416247747696,812.1774392498914,1774.13359435158,1728.8874976816683,False
2021-08-20 10:59:00-07:00,26.296458460343633,27.0,2.1,1105.1784525275016,2093.250144375584,817.6452939091653,1711.536129523377,1668.630379880045,False
2021-08-20 11:00:00-07:00,26.34564242806075,27.0,1.1,426.3501428338901,810.2082056546164,917.3045484619443,743.2076722481701,727.238358068314,False
2021-08-20 11:01:00-07:00,26.394110100160795,27.1,4.0,266.2552203061214,505.14438703984894,938.3453807350239,473.9999021830674,462.56240340520145,False
2021-08-20 11:02:00-07:00,26.441859688076672,27.1,4.6,252.97144084039962,479.79939761241087,939.9089458020842,450.96774600635615,439.8556953224571,False
2021-08-20 11:03:00-07:00,26.488889424945967,27.0,4.4,259.8085400513731,492.7739570731155,939.9766505539877,463.1960136498217,451.9032626321681,False
2021-08-20 11:04:00-07:00,26.535197565358978,26.8,2.9,288.9392549641375,548.191388178292,936.7044174139776,513.4932948949066,501.46235634365854,False
2021-08-20 11:05:00-07:00,26.580782385981408,26.7,2.5,1113.897578552001,2109.3987673415936,821.512245740101,1732.8969185201934,1689.0385370093852,False
2021-08-20 11:06:00-07:00,26.62564221558287,26.8,2.8,901.2704005419082,1710.1140773607533,858.9538076670499,1468.908998294043,1433.9275392777781,False
2021-08-20 11:07:00-07:00,26.669775315372117,26.9,2.0,532.6346022353832,1011.8184466808164,908.865730514162,919.6071116902647,899.8324294356589,False
2021-08-20 11:08:00-07:00,26.71318006009085,26.9,1.0,797.8242023262048,1516.0006475775635,861.2373090627802,1305.636318257133,1276.0214705142814,False
2021-08-20 11:09:00-07:00,26.7558548169707,26.9,0.2,365.2887322776826,694.0875172934609,921.0659034506871,639.3003461897459,625.2988186409843,False
2021-08-20 11:10:00-07:00,26.797797976646244,27.0,0.8,578.9392627193808,1100.482639634542,895.0536554101031,984.9910093202561,963.8305061258982,False
2021-08-20 11:11:00-07:00,26.839007953333397,27.1,1.3,479.78618511550485,911.8312104407067,911.116014187032,830.7840180680736,813.0321600916665,False
2021-08-20 11:12:00-07:00,26.87948318501594,27.4,1.8,796.8488403779091,1513.771979746829,865.1241070860553,1309.6006323103657,1279.7768125188834,False
2021-08-20 11:13:00-07:00,26.91922213399087,27.7,1.9,807.6127200632706,1534.4758447830743,862.4496246970674,1323.4081164398779,1293.2037202852587,False
2021-08-20 11:14:00-07:00,26.958223286677107,27.7,2.7,754.6503892497492,1433.3895680835046,876.6997622155257,1256.6522935010235,1228.233693054257,False
2021-08-20 11:15:00-07:00,26.996485154161572,27.6,3.9,249.53758056856407,473.36215705864095,935.9721567737905,443.0537990772699,432.0959795286104,False
2021-08-20 11:16:00-07:00,27.03400627237137,27.3,4.0,775.3027088823928,1471.4686227904415,884.1425582761411,1300.9880325770114,1271.0278782484595,False
2021-08-20 11:17:00-07:00,27.070785226664377,27.2,3.6,1059.228757711257,2006.428255310195,838.2466524148936,1681.8817683244265,1639.566853711244,False
2021-08-20 11:18:00-07:00,27.106820554177382,27.2,3.2,1046.5052760867168,1983.4286750440303,836.5878047025994,1659.3122410392707,1617.9166877844027,False
2021-08-20 11:19:00-07:00,27.142110891647857,27.4,3.5,1033.5625918842643,1958.8443650603658,840.3491319763807,1646.113161855303,1605.1229467295273,False
2021-08-20 11:20:00-07:00,27.176654876758388,27.5,3.7,1020.7596803866373,1934.5790257715653,843.6278081382347,1632.0646631818672,1591.5229174346255,False
2021-08-20 11:21:00-07:00,27.2104511732118,27.5,2.7,1006.9756129222865,1909.7391564420207,837.1862774443948,1598.8074152714944,1559.686869499098,False
2021-08-20 11:22:00-07:00,27.243498470901653,27.4,4.8,1003.2876155619961,1900.956345699926,855.494180742467,1626.2570915917522,1585.621622793734,False
2021-08-20 11:23:00-07:00,27.275795486374637,27.3,4.2,995.998250516587,1887.3361259554188,852.6518484248759,1609.240636394932,1569.3249931856415,False
2021-08-20 11:24:00-07:00,27.307340962683853,27.3,3.4,996.8604003561396,1889.9424965744358,845.9031717329178,1598.7083522451449,1559.3644034630206,False
2021-08-20 11:25:00-07:00,27.338133669849796,27.3,2.2,999.0290725414137,1894.5067833535682,835.31470635733,1582.5093774289558,1544.0412769164943,False
2021-08-20 11:26:00-07:00,27.36817240501009,27.3,2.4,997.6357793266584,1891.7275335721322,837.3562884851893,1584.049946337202,1545.472296692644,False
2021-08-20 11:27:00-07:00,27.397455992625805,27.3,2.9,996.1513787396806,1889.091293071871,841.7498173312472,1590.1422508652968,1551.2253264978492,False
2021-08-20 11:28:00-07:00,27.425983284641692,27.7,3.8,993.8899077895795,1884.3166251290634,847.5919208482406,1597.1315477794171,1557.8025616561024,False
2021-08-20 11:29:00-07:00,27.453753179246394,27.9,2.6,989.3466906698347,1876.3988402191976,837.4286228643626,1571.3500967090504,1533.2379818123384,False
2021-08-20 11:30:00-07:00,27.480764546784183,27.9,2.6,984.7687421908797,1868.135104511565,838.03563015647,1565.5637795267726,1527.6480132828683,False
2021-08-20 11:31:00-07:00,27.507016341895003,27.8,2.9,982.8227796662594,1864.1866752364326,841.4470789464979,1568.6144324886798,1530.4997773649873,False
2021-08-20 11:32:00-07:00,27.53250752863595,27.8,2.2,979.6284333049659,1858.4684266877482,835.9931917464177,1553.6669517866342,1516.2364401168754,False
2021-08-20 11:33:00-07:00,27.557237099506384,28.2,4.7,972.9278657337649,1844.2250509839141,855.3237111606963,1577.4094148230859,1538.6146251197135,False
2021-08-20 11:34:00-07:00,27.581204075804614,28.0,5.7,970.2507301923869,1838.4015548354953,863.8049468172877,1588.0203573034942,1548.611565121976,False
2021-08-20 11:35:00-07:00,27.604407507525895,27.6,4.1,970.1653332398428,1839.0924514194935,854.2960242744792,1571.129369520879,1532.5933467256336,False
2021-08-20 11:36:00-07:00,27.626846473717812,27.3,4.2,971.7159963094163,1842.058093892135,856.2129971466838,1577.1940814896925,1538.3844230344982,False
2021-08-20 11:37:00-07:00,27.648520082591446,27.4,6.1,973.5557182211504,1844.0064214132797,869.0702978689668,1602.5712099299267,1562.4781145466593,False
2021-08-20 11:38:00-07:00,27.66942747165142,27.3,4.6,980.4633800751639,1858.1291526286143,857.9444396479257,1594.1715746454317,1554.6842604339745,False
2021-08-20 11:39:00-07:00,27.689567808001303,27.5,5.5,987.0875478805985,1869.9349313064527,862.5271482491182,1612.8696437111653,1572.5577028020396,False
2021-08-20 11:40:00-07:00,27.708940300985674,27.4,4.5,995.1287335112656,1885.8522053548495,854.4510695886281,1611.3684339515244,1571.3253077581498,False
2021-08-20 11:41:00-07:00,27.727544151054087,27.5,3.9,1007.5888353017342,1909.5682392838871,847.398125559336,1618.1645465968077,1578.050079623836,False
2021-08-20 11:42:00-07:00,27.74537862780333,27.4,4.7,1019.1470891734876,1930.5098190547774,852.4771876423107,1645.7155812636827,1604.4155874346916,False
2021-08-20 11:43:00-07:00,27.76244301759593,27.4,4.5,552.6652646082194,1049.1839331283677,915.5321304933668,960.5616015764246,939.6722830124108,False
2021-08-20 11:44:00-07:00,27.77873663706931,27.3,5.4,234.51789656928787,444.65065595199906,940.4483962407822,418.1709962774693,407.520872304063,False
2021-08-20 11:45:00-07:00,27.794258833071158,27.2,6.0,1052.0075320316678,1990.827592790615,858.4202952505159,1708.966809996194,1665.0272682431003,False
2021-08-20 11:46:00-07:00,27.809008982900107,27.1,5.5,1056.1009681749958,1999.1462243242843,854.5143990975082,1708.2992345865182,1664.494877679683,False
2021-08-20 11:47:00-07:00,27.82298649439181,27.1,5.5,574.9345627961015,1090.9872206901239,918.8155482385572,1002.416021299656,980.4039956104332,False
2021-08-20 11:48:00-07:00,27.836190806001667,27.0,3.4,661.3742756595161,1255.750970147876,898.2702833863793,1128.0037798174533,1102.9536286647647,False
2021-08-20 11:49:00-07:00,27.848621386999323,26.9,1.7,1035.426600833046,1963.3362538148035,826.2090125678181,1622.1261076029282,1582.4217216685315,False
2021-08-20 11:50:00-07:00,27.860277737432515,27.1,1.0,1028.5420873624091,1951.4930148020999,819.2633856282268,1598.7867743366037,1560.1341725207851,False
2021-08-20 11:51:00-07:00,27.87115939533648,27.5,2.6,1032.0095439204686,1956.8468701318454,832.1027922398382,1628.2977446224968,1588.20483711833,False
2021-08-20 11:52:00-07:00,27.88126590814498,27.7,3.7,1036.0330626173168,1962.9347571496296,840.3656318810881,1649.5829075333988,1608.45932640138,False
2021-08-20 11:53:00-07:00,27.89059687652094,27.9,4.2,1040.8312252155254,1972.1200281101826,842.5426313426022,1661.5951978074002,1619.9505971852523,False
2021-08-20 11:54:00-07:00,27.899151924800936,27.9,4.1,1051.3517500914047,1991.822921419351,840.1219642111483,1673.3741851036127,1631.3390697268096,False
2021-08-20 11:55:00-07:00,27.9069307085177,28.1,4.2,1016.0894225593778,1925.793825408806,845.369461580633,1628.00728930115,1587.5735063229158,False
2021-08-20 11:56:00-07:00,27.913932914529973,28.2,4.3,970.571385784746,1839.943883926927,852.7562036320842,1569.023561353598,1530.6046416315796,False
2021-08-20 11:57:00-07:00,27.920158261059505,27.9,5.7,754.8768227650355,1432.4142009324858,893.5829294384134,1279.9808778384347,1250.4834040730036,False
2021-08-20 11:58:00-07:00,27.925606497747815,27.7,3.1,721.079747089621,1369.8533348400015,884.1117994498267,1211.1034968477397,1183.912512568712,False
2021-08-20 11:59:00-07:00,27.9302774057227,27.7,3.2,1020.3353636921423,1934.23697409399,838.4726036067899,1621.804711661107,1581.7882882711212,False
2021-08-20 12:00:00-07:00,27.934170797592476,27.6,3.3,917.2386777546855,1740.4128993047486,856.1797965089372,1490.1063619682693,1454.4484917653224,False
2021-08-20 12:01:00-07:00,27.93728651752134,27.8,4.2,953.1012327640667,1806.8321390025617,856.7411496437574,1547.9874439823438,1510.2388303296605,False
2021-08-20 12:02:00-07:00,27.93962444254443,27.7,3.4,938.9491371615184,1781.2954943652496,853.0322937589292,1519.502581420835,1482.8768471198775,False
2021-08-20 12:03:00-07:00,27.941184476848473,27.6,1.5,1034.4834316370006,1962.2363066803184,820.801712586352,1610.6069210223236,1571.4756722454642,False
2021-08-20 12:04:00-07:00,27.941966561208133,27.9,3.2,1020.7455318937302,1935.2737384668505,837.3236104727357,1620.4503939461322,1580.5153947637475,False
2021-08-20 12:05:00-07:00,27.941970666176665,28.4,3.7,1009.2565723984111,1913.0728955682298,841.0618460108045,1609.0126210998505,1569.409353871234,False
2021-08-20 12:06:00-07:00,27.94119679394649,28.3,4.3,1000.5631767417462,1896.4261150653822,847.6420632209337,1607.4905449200803,1567.7720231688552,False
2021-08-20 12:07:00-07:00,27.9396449783317,27.9,2.4,993.5398396994731,1884.553471840037,834.9095129932408,1573.4316213836864,1535.3077611466786,False
2021-08-20 12:08:00-07:00,27.937315284777096,28.0,2.6,985.9992057188456,1870.7184452006459,837.2267792939828,1566.2155788411837,1528.296637304374,False
2021-08-20 12:09:00-07:00,27.934207810327067,28.7,4.1,978.3594230937781,1855.2026258034825,847.4050681344103,1572.1081075221366,1533.7124897210085,False
2021-08-20 12:10:00-07:00,27.930322683626454,28.5,5.3,974.9032310578355,1847.3283720318907,857.9986875280871,1585.0053186367604,1545.859199489618,False
2021-08-20 12:11:00-07:00,27.925660064886994,28.1,2.4,975.3410868771623,1850.7862971883021,836.7885875999477,1548.7168515735361,1511.4455847111021,False
2021-08-20 12:12:00-07:00,27.920220145864462,28.1,2.2,977.0260731705721,1853.5826756894905,834.9765247866493,1547.6980209519497,1510.5093748483532,False
2021-08-20 12:13:00-07:00,27.914003149825596,28.2,3.9,977.0838641087342,1852.7161923863655,848.5647065972242,1572.1495722002628,1533.7227100246985,False
2021-08-20 12:14:00-07:00,27.907009326520413,28.1,3.1,974.7118318866753,1848.9243375098376,842.9298032863335,1558.5134281084818,1520.730513146477,False
2021-08-20 12:15:00-07:00,27.89923897147738,28.2,4.7,972.2026597957259,1843.0281471938126,855.3546570527733,1576.4427087815716,1537.682960193637,False
2021-08-20 12:16:00-07:00,27.890692397771975,27.9,5.1,970.9338071452024,1840.1444219131147,859.9848357057259,1582.4962983537582,1543.3924519434308,False
2021-08-20 12:17:00-07:00,27.88136995421218,27.8,3.0,971.1945545132369,1842.175665623316,844.2115068016261,1555.1858944691483,1517.4917830608003,False
2021-08-20 12:18:00-07:00,27.87127202087553,27.9,3.4,973.7883133130715,1847.0791384830623,846.4539405100614,1563.4674152029177,1525.413629529523,False
2021-08-20 12:19:00-07:00,27.860399008939552,28.0,6.6,978.4979934460406,1853.0508198110745,868.723289970249,1609.7884046683437,1569.4308801420545,False
2021-08-20 12:20:00-07:00,27.8487513607527,27.8,5.5,978.4723841638298,1853.8731982055886,862.2675976956336,1598.5347890490543,1558.7712422428801,False
2021-08-20 12:21:00-07:00,27.836329549649044,28.0,4.3,983.7814659384654,1864.5956518457076,851.791846965182,1588.2473741289025,1549.1408711153908,False
2021-08-20 12:22:00-07:00,27.82313407990372,27.9,3.5,991.3032569467529,1879.4490405854622,844.7050884293908,1587.5801680262762,1548.681843192397,False
2021-08-20 12:23:00-07:00,27.809165486648027,27.9,1.7,993.2915800262894,1884.7311144644457,828.5053446667097,1561.5098015934373,1523.9848361850395,False
2021-08-20 12:24:00-07:00,27.79442433567855,28.0,2.7,998.3321110585281,1893.2844655339372,836.2952522400683,1583.3448096659072,1544.8205874065015,False
2021-08-20 12:25:00-07:00,27.778911212845987,28.0,4.0,1001.2963259475746,1897.7630983206545,846.7300449490349,1606.8930335436678,1567.220839308287,False
2021-08-20 12:26:00-07:00,27.76262676596892,27.9,3.4,1006.5705042921597,1908.7035119460957,841.220365272584,1605.6402655163586,1566.1592385461936,False
2021-08-20 12:27:00-07:00,27.745571642337005,28.1,4.2,940.3790877634223,1783.5158777610548,856.9260637009651,1528.3412406779523,1491.3008617996236,False
2021-08-20 12:28:00-07:00,27.727746529711048,28.3,5.0,996.4415225548433,1888.4800751279624,853.4281619266048,1611.6820793514737,1571.6539517377853,False
2021-08-20 12:29:00-07:00,27.709152145924328,28.3,3.2,998.9147062194729,1894.6320637391452,838.7664298686503,1589.153772017156,1550.350815448923,False
2021-08-20 12:30:00-07:00,27.689789238913825,28.4,3.5,1010.9257892538425,1916.3808122721643,839.1303540980592,1608.0933095886678,1568.5751289871876,False
2021-08-20 12:31:00-07:00,27.6696585866062,28.5,3.9,1031.6106313354906,1955.529805160225,838.4207303470571,1639.556727457874,1598.8684976090278,False
2021-08-20 12:32:00-07:00,27.6487609965814,28.4,4.1,1047.219850455553,1984.5039363368705,838.1730895297,1663.357795503326,1621.763426774102,False
2021-08-20 12:33:00-07:00,27.62709730612475,28.4,4.5,1044.129940169859,1978.2639051101858,841.9613647633116,1665.6217774085703,1623.8372244245597,False
2021-08-20 12:34:00-07:00,27.60466838186916,28.5,3.8,1040.5039445810569,1971.7443727786133,836.4163974601677,1649.1993249918457,1608.1965295662424,False
2021-08-20 12:35:00-07:00,27.58147511988899,28.3,2.6,1040.7943583555568,1973.5120705429363,826.6781894550611,1631.4593853441436,1591.391170800357,False
2021-08-20 12:36:00-07:00,27.55751842905989,28.4,3.9,1015.516898059971,1924.7902196202056,841.6619155594456,1620.0226232956281,1579.9892449791944,False
2021-08-20 12:37:00-07:00,27.532799295703374,28.7,4.1,1026.9618407972698,1946.1055370090903,840.0550154781278,1634.8357170142415,1594.2836325714352,False
2021-08-20 12:38:00-07:00,27.507318687073056,28.7,4.0,1020.624143475877,1934.620437653064,840.0877039147983,1625.2508414146048,1585.0614843587625,False
2021-08-20 12:39:00-07:00,27.481077614746425,28.8,3.7,1021.252028793951,1935.9651290993497,837.0675302942277,1620.5335493509385,1580.602177233821,False
2021-08-20 12:40:00-07:00,27.454077118906522,28.6,4.9,1014.1082117951811,1921.6775810849977,848.6317766470916,1630.7966597790466,1590.1702260941142,False
2021-08-20 12:41:00-07:00,27.426318267994684,28.2,4.8,1005.4551096153458,1905.4392233195726,851.1295148887381,1621.7755617939617,1581.4258972250805,False
2021-08-20 12:42:00-07:00,27.397802158546675,28.2,3.1,997.9815519972518,1892.9623392975702,838.5507776457475,1587.345041672091,1548.6146681778605,False
2021-08-20 12:43:00-07:00,27.368529915075936,28.1,2.0,994.8688459759164,1887.279617510252,830.1301127893421,1566.6876417488115,1528.932779696777,False
2021-08-20 12:44:00-07:00,27.338502689644567,28.4,3.7,994.7289495981589,1885.9632944649625,843.2751627412824,1590.3860040640263,1551.4204927351575,False
2021-08-20 12:45:00-07:00,27.307721661989337,28.3,5.9,993.3621375494391,1881.8406370908317,860.3759876341426,1619.0904967070883,1578.5988657476528,False
2021-08-20 12:46:00-07:00,27.27618803912595,28.1,5.0,991.073791242383,1877.9987772423215,855.3663798363464,1606.3770154268498,1566.4982328689634,False
2021-08-20 12:47:00-07:00,27.243903033251236,27.9,4.9,987.7632522662302,1871.8764986018175,856.0745755203521,1602.465878967074,1562.715845749036,False
2021-08-20 12:48:00-07:00,27.21086794874135,28.0,3.2,985.5127555563171,1869.2182607327418,842.4773973632556,1574.7741354059917,1536.4067073832177,False
2021-08-20 12:49:00-07:00,27.177084051752544,28.3,3.2,983.8685259011507,1865.9004128577249,841.3939777272556,1569.9573704172897,1531.7947991830165,False
2021-08-20 12:50:00-07:00,27.14255265649517,28.2,1.8,984.6036871618694,1868.280593821483,829.505931857166,1549.7498349485488,1512.6253293815378,False
2021-08-20 12:51:00-07:00,27.10727510334416,28.4,2.1,986.5837429249368,1872.2543731732803,830.7269459385675,1555.3321574463664,1517.9748295505108,False
2021-08-20 12:52:00-07:00,27.071252758694524,28.5,2.0,991.9936752987605,1882.5169819205491,828.4017573498387,1559.4803760638972,1522.0317260150662,False
2021-08-20 12:53:00-07:00,27.03448701478309,28.5,4.2,1006.7606518425789,1908.398136156913,844.8250972428875,1612.2626409569095,1572.4385017877594,False
2021-08-20 12:54:00-07:00,26.996979289186253,28.3,3.3,945.5559157602539,1794.2263896176414,848.1035418652691,1521.689755942856,1485.107981069949,False
2021-08-20 12:55:00-07:00,26.95873102500783,28.3,3.5,964.6823997636253,1829.6048663118586,846.8939701045889,1549.4813289535257,1511.9269767302185,False
2021-08-20 12:56:00-07:00,26.919743690335697,28.5,3.4,995.6765750814121,1888.3407504448262,840.0170630741054,1586.2384512718147,1547.5111203419979,False
2021-08-20 12:57:00-07:00,26.880018778094925,28.6,2.8,990.6074806154716,1878.9729915370365,835.4104135713752,1569.7136039493996,1531.713136752308,False
2021-08-20 12:58:00-07:00,26.839557805869646,28.6,5.6,993.5107427574073,1882.719755329404,856.6485867291805,1612.8292176100426,1572.6731755193582,False
2021-08-20 12:59:00-07:00,26.798362287474795,28.1,4.2,986.5170464869069,1870.1412365508593,849.9696953104003,1589.563377018549,1550.4550246400888,False
2021-08-20 13:00:00-07:00,26.756433844150777,27.9,3.5,992.500220890355,1881.8956401957892,844.4263617369759,1589.1222886192072,1550.1739069842827,False
2021-08-20 13:01:00-07:00,26.713774038260606,28.1,4.7,996.6214747260625,1888.7672737171251,852.2518954383531,1609.7054890673505,1569.7828031501388,False
2021-08-20 13:02:00-07:00,26.670384483114788,28.1,4.4,1000.9862875479103,1897.0630239454408,849.3563289960822,1611.2824858925064,1571.3763013567584,False
2021-08-20 13:03:00-07:00,26.62626681542015,28.3,6.2,1002.3168858101405,1898.679352017427,861.0538060165436,1634.8650824596305,1593.752911587633,False
2021-08-20 13:04:00-07:00,26.581422694675464,28.2,4.8,1005.7166879735485,1905.8680428633934,851.1181912253107,1622.1189613560143,1581.7565665669924,False
2021-08-20 13:05:00-07:00,26.53585380341345,28.5,5.4,1005.5996017791398,1905.5814460339093,853.9508658943804,1627.2729258729228,1586.639629662051,False
2021-08-20 13:06:00-07:00,26.489561846597173,28.4,5.3,1007.4183218833946,1908.4763334830682,853.7072343468533,1629.280052474253,1588.5767090853767,False
2021-08-20 13:07:00-07:00,26.44254855143783,28.1,4.9,1005.967903572579,1905.999303912347,852.4336436470713,1624.7379314227835,1584.2412848738368,False
2021-08-20 13:08:00-07:00,26.394815667213745,28.1,3.6,1003.904112258049,1903.3355130433852,842.4313898351161,1603.4295815756727,1563.9996427661717,False
2021-08-20 13:09:00-07:00,26.346364964633366,28.4,3.3,1012.0693343395853,1918.8150889447552,837.2045216896579,1606.4406687508922,1567.034786553125,False
2021-08-20 13:10:00-07:00,26.29719820289402,28.4,2.8,1011.7434342324557,1918.4985231124508,832.9742901618426,1598.0599454661374,1559.076941707304,False
2021-08-20 13:11:00-07:00,26.247317261409375,28.3,4.5,1032.817462960856,1957.1064404823574,844.150651228072,1652.0926762558356,1610.7709623488147,False
2021-08-20 13:12:00-07:00,26.196723941790378,28.2,3.5,1034.4872771793462,1960.7009427537164,836.282472250524,1639.6998317500113,1599.0632599900914,False
2021-08-20 13:13:00-07:00,26.145420099070996,28.3,3.2,1035.4922949520094,1963.0880958097882,832.9314328957308,1635.1177805433986,1594.7447169001462,False
2021-08-20 13:14:00-07:00,26.09340760830841,28.6,2.8,890.1110173398356,1690.1817878169818,851.4862908137015,1439.1666213091526,1405.3890419246063,False
2021-08-20 13:15:00-07:00,26.04068836487465,28.6,3.2,851.101379521747,1616.3452439544553,860.5756186767815,1390.9873083113787,1358.6229120189837,False
2021-08-20 13:16:00-07:00,25.987264283800982,28.7,4.8,1030.2072758649329,1951.6719901354722,845.0962923170515,1649.3507626825287,1608.1090231356463,False
2021-08-20 13:17:00-07:00,25.933137299565864,28.9,5.7,1058.976638538985,2005.3886202719855,846.4887587141229,1697.5389239134606,1654.3833166852407,False
2021-08-20 13:18:00-07:00,25.878309365934314,28.6,6.0,829.3275426845405,1573.0970181558378,882.0208969493846,1387.5044429422144,1354.7678411962313,False
2021-08-20 13:19:00-07:00,25.822782455254533,28.2,3.6,966.5966132364306,1833.270723738786,847.8080499509955,1554.2616773252305,1516.510079500313,False
2021-08-20 13:20:00-07:00,25.76655855877091,28.2,3.4,808.6904398725349,1535.6206096502997,870.6117681117528,1336.9293741164952,1306.1123315854545,False
2021-08-20 13:21:00-07:00,25.709639647539763,28.2,2.8,944.6726729908992,1792.6166415197379,844.8277842369986,1514.4523452414903,1478.2101527888863,False
2021-08-20 13:22:00-07:00,25.65202782537916,28.4,4.8,1114.4507926192261,2109.601838437276,833.6559532699487,1758.6821316424637,1713.443461862363,False
2021-08-20 13:23:00-07:00,25.593725099668248,28.5,5.7,1122.7497333183644,2123.9316831468877,839.3812950560879,1782.7885268104912,1736.401153999788,False
2021-08-20 13:24:00-07:00,25.53473353283871,28.3,4.4,1122.5832492422671,2124.9088659282315,829.5705188175466,1762.7617503480876,1717.4749656003355,False
2021-08-20 13:25:00-07:00,25.475055204797208,28.2,4.4,1122.4923655041594,2124.4651167756288,830.1749560968524,1763.677735048502,1718.3364590656238,False
2021-08-20 13:26:00-07:00,25.41469221218864,28.3,3.5,679.2680525256852,1290.6160755542078,889.4029817606062,1147.8777859060842,1122.431075628956,False
2021-08-20 13:27:00-07:00,25.35364666823811,28.4,3.5,1022.4843317066171,1938.117683827024,837.2655823879034,1622.7192312857273,1582.7001981316748,False
2021-08-20 13:28:00-07:00,25.291920702546093,28.4,3.0,1077.7437112910488,2042.111053808236,823.8411243811088,1682.3750666804679,1640.4356602538785,False
2021-08-20 13:29:00-07:00,25.229516460344513,28.4,2.4,1065.6195163547532,2019.919680426338,820.2417509717983,1656.8224554952947,1615.963887323516,False
2021-08-20 13:30:00-07:00,25.16643610291388,28.7,4.0,1008.7135634532973,1912.582928952968,841.8019178929801,1610.0159777219817,1570.3556481972832,False
2021-08-20 13:31:00-07:00,25.102681806798966,28.8,4.8,992.9926612904412,1882.4658416470622,849.9030385300196,1599.913438744809,1560.420178174514,False
2021-08-20 13:32:00-07:00,25.038255720230666,28.8,4.3,1034.3905629959222,1960.002784704433,839.9871656006756,1646.3771836933076,1605.3865685415633,False
2021-08-20 13:33:00-07:00,24.973160136198118,29.1,3.4,1042.8564667119454,1976.6293192835606,829.6543843514376,1639.9191809812035,1599.451340313853,False
2021-08-20 13:34:00-07:00,24.907397232468742,28.8,2.8,1053.5670339472956,1997.3052771320035,823.9519755375388,1645.6836288444656,1605.1494632911624,False
2021-08-20 13:35:00-07:00,24.840969244374122,28.7,3.1,1056.5268034334422,2002.7674273157118,826.6035976448331,1655.4947606650542,1614.5152365246875,False
2021-08-20 13:36:00-07:00,24.773878421069202,28.7,2.7,1062.6305366420681,2014.3991771938615,821.9870477512352,1655.8100326540996,1614.9430061255819,False
2021-08-20 13:37:00-07:00,24.70612702533987,28.7,1.5,1069.7579717064464,2028.8729749309375,808.9823491192072,1641.3224253241042,1601.354315070266,False
2021-08-20 13:38:00-07:00,24.63771733348361,29.0,3.3,1078.2615721147838,2042.8006272175971,823.6002805620083,1682.4511697086596,1640.5154151011695,False
2021-08-20 13:39:00-07:00,24.56865163445747,29.1,3.0,1089.4304461076977,2064.4311583304143,818.3307623960055,1689.387523710597,1647.327476360349,False
2021-08-20 13:40:00-07:00,24.498932230395496,29.2,5.7,1080.8763906356435,2046.5403173565778,841.7899605420941,1722.7570929953988,1678.7319786891485,False
2021-08-20 13:41:00-07:00,24.42856143579405,28.8,4.8,1045.3208844952535,1980.3591340306764,842.1846224245164,1667.8280095585674,1625.9519514206283,False
2021-08-20 13:42:00-07:00,24.35754157735063,28.8,3.2,1065.753453443402,2020.0161116955599,825.488293066883,1667.49965201117,1626.089777590763,False
2021-08-20 13:43:00-07:00,24.285874993827804,28.8,4.7,1056.01717028204,2000.0542572697316,839.9523153821564,1679.95020428365,1637.663890953126,False
2021-08-20 13:44:00-07:00,24.21356398650432,28.6,4.5,1045.0374670044132,1980.1173567614765,840.7921390663381,1664.8671079938651,1623.1434553792458,False
2021-08-20 13:45:00-07:00,24.140611014114036,28.9,4.6,1048.2204062163325,1986.309782058917,839.5277855883073,1667.5622528243161,1625.7686350739718,False
2021-08-20 13:46:00-07:00,24.067018401060015,28.8,4.1,1051.2364384870602,1991.7568890030861,835.728295210082,1664.5675893194855,1622.9927871546008,False
2021-08-20 13:47:00-07:00,23.992788530817332,28.8,5.2,1050.1649282011688,1988.7759913101972,844.7050672762873,1679.9291575371453,1637.513670440051,False
2021-08-20 13:48:00-07:00,23.91792379750266,28.7,4.8,1049.557922318623,1988.2978286102452,842.028323967224,1674.203088172356,1632.0838064341879,False
2021-08-20 13:49:00-07:00,23.842426605054015,28.7,4.0,1055.4179421105653,1999.7234273526474,834.6999166650351,1669.1689781643731,1627.4443792447487,False
2021-08-20 13:50:00-07:00,23.76629936776731,28.6,2.2,1061.75395845832,2013.140276050899,817.892916686295,1646.533172077923,1606.1293093780139,False
2021-08-20 13:51:00-07:00,23.689544509491437,28.7,2.5,1069.5028199696721,2027.5715191752377,818.8928768087297,1660.363874272857,1619.406489583859,False
2021-08-20 13:52:00-07:00,23.612164463481786,28.8,1.3,1073.177111798186,2035.2333890218272,805.8997236250867,1640.1940257252393,1600.3508589061846,False
2021-08-20 13:53:00-07:00,23.534161672261494,29.2,3.7,1068.1841581567962,2024.2342024588372,827.5489052598202,1675.1527982342961,1633.3916012318239,False
2021-08-20 13:54:00-07:00,23.45553858678171,29.0,3.5,1057.3160785635657,2003.6381085729824,828.682854749828,1660.3805476978055,1619.1576624456495,False
2021-08-20 13:55:00-07:00,23.376297613688372,29.0,2.2,1052.2865668464608,1995.6113398445434,817.4898748256284,1631.3920644101206,1591.5707195116952,False
2021-08-20 13:56:00-07:00,23.296441327406924,29.3,2.8,1046.2962279685353,1983.5617386956585,822.7851866103902,1632.0452153259373,1592.0584326471974,False
2021-08-20 13:57:00-07:00,23.21597215123399,29.3,5.2,1039.2267272312783,1968.5281382059707,843.806135789955,1661.0561214933746,1619.3981693955773,False
2021-08-20 13:58:00-07:00,23.13489256933641,29.0,4.7,1034.363639527977,1959.5853666688856,842.2243874972842,1650.4105851913434,1609.2053012443287,False
2021-08-20 13:59:00-07:00,23.053205072959518,29.0,4.7,1028.1530033877268,1948.1475980277428,843.0736684738115,1642.4319421976934,1601.509599267006,False
2021-08-20 14:00:00-07:00,22.97091216108683,28.8,3.3,1021.5201605804449,1937.0344332679153,833.5383481961567,1614.5924819052166,1574.977507411724,False
2021-08-20 14:01:00-07:00,22.88801633955146,28.7,3.7,1020.9656761106421,1935.721580707414,837.4693388109918,1621.107472317206,1581.1438537433598,False
2021-08-20 14:02:00-07:00,22.8045201209577,28.8,3.9,1025.583909295413,1944.244408137223,837.9074439841035,1629.0968625026467,1588.8196980117652,False
2021-08-20 14:03:00-07:00,22.720426024406144,29.1,4.0,1030.5264153230698,1953.6094474317551,836.4323635348417,1634.0621675393388,1593.6359264152923,False
2021-08-20 14:04:00-07:00,22.635736575431995,28.9,4.0,1033.1060340159029,1958.2500019683398,837.0809684478584,1639.2138081106784,1598.574417400684,False
2021-08-20 14:05:00-07:00,22.550454305066477,28.9,4.9,1029.535313832899,1950.4733795886466,844.9421721861369,1648.0372141408666,1606.8500544325038,False
2021-08-20 14:06:00-07:00,22.464581692825583,29.1,5.3,1027.1155115122822,1946.0718646349828,847.1645472037467,1648.6430900294463,1607.3730112101673,False
2021-08-20 14:07:00-07:00,22.378121396502,29.0,4.8,1022.9131256459563,1938.6191521571614,844.4717244041416,1637.109058385053,1596.3526936048631,False
2021-08-20 14:08:00-07:00,22.291075906631704,28.9,3.9,1021.2742203480312,1935.6923091340846,838.3005470622172,1622.6919216912295,1582.6465576727999,False
2021-08-20 14:09:00-07:00,22.20344777629058,28.9,2.9,1026.0682350101229,1946.0716368264027,828.746798686946,1612.8006390353462,1573.3787910705703,False
2021-08-20 14:10:00-07:00,22.115239562893397,29.0,3.1,1033.1539021424248,1958.6247267906665,829.113207273686,1623.9216290749566,1584.0729268463147,False
2021-08-20 14:11:00-07:00,22.02645382886867,29.2,3.0,1040.578084706699,1973.2523820152885,825.7796156524333,1629.4715936058335,1589.5022394666657,False
2021-08-20 14:12:00-07:00,21.937093140817076,29.5,3.7,1040.4977584899445,1972.5609193704695,830.4195276987732,1638.0531070206832,1597.6356686961656,False
2021-08-20 14:13:00-07:00,21.847160069421736,29.7,2.9,1037.103343297323,1966.8717778170599,823.0103499058788,1618.7558300812166,1579.2622781368057,False
2021-08-20 14:14:00-07:00,21.756657189404557,29.3,1.6,1038.7282146651291,1970.7945453670295,812.5052845711252,1601.2809829146597,1562.7126487195649,False
2021-08-20 14:15:00-07:00,21.66558707859926,29.3,1.1,1002.0395585354311,1901.9670905172434,814.2326564636012,1548.6437166182018,1511.945238393223,False
2021-08-20 14:16:00-07:00,21.5739523187629,29.3,2.8,656.1780430389206,1247.6153353921477,883.4440860452037,1102.1983897114962,1078.1473512253342,False
2021-08-20 14:17:00-07:00,21.48175543265907,29.1,3.6,149.03232705558705,282.6965309032071,922.3394069385789,260.74215065685763,252.16231477464893,False
2021-08-20 14:18:00-07:00,21.388999131681466,28.9,3.5,661.5662446756177,1257.2379947392083,888.8065048669845,1117.441307890132,1092.8668689132749,False
2021-08-20 14:19:00-07:00,21.295685944861102,28.8,2.5,526.2989484370983,1000.5435624275091,902.1092829885573,902.599635700297,883.3383831740053,False
2021-08-20 14:20:00-07:00,21.201818464888746,28.9,2.1,743.0739447776797,1412.7992935457526,867.9943853140496,1226.3018543733692,1198.9827796221537,False
2021-08-20 14:21:00-07:00,21.107399287290082,29.1,4.1,1048.085755029028,1985.9636533351463,834.7231616688553,1657.7298596713435,1616.4455273812248,False
2021-08-20 14:22:00-07:00,21.01243100954396,28.8,4.1,1034.5794235236042,1960.4098058998077,838.3787845021177,1643.5659901963131,1602.7259402285686,False
2021-08-20 14:23:00-07:00,20.916916231043,28.8,2.5,1029.557909418573,1952.9484075085236,825.0416969338811,1611.2638681551532,1571.9967799125689,False
2021-08-20 14:24:00-07:00,20.820857553056758,29.0,2.5,1026.11642762061,1946.09925328459,824.8160468725746,1605.173892915865,1566.1395086263321,False
2021-08-20 14:25:00-07:00,20.724257577837303,29.1,3.7,1027.3214759833354,1947.7985489651815,834.464555625879,1625.3688506109622,1585.3239311090445,False
2021-08-20 14:26:00-07:00,20.627118909464127,29.1,3.4,1026.2020595077372,1945.6603278092682,832.2232705666878,1619.223801421283,1579.4695888295018,False
2021-08-20 14:27:00-07:00,20.529444152967397,29.4,3.5,1025.620159085345,1944.9245365897411,831.5298598260185,1617.2628272826516,1577.6005519358482,False
2021-08-20 14:28:00-07:00,20.431235914287054,29.4,4.2,1026.3941343372935,1945.303581921126,837.4213169241535,1629.0386873896623,1588.776627624604,False
2021-08-20 14:29:00-07:00,20.33249673389201,29.3,4.1,1027.8208961399964,1948.3069756355562,836.767454077991,1630.2798677649548,1589.988153047519,False
2021-08-20 14:30:00-07:00,20.23322935105011,29.1,5.2,1024.8523647942116,1942.0563412608988,846.6853682178996,1644.3106884003912,1603.219759127635,False
2021-08-20 14:31:00-07:00,20.133436307476963,28.9,5.0,1023.3906736274839,1939.457058700372,846.3665523067083,1641.491584119143,1600.5171698247946,False
2021-08-20 14:32:00-07:00,20.033120210919304,29.0,4.8,1022.2534234309601,1937.5422877282876,844.5005633118693,1636.2555534271069,1595.5309752106382,False
2021-08-20 14:33:00-07:00,19.932283669106805,28.9,6.0,1022.3384370455963,1936.5661377776448,853.8848891889667,1653.6045619633694,1611.9626256877427,False
2021-08-20 14:34:00-07:00,19.83092928978733,28.8,6.7,1023.7488380824801,1938.4479216946936,859.0734928129851,1665.2692267263321,1623.034461748232,False
2021-08-20 14:35:00-07:00,19.729059679767094,28.7,4.4,1024.7702194789115,1942.269660407107,842.579617052483,1636.5168266784765,1595.8334820033704,False
2021-08-20 14:36:00-07:00,19.626677445907617,28.7,3.7,1031.8645400740415,1956.0771266173351,835.7837454209537,1634.8574672164934,1594.4183048592463,False
2021-08-20 14:37:00-07:00,19.52378519417547,29.0,3.2,1037.1353231926428,1966.2953402986261,829.2227532372261,1630.4968357599553,1590.3973353767421,False
2021-08-20 14:38:00-07:00,19.420385529665193,29.0,3.1,1043.3432055190906,1978.089209497948,827.2972481633619,1636.4677596392926,1596.1937115985031,False
2021-08-20 14:39:00-07:00,19.316481056653142,29.1,3.1,1048.113276148118,1986.8975460727097,826.0875859052655,1641.3513972763008,1600.9245439203123,False
2021-08-20 14:40:00-07:00,19.21207430743885,29.1,3.3,1054.213932709753,1998.4115242748946,826.7680633689787,1652.2228257390036,1611.3639055647513,False
2021-08-20 14:41:00-07:00,19.107168023793133,29.2,4.5,1016.6279830547809,1926.926515948081,842.1882397900265,1622.8348506710427,1582.6813115421976,False
2021-08-20 14:42:00-07:00,19.0017647358916,29.1,5.6,1014.2591178005231,1921.7233176970642,851.2291996418882,1635.8270016564256,1594.9395325749292,False
2021-08-20 14:43:00-07:00,18.895867042114187,28.9,5.2,1038.5565436157854,1967.4987520880122,845.7383761191428,1663.9891996073557,1622.1654774517144,False
2021-08-20 14:44:00-07:00,18.78947753922466,28.9,4.6,1039.9441955134355,1970.6958700696205,840.8300272157572,1657.0202620646196,1615.5983858896523,False
2021-08-20 14:45:00-07:00,18.68259882144209,28.9,4.6,1025.4150948562851,1943.5661613224045,842.9846509501589,1638.3964421009077,1597.6306227134837,False
2021-08-20 14:46:00-07:00,18.575233481486066,28.7,3.9,1027.1005584140325,1946.9332452006458,838.2204152440623,1631.9591932445553,1591.565198135786,False
2021-08-20 14:47:00-07:00,18.467384109612997,28.6,3.0,1025.0352856072886,1943.8463618449878,831.3403865055923,1615.9979857637015,1576.3881563318403,False
2021-08-20 14:48:00-07:00,18.359053293725772,28.6,2.2,1028.6588041842035,1950.6722639003528,823.7353990643073,1606.837795747633,1567.7698382260348,False
2021-08-20 14:49:00-07:00,18.250243619392315,28.8,1.6,1033.0350188046323,1959.3526662229078,816.2538613407977,1599.3291795328357,1560.7350323948233,False
2021-08-20 14:50:00-07:00,18.14095766893578,28.9,1.3,1021.7424149752655,1939.0337092338505,814.5407755587806,1579.4220213539597,1541.6028363002586,False
2021-08-20 14:51:00-07:00,18.031197948721392,29.2,2.9,742.824454991111,1411.831728411084,871.9690251833006,1231.0735359454673,1203.5301299182663,False
2021-08-20 14:52:00-07:00,17.92096718298505,29.4,3.7,425.9387411459041,809.5628442681245,915.1393957599976,740.8628521332766,724.971141556713,False
2021-08-20 14:53:00-07:00,17.810267872259068,29.1,4.1,969.904791476252,1839.7078831181332,846.5856590427587,1557.4703106757236,1519.632599163692,False
2021-08-20 14:54:00-07:00,17.699102587564077,29.0,3.3,946.2660967520387,1795.7143356822012,844.5368309977862,1516.5468944343413,1480.2372850993654,False
2021-08-20 14:55:00-07:00,17.58747389601611,29.0,3.1,1021.8423291246532,1937.6498882457354,830.8536558504527,1609.9034934071906,1570.5346120458219,False
2021-08-20 14:56:00-07:00,17.475384361735973,28.9,2.5,1017.0903127782796,1929.0841367437424,826.8479212589333,1595.0592084001473,1556.3469245759732,False
2021-08-20 14:57:00-07:00,17.36283654573752,28.9,2.3,1018.1925001061724,1931.3525196457351,824.8187240323061,1593.0157209107747,1554.4317080654312,False
2021-08-20 14:58:00-07:00,17.24983300478315,29.2,3.9,1017.1183759306124,1928.2646408163841,837.3400668227608,1614.6132431931583,1574.897464560153,False
2021-08-20 14:59:00-07:00,17.13637629229729,29.1,2.9,1017.2267219687334,1929.1487754671302,829.372974545026,1599.9838582490681,1561.0232599918818,False
2021-08-20 15:00:00-07:00,17.022468957226923,29.1,3.9,1028.1290624155354,1949.3468112255337,835.9174683910953,1629.4930514559023,1589.2537045563931,False
2021-08-20 15:01:00-07:00,16.908113545169947,28.9,2.7,1037.2801751402512,1966.8577876257139,825.2654777176418,1623.1798317075989,1583.4608311399932,False
2021-08-20 15:02:00-07:00,16.79331252033477,29.0,3.9,1043.0393545732059,1977.2622552581033,834.0806116885345,1649.19611133433,1608.2561864532277,False
2021-08-20 15:03:00-07:00,16.678068573853263,29.0,4.3,1041.6332547704385,1974.304370346885,837.5962944660421,1653.6700247506635,1612.464130689556,False
2021-08-20 15:04:00-07:00,16.562384162001468,29.0,3.9,1047.0079340684629,1984.2007532298326,833.6668224213339,1654.162336991132,1613.043413990678,False
2021-08-20 15:05:00-07:00,16.44626181287978,28.9,3.9,842.0943136963098,1598.7250730400256,865.4918049795074,1383.6834491314064,1351.449899968305,False
2021-08-20 15:06:00-07:00,16.329704050777373,28.7,3.2,950.1584103741487,1803.1685642638945,844.5434713961351,1522.8542387758143,1486.3192369262192,False
2021-08-20 15:07:00-07:00,16.212713395219353,28.8,4.5,1048.6910406563431,1986.9380886385202,839.2783196319784,1667.594060245312,1625.80598566199,False
2021-08-20 15:08:00-07:00,16.095292361080446,28.9,5.0,1037.900864468298,1966.5882871715887,844.2412611602674,1660.2749757447523,1618.6354376032202,False
2021-08-20 15:09:00-07:00,15.977443458746086,28.9,3.6,1032.1528033661343,1956.5336827546441,833.9967279635662,1631.742689567879,1591.4691883130201,False
2021-08-20 15:10:00-07:00,15.859169193116982,29.0,3.7,1029.3662551706843,1951.343900943895,834.7488269059878,1628.8820322030706,1588.6968261685013,False
2021-08-20 15:11:00-07:00,15.740472064864115,29.0,3.3,1029.9632846197176,1952.9249720975479,831.1869819884774,1623.2458136076923,1583.3676808429739,False
2021-08-20 15:12:00-07:00,15.621354569454054,28.9,2.8,1034.8274820037898,1962.4924493409683,826.4458016052637,1621.893645439874,1582.1917279325305,False
2021-08-20 15:13:00-07:00,15.501819197311272,29.0,2.6,1038.1461040389893,1968.9329506863953,823.5675817623741,1621.5493488490506,1581.93643227199,False
2021-08-20 15:14:00-07:00,15.38186835337185,29.3,3.6,1035.5540272924761,1963.2894631543181,831.3591888062614,1632.1987354798546,1591.9781027308572,False
2021-08-20 15:15:00-07:00,15.26150467814322,29.2,3.8,1031.461184083762,1955.4883558216688,834.1610457691504,1631.1922118815996,1590.935188488308,False
2021-08-20 15:16:00-07:00,15.140730566371067,29.2,3.6,1026.4633866458812,1945.801984440687,833.4763357471863,1621.7799080812272,1581.896443468229,False
2021-08-20 15:17:00-07:00,15.019548487516406,29.4,3.6,1027.3262711756988,1947.5674484723236,832.3082387793514,1620.976432941995,1581.154072875623,False
2021-08-20 15:18:00-07:00,14.897960905648949,29.3,4.5,1032.4378916109094,1956.4188230717966,839.368805992315,1642.1569315426639,1601.3441903892408,False
2021-08-20 15:19:00-07:00,14.77597027956791,29.2,4.3,1033.6486862162308,1958.7225471030345,838.1208575090218,1641.6462208002506,1600.886342358716,False
2021-08-20 15:20:00-07:00,14.653579061859116,29.2,3.2,1028.9426953431255,1951.2397334382083,829.4531668905464,1618.4619762629877,1578.8094553109481,False
2021-08-20 15:21:00-07:00,14.53078970019806,29.3,4.0,1030.0439840530792,1952.374223556324,835.6818411895331,1631.563685832534,1591.2521705832908,False
2021-08-20 15:22:00-07:00,14.407604636368474,29.3,3.3,1035.115062969245,1962.7333511698344,828.8405399498804,1626.7929705612437,1586.843356882931,False
2021-08-20 15:23:00-07:00,14.284026306435667,29.4,3.3,1040.5624049829612,1972.64730301799,827.6013947035407,1632.5656592358669,1592.4311086010123,False
2021-08-20 15:24:00-07:00,14.160057140935471,29.4,3.2,1046.433051907651,1983.894642219521,825.7021096550588,1638.1059914140267,1597.812467515139,False
2021-08-20 15:25:00-07:00,14.035699480355945,29.3,2.9,1046.5079038326817,1984.3366407846236,823.4674192445007,1634.036572499216,1593.9565058682315,False
2021-08-20 15:26:00-07:00,13.910955910328111,29.2,3.1,1042.5023576329909,1976.775606110065,826.3560313313226,1633.520444697683,1593.3829579602639,False
2021-08-20 15:27:00-07:00,13.78582876026878,29.3,2.6,1035.6674120312098,1964.2242491874213,822.5529979064437,1615.678544729647,1576.3121162721995,False
2021-08-20 15:28:00-07:00,13.66032043689137,29.3,1.9,1033.3836882000403,1960.1061471147993,816.5393786916558,1600.5038555348135,1561.8588749674818,False
2021-08-20 15:29:00-07:00,13.534433341135863,29.3,1.2,1034.4257438069426,1962.7684867730736,809.3811440161933,1588.627803263323,1550.605672335198,False
2021-08-20 15:30:00-07:00,13.408169867186876,29.5,1.1,1035.7354354738873,1965.2117075592332,807.1917941523508,1586.3027641139424,1548.4223180565036,False
2021-08-20 15:31:00-07:00,13.281532403819241,29.7,1.4,1033.0515394673369,1960.566674970239,809.4716492278822,1587.0231398093847,1549.057347769662,False
2021-08-20 15:32:00-07:00,13.154523333460197,29.6,1.9,1031.449512371165,1957.1003863851938,815.1581417347403,1595.346314154097,1556.9275534658266,False
2021-08-20 15:33:00-07:00,13.027145032347438,29.5,2.0,1032.869323337481,1959.2560731760404,816.5338743446572,1599.7989522637315,1561.1801536619041,False
2021-08-20 15:34:00-07:00,12.899399870751193,29.5,1.8,1032.8097316437052,1959.0639155242754,814.721061166913,1596.0906321497455,1557.6558415522081,False
2021-08-20 15:35:00-07:00,12.771290211994026,29.6,1.0,1028.2671198571209,1951.1609195601663,807.0838845019747,1574.750534247064,1537.2931833972505,False
2021-08-20 15:36:00-07:00,12.642818327562429,29.7,1.0,1025.7287759672972,1946.8482365153416,806.8712832660359,1570.8559349213529,1533.5451099257275,False
2021-08-20 15:37:00-07:00,12.513986740973825,29.8,1.0,1021.8361322470341,1939.5371443796641,807.0919612832402,1565.3848378390783,1528.2660039620926,False
2021-08-20 15:38:00-07:00,12.384797711083412,29.8,0.5,1020.922351635,1938.505221035073,801.960637295889,1554.6048824626953,1518.00395994642,False
2021-08-20 15:39:00-07:00,12.255253576654924,30.1,0.4,1020.0366634039631,1936.6368927444341,799.7224553058225,1548.7720109014176,1512.4359846603397,False
2021-08-20 15:40:00-07:00,12.12535666935082,30.3,0.6,1021.7943040424688,1939.9972898622436,800.4407019992515,1552.8527925739795,1516.3530573565122,False
2021-08-20 15:41:00-07:00,11.995109315149884,30.3,1.8,1020.2476349929464,1936.10166913114,812.7636594725383,1573.5930777139147,1536.0318055438845,False
2021-08-20 15:42:00-07:00,11.86451383334646,30.2,1.7,1020.3194408941438,1935.9982182938652,812.4090447936557,1572.8224632463384,1535.2982833982571,False
2021-08-20 15:43:00-07:00,11.733572536817197,30.2,1.6,1020.766020412813,1937.0731231435016,811.2962593666887,1571.540178926072,1534.091081492121,False
2021-08-20 15:44:00-07:00,11.60228773218898,30.0,1.8,1021.8533587180434,1938.900891428745,814.033254781046,1578.3298033476128,1540.5635188452918,False
2021-08-20 15:45:00-07:00,11.470661718879377,29.9,3.0,1022.3509054129399,1939.4748144123878,825.198113229074,1600.450957508411,1561.5819446114683,False
2021-08-20 15:46:00-07:00,11.33869679054546,29.8,3.6,1020.9782203909787,1936.35476318532,831.0817498333299,1609.2691048861589,1569.9179427809813,False
2021-08-20 15:47:00-07:00,11.206395145250509,29.7,5.0,1019.7978060120549,1932.6673507727648,843.0603816661959,1629.3552743762828,1588.9315572684975,False
2021-08-20 15:48:00-07:00,11.073759240814743,29.7,3.4,1026.2272988472967,1945.655863560658,829.3355000960066,1613.6014786208057,1574.1341931156455,False
2021-08-20 15:49:00-07:00,10.940791262708048,29.7,3.7,226.3210039425448,429.73135148106303,924.1773338024823,397.14797466310625,386.939689520619,False
2021-08-20 15:50:00-07:00,10.80749347772521,29.3,5.0,659.5082106441857,1252.6511397943764,895.0495198880694,1121.1848012601995,1096.387929619265,False
2021-08-20 15:51:00-07:00,10.673868146863176,28.9,4.1,167.77329123138225,318.30216149258297,926.1105752477471,294.7829978824973,285.80653125354695,False
2021-08-20 15:52:00-07:00,10.539917524304022,28.8,3.3,706.2013467765706,1341.993522047773,881.8860215199885,1183.4853280643074,1157.1549287536811,False
2021-08-20 15:53:00-07:00,10.405643857662996,28.8,2.6,1000.8645275954195,1898.6529682852502,830.8867223686497,1577.5655417340392,1539.393378984615,False
2021-08-20 15:54:00-07:00,10.271049388245357,29.0,2.7,1008.872617199916,1913.7160298202668,829.430271921394,1587.2940069941549,1548.8015451081194,False
2021-08-20 15:55:00-07:00,10.136136350044733,29.3,2.1,1004.2388569955853,1905.6925878025395,823.2431496916344,1568.848368326564,1531.1909404329058,False
2021-08-20 15:56:00-07:00,10.000906971212451,29.4,3.8,1005.6699361845886,1906.7027169327848,837.41523633745,1596.7019063255261,1557.65376262167,False
2021-08-20 15:57:00-07:00,9.865363473110408,29.4,2.5,1007.0389478273448,1910.3439154237049,826.0503644479118,1578.0402875566022,1539.9751739895312,False
2021-08-20 15:58:00-07:00,9.729508070507428,29.5,2.2,1010.6893139296337,1917.4071885945004,822.2336772802857,1576.5567635217108,1538.6441265822837,False
2021-08-20 15:59:00-07:00,9.593342880472484,29.6,3.8,1010.0714332134887,1915.544918720823,835.5046106766684,1600.4466115495118,1561.3088615316271,False
2021-08-20 16:00:00-07:00,9.456870286776276,29.3,4.6,1008.7788554588872,1912.1111116077693,843.6726716106551,1613.1958899465462,1573.3668993785996,False
2021-08-20 16:01:00-07:00,9.320092393566224,29.3,4.3,1005.7858770531766,1906.7236815345755,841.7953114921656,1605.0710554268871,1565.5963025726257,False
2021-08-20 16:02:00-07:00,9.183011389418274,29.2,3.7,1002.1032844528198,1900.4709149585028,837.9564953829753,1592.5119474759038,1553.6054324376514,False
2021-08-20 16:03:00-07:00,9.04562945634814,29.2,3.2,997.5163856923889,1892.488366094961,834.4244407850716,1579.1385465710416,1540.8175346321673,False
2021-08-20 16:04:00-07:00,8.907948770117375,29.2,3.2,1000.5275265925617,1897.8924419093044,834.0506119487361,1582.9383525873366,1544.487058231131,False
2021-08-20 16:05:00-07:00,8.769971499188262,29.3,2.7,1002.7021555734154,1902.214935541766,828.9598525006986,1576.8598123913284,1538.7630964630912,False
2021-08-20 16:06:00-07:00,8.631699806303732,29.2,3.8,1004.1512341406991,1904.1640050645146,838.4833346584171,1596.6097847030214,1557.5372735976975,False
2021-08-20 16:07:00-07:00,8.493135847433441,29.2,4.9,1000.7286490009731,1896.7119240509767,847.6620307110829,1607.770681214976,1568.0411066293,False
2021-08-20 16:08:00-07:00,8.354281772105221,29.0,5.1,996.3670375585269,1888.500821227472,850.6934808003404,1606.5353371042995,1566.7728554842736,False
2021-08-20 16:09:00-07:00,8.215139723609282,29.0,4.4,995.4875934667543,1887.4565043660787,845.5264973704438,1595.8944870757125,1556.6654189636092,False
2021-08-20 16:10:00-07:00,8.075711744458948,29.0,4.2,993.5851236821661,1883.6955408261526,844.4165323390234,1590.6236565669014,1551.6197273339378,False
2021-08-20 16:11:00-07:00,7.936000152064972,29.0,4.4,994.0972995770572,1884.6886528051489,845.8077415094976,1594.084252877701,1554.9153861257473,False
2021-08-20 16:12:00-07:00,7.796006976797499,29.0,4.4,995.158499694724,1886.4285097323166,845.7599637620323,1595.4657080308687,1556.246566621466,False
2021-08-20 16:13:00-07:00,7.655734336035112,29.0,4.0,993.1145013851678,1883.0603479117908,842.872232241755,1587.179278890347,1548.3432458518894,False
2021-08-20 16:14:00-07:00,7.515184341050528,29.0,4.2,990.3064549811191,1877.832883301548,844.7859708467723,1586.3668754078922,1547.5114869076992,False
2021-08-20 16:15:00-07:00,7.3743590959807355,29.0,4.0,987.7769440787079,1873.0389103618656,843.695045335267,1580.2736483924734,1541.672034158739,False
2021-08-20 16:16:00-07:00,7.233260699429371,29.0,3.9,985.8539940828424,1869.5596542103847,843.1762292567049,1576.3682596075812,1537.9241472801682,False
2021-08-20 16:17:00-07:00,7.091891243440392,29.1,3.5,986.4026711761775,1870.668010233505,839.4893644806367,1570.4058990651822,1532.2756305531,False
2021-08-20 16:18:00-07:00,6.9502528137776185,29.0,3.1,986.5020548083573,1871.2212156153903,836.6136113876387,1565.4891389011589,1527.612406723024,False
2021-08-20 16:19:00-07:00,6.808347490221994,28.9,2.9,985.2971385515226,1869.2345550234488,835.5434619469168,1561.8267112950969,1524.1109153550328,False
2021-08-20 16:20:00-07:00,6.666177345542928,29.0,2.5,985.2581587792245,1869.5398295916127,831.5716355414071,1554.6562938033012,1517.3020235876559,False
2021-08-20 16:21:00-07:00,6.523744351498224,29.2,2.2,985.337572655311,1870.1452052263917,827.8241963318964,1548.1514515404874,1511.1271093809328,False
2021-08-20 16:22:00-07:00,6.38105076006479,29.5,2.4,982.9111220422215,1865.5194296844816,828.5186122954984,1545.6175690924763,1508.6669602539212,False
2021-08-20 16:23:00-07:00,6.238098530595967,29.5,2.9,980.4808646949875,1860.0817036294277,833.4669456586236,1550.316616199508,1513.0714435527634,False
2021-08-20 16:24:00-07:00,6.094889712069186,29.3,3.4,926.6163331267023,1758.5756457063294,846.9946787120168,1489.5042140258101,1454.0910638438104,False
2021-08-20 16:25:00-07:00,5.951426346571614,29.2,3.0,852.2647066692687,1618.6172316051084,856.0649308721671,1385.6414484825257,1353.5571802403294,False
2021-08-20 16:26:00-07:00,5.807710470935406,29.1,3.3,424.8535363425796,807.2888764877534,915.5816015450173,739.1388424441349,723.2762344541426,False
2021-08-20 16:27:00-07:00,5.663744115743327,29.0,2.6,977.7245571703725,1855.0721915830095,833.794973607593,1546.7498690211353,1509.6253022841759,False
2021-08-20 16:28:00-07:00,5.519529305570203,29.0,2.0,868.4230015368443,1649.661855259177,846.7979721191829,1396.93031371584,1364.6834750311925,False
2021-08-20 16:29:00-07:00,5.375068059353242,29.2,1.5,974.2632737284606,1849.322326577803,823.5463301716865,1523.002615357715,1486.9844539033604,False
2021-08-20 16:30:00-07:00,5.230362389294304,29.4,1.7,847.6986453863594,1611.2447789410708,845.6023990659959,1362.4724505551296,1331.3835975997397,False
2021-08-20 16:31:00-07:00,5.085414302545806,29.6,2.5,935.2505312854875,1775.7612806281775,836.7840692199844,1485.928750367337,1450.8889901033233,False
2021-08-20 16:32:00-07:00,4.940225702707329,29.5,3.1,944.0282167265352,1791.9111681617505,840.7468328388511,1506.5436393605578,1470.682782852127,False
2021-08-20 16:33:00-07:00,4.794798779760482,29.3,3.1,911.8022739313794,1730.7662554084252,847.0461693918218,1466.0389267563341,1431.4428691884366,False
2021-08-20 16:34:00-07:00,4.649135426194164,29.2,3.2,942.4284058968022,1788.6752712457135,843.3269070812755,1508.4379842724093,1472.4465199597814,False
2021-08-20 16:35:00-07:00,4.503237625242748,29.1,3.3,870.7612548980323,1653.461614445377,855.8239626230386,1415.0720709197296,1382.010423681704,False
2021-08-20 16:36:00-07:00,4.357107355285272,29.0,3.2,616.8433891334545,1172.662107191256,892.6102026355544,1046.7301611230232,1024.01290920747,False
2021-08-20 16:37:00-07:00,4.210746588792948,28.9,3.7,72.21399420046332,136.76229483401104,902.6134796329917,123.44349082271984,116.21583289142524,False
2021-08-20 16:38:00-07:00,4.064157292648684,28.8,4.5,715.3697744835089,1358.5646694575976,887.6939617839002,1205.9896537704496,1178.8792421185444,False
2021-08-20 16:39:00-07:00,3.9173414284445705,28.8,4.6,841.9207129255284,1597.8645798440805,870.6972420371403,1391.256282819075,1358.6520085751567,False
2021-08-20 16:40:00-07:00,3.770300951459572,28.8,4.3,881.8793597084133,1673.1842510220922,863.0289216445362,1444.0063998722171,1409.7906517703136,False
2021-08-20 16:41:00-07:00,3.6230378123137332,28.8,4.0,891.8693656322678,1692.176882701421,859.4550748550287,1454.3500093900989,1419.862142533267,False
2021-08-20 16:42:00-07:00,3.475553955945648,28.8,3.4,914.6324834011043,1735.7901068385092,851.3852323764552,1477.8260634674564,1442.7155658582556,False
2021-08-20 16:43:00-07:00,3.3278513219047845,28.9,2.8,925.154720207024,1756.3168196672723,844.3810413161807,1483.0006250717743,1447.8787727509464,False
2021-08-20 16:44:00-07:00,3.1799317454383838,28.9,3.1,928.8574536944589,1762.90099385286,846.2757291288449,1491.9003239547947,1456.4204894872282,False
2021-08-20 16:45:00-07:00,3.0317973533088183,28.9,3.3,928.9585093849665,1762.9239136541714,847.8473335736678,1494.690339484944,1459.0739638256186,False
2021-08-20 16:46:00-07:00,2.88344997039791,28.9,3.3,922.9127809919188,1751.7096004304221,848.7141018538978,1486.7006402381555,1451.3440982322468,False
2021-08-20 16:47:00-07:00,2.734891515201759,28.9,4.0,925.3030570726334,1755.715223775754,853.655505643131,1498.7759671176343,1462.8732840635662,False
2021-08-20 16:48:00-07:00,2.5861239011063577,28.9,3.2,922.6826767936363,1751.0399407218554,848.118887334622,1485.0900462035022,1449.804430527883,False
2021-08-20 16:49:00-07:00,2.4371490363854984,28.9,3.3,919.6664874865523,1745.5903931891169,849.2252358974699,1482.3994134363852,1447.181212177993,False
2021-08-20 16:50:00-07:00,2.287968824555068,28.9,3.3,919.2983467716614,1744.9785469786395,849.2431823418888,1481.9111343544648,1446.7095881309972,False
2021-08-20 16:51:00-07:00,2.1385851632973547,28.8,4.0,917.9627569833937,1741.779949829168,855.3043579962739,1489.7519817594189,1454.1279108129213,False
2021-08-20 16:52:00-07:00,1.9889999461923098,28.8,3.8,916.5522741123273,1738.902232459855,854.2170475630372,1485.3999310126317,1449.9554647079942,False
2021-08-20 16:53:00-07:00,1.8392150616382634,28.8,3.8,912.4231331832794,1731.5789109174325,854.6237589753971,1479.8484778107809,1444.5889592474773,False
2021-08-20 16:54:00-07:00,1.68923239319648,28.8,3.5,911.5800655722771,1729.8181177754393,852.6945988965773,1475.0065661005606,1439.962942509155,False
2021-08-20 16:55:00-07:00,1.5390537191410856,28.8,3.0,911.5286856417131,1730.2269470964602,848.7714839436926,1468.5672934464278,1433.8421843579217,False
2021-08-20 16:56:00-07:00,1.3886811143592255,28.8,3.0,911.2424894112401,1729.7510071034128,848.7858895815884,1468.188247318919,1433.475947491631,False
2021-08-20 16:57:00-07:00,1.2381163478303687,29.0,2.4,909.4700587141892,1727.0055129195032,843.2086822898823,1456.2260428562167,1422.0602295089966,False
2021-08-20 16:58:00-07:00,1.0873612842715916,28.9,3.8,906.9236064555964,1720.7978809984083,855.1866532621881,1471.603380791694,1436.6184821874194,False
2021-08-20 16:59:00-07:00,0.9364177838092255,28.8,3.7,905.420363986211,1718.2086068736883,855.0738270241875,1469.1952091053822,1434.296936744284,False
2021-08-20 17:00:00-07:00,0.7852877023380328,28.8,3.4,905.0566103048202,1717.5228194684569,852.9856768479026,1465.0223646660195,1430.3192218995391,False
2021-08-20 17:01:00-07:00,0.6339728904350463,28.8,3.8,903.5033295464552,1714.8264758248051,855.9544571731551,1467.8133652607755,1432.9420598605286,False
2021-08-20 17:02:00-07:00,0.48247519509724945,28.7,4.4,900.8131785670093,1708.9835805707555,861.3242286366032,1471.988964287726,1436.8429810142995,False
2021-08-20 17:03:00-07:00,0.3307964586943182,28.7,3.7,896.0775287713179,1700.4881420520078,857.0403855597123,1457.3870129039717,1422.851579532226,False
2021-08-20 17:04:00-07:00,0.17893851927676038,28.8,3.4,887.5954870221615,1684.6694331370643,855.6602803277335,1441.5047194176245,1407.548797204841,False
2021-08-20 17:05:00-07:00,0.026903210947486395,28.9,4.1,880.2700612489466,1670.547630492382,861.2562954534669,1438.769663616436,1404.775588619863,False
2021-08-20 17:06:00-07:00,0.12530773938318143,28.9,4.0,873.3643986098004,1657.3438972312588,861.7112372741635,1428.151860271932,1394.509950418597,False
2021-08-20 17:07:00-07:00,0.27769230179584325,28.9,3.7,870.9608183758035,1653.2960308123847,859.8011788057462,1421.5058762073497,1388.1343664194628,False
2021-08-20 17:08:00-07:00,0.430248756899325,28.9,3.7,868.8648413185583,1649.0914181720598,860.2481012402491,1418.627761254104,1385.343341295236,False
2021-08-20 17:09:00-07:00,0.5829752873005905,28.9,3.3,872.0315466194112,1655.9296216662228,856.5575981511272,1418.399099441725,1385.2081608295507,False
2021-08-20 17:10:00-07:00,0.7358700792964648,28.9,3.1,874.8176351229331,1661.2190915467609,854.6926124667895,1419.8316852338078,1386.6357029943442,False
2021-08-20 17:11:00-07:00,0.8889313239334647,28.9,3.9,867.1648267051046,1646.2695108303585,861.6466068496767,1418.5025379670556,1385.1898646927036,False
2021-08-20 17:12:00-07:00,1.0421572152494252,28.9,3.5,866.0671364774098,1643.9225069081374,859.2512973775758,1412.5425468490141,1379.4867587848296,False
2021-08-20 17:13:00-07:00,1.1955459513527082,29.0,3.2,852.2147304073355,1618.6573242313084,858.3607542579704,1389.391921712374,1357.1310627891744,False
2021-08-20 17:14:00-07:00,1.3490957340883287,29.0,2.7,832.919900626188,1582.1618186706614,857.904685225961,1357.3440370231879,1326.1468040603654,False
2021-08-20 17:15:00-07:00,1.5028047686780772,29.0,3.3,828.5525675038949,1573.7426062255138,862.7731957434709,1357.7829376508453,1326.4627836136283,False
2021-08-20 17:16:00-07:00,1.6566712648111608,28.9,2.7,853.2983579441615,1620.539907340077,855.2377718029245,1385.946939471245,1353.8713731821333,False
2021-08-20 17:17:00-07:00,1.8106935382038638,28.9,2.4,850.298588459314,1615.423507021515,853.2486441732107,1378.357917131641,1346.577857542147,False
2021-08-20 17:18:00-07:00,2.662145454405941,28.7,3.0,848.1769433909376,1610.7952428723486,859.1720731456709,1383.95028823182,1351.851386879265,False
2021-08-20 17:19:00-07:00,8.976640133229504,28.6,3.7,835.5029124431044,1585.906898116726,866.8222684671013,1374.6994150031646,1342.7332179662853,False
2021-08-20 17:20:00-07:00,12.426137096144783,28.5,3.3,813.1639467548297,1544.2462052008837,867.7461152444898,1340.013645544112,1309.1600641857162,False
2021-08-20 17:21:00-07:00,15.118699553936889,28.5,3.0,805.345865717039,1529.7294138456716,866.8106264916808,1325.9857115783182,1295.6038204085912,False
2021-08-20 17:22:00-07:00,17.40920094943613,28.4,3.1,287.40225085745953,545.6823779603494,928.7196659944989,506.78595579841965,494.94704114545954,False
2021-08-20 17:23:00-07:00,19.44032242058553,28.4,2.8,253.88436975966687,481.88827571288704,929.2049447305233,447.77296860008033,436.8152136248499,False
2021-08-20 17:24:00-07:00,21.286482030387305,28.4,2.7,701.9198271122967,1333.869616517344,880.968342218785,1175.096904799291,1149.0291158160837,False
2021-08-20 17:25:00-07:00,22.992314071694356,28.4,2.3,761.2014822036801,1446.4408186133378,869.3292024030951,1257.4332431684127,1229.144084166026,False
2021-08-20 17:26:00-07:00,24.587078030328183,28.4,2.5,723.3764338646154,1374.7932463663983,876.3988065042631,1204.8671603056328,1178.0165868993456,False
2021-08-20 17:27:00-07:00,26.091181204129505,28.4,2.2,143.27462220406892,271.65899997384935,923.6539593241818,250.91891091189373,242.4296717511026,False
2021-08-20 17:28:00-07:00,27.51952463729344,28.3,2.9,175.48415544518292,332.85560769987063,928.3434069078107,309.00430886046763,299.84848047256844,False
2021-08-20 17:29:00-07:00,28.883381251664208,28.3,3.0,564.4661675422609,1072.7147786571725,902.272276507183,967.8808053819062,947.0290562469845,False
2021-08-20 17:30:00-07:00,30.19151926281164,28.3,2.7,487.9508593097563,927.4761917230935,910.2096904295836,844.197817349086,826.1592996032588,False
2021-08-20 17:31:00-07:00,31.45092124415166,28.3,2.6,71.46974565508881,135.33468922241622,904.7411197133675,122.44285826314946,115.20880097277916,False
2021-08-20 17:32:00-07:00,32.66725202589676,28.2,2.7,212.814111360065,403.8884000770213,929.9141454053732,375.58153639676675,365.60158828714503,False
2021-08-20 17:33:00-07:00,33.845182564908015,28.2,2.6,224.56182374103477,426.1660438346171,929.9808879802551,396.3262758723496,386.07392990613613,False
2021-08-20 17:34:00-07:00,34.98861773618354,28.1,2.8,46.60133799798701,88.13862477174143,889.4878736544567,78.39823793504432,71.55472452994432,False
2021-08-20 17:35:00-07:00,36.100861145415486,28.1,2.7,130.11997048353817,246.6780465248575,923.7447618356823,227.86755333719586,219.60668234720853,False
2021-08-20 17:36:00-07:00,37.184737021747814,28.1,2.5,79.98718853808057,151.45159445432117,909.8995411793429,137.80573630486674,130.42357551485904,False
2021-08-20 17:37:00-07:00,38.242682078517326,28.0,2.7,46.07391157906969,87.14306507872317,889.4524313128225,77.50961110632184,70.67179307790559,False
2021-08-20 17:38:00-07:00,39.276815944483864,28.0,2.7,58.77611458568133,111.2083800395686,899.4023172998028,100.02107471074513,92.9776991593945,False
2021-08-20 17:39:00-07:00,40.288995952193545,28.0,2.5,46.07474476550215,87.14389936295123,889.3761907990082,77.50370926679369,70.66638090875747,False
2021-08-20 17:40:00-07:00,41.28086099272378,28.0,2.5,43.82092902334941,82.87090789083739,887.2881669921952,73.53037595944015,66.72969116405017,False
2021-08-20 17:41:00-07:00,42.25386334343014,28.0,2.7,40.873018845005475,77.28149505949784,884.4358493597338,68.35052472273705,61.59761431757008,False
2021-08-20 17:42:00-07:00,43.209300445157844,28.0,2.3,39.9939670760006,75.61318248554521,883.3823529754185,66.79535106004064,60.0577641080877,False
2021-08-20 17:43:00-07:00,44.148334877891344,28.0,2.3,40.1039344095559,75.82173824310485,883.4980798706227,66.98836015023609,60.24896371191031,False
2021-08-20 17:44:00-07:00,45.07201363623178,27.9,2.5,38.621373319714685,73.01444831163518,882.4520260338961,64.43174784234964,57.71339043125461,False
2021-08-20 17:45:00-07:00,45.981283541834856,27.9,2.5,37.182001936794386,70.28416715680066,880.8396197460938,61.9090790725672,55.21464780543501,False
2021-08-20 17:46:00-07:00,46.87700411669514,27.9,2.6,36.72826282008524,69.42369720932224,880.3480217184659,61.117014498608626,54.42996583980568,False
2021-08-20 17:47:00-07:00,47.75995838663451,27.9,2.5,37.597441631942004,71.07221667015062,881.3119940116607,62.63679699239923,55.935444184158236,False
2021-08-20 17:48:00-07:00,48.63086203498107,28.0,2.2,37.98363126196224,71.80002823088746,881.1692924345172,63.26798007298947,56.56381153507169,False
2021-08-20 17:49:00-07:00,49.49037118278111,27.9,2.2,38.344386363013726,72.48824578029087,882.048448722357,63.93814474111051,57.224997303997704,False
2021-08-20 17:50:00-07:00,50.33908904465657,27.9,2.1,39.08620135195333,73.89498989730178,882.8242404067545,65.23628832595024,58.511080602205894,False
2021-08-20 17:51:00-07:00,51.177572217783116,27.9,2.2,52.832359551383966,99.95416178618522,895.3418578587982,89.49314491436198,82.54421497359117,False
2021-08-20 17:52:00-07:00,52.00633337450904,27.9,2.1,209.47419692162197,397.43272469345163,930.4715829243739,369.7998564514629,359.8889250304338,False
2021-08-20 17:53:00-07:00,52.825848931099635,28.0,2.4,334.26734129100294,634.8506254635811,926.0612876417462,587.9105876769717,574.7649052265208,False
2021-08-20 17:54:00-07:00,53.63656052681075,28.0,2.2,395.21301226436043,751.0176669274238,919.8825077264678,690.8480148000797,675.8885804087715,False
2021-08-20 17:55:00-07:00,54.438878854444944,28.0,2.2,387.2647375225994,735.7846799909987,920.788142640131,677.5018088719748,662.7878945617666,False
2021-08-20 17:56:00-07:00,55.23318653143543,28.0,2.5,379.1290362686851,720.2998255932806,922.5511519354309,664.513433839971,650.0239338863382,False
2021-08-20 17:57:00-07:00,56.019840612121996,28.0,2.7,370.24549024942195,703.2439834037095,924.1728737331325,649.9190130777416,635.6826228639426,False
2021-08-20 17:58:00-07:00,56.799174818371164,28.0,2.9,360.34840102428814,684.5001845829323,925.4943275432198,633.5010380337907,619.5509211622995,False
2021-08-20 17:59:00-07:00,57.571501505762875,28.1,2.9,350.58745381876537,665.9099098000894,925.7974358360367,616.4976869907293,602.8515334781912,False
2021-08-20 18:00:00-07:00,58.33711340645187,28.1,2.6,339.61281038485305,645.0645193819507,925.6974003983911,597.1345486811093,583.8325575475538,False
2021-08-20 18:01:00-07:00,59.09628518369825,28.1,2.8,320.65826876795836,608.8824509005989,927.7451376161099,564.8877332028104,552.1158188758201,False
2021-08-20 18:02:00-07:00,59.84927530350856,28.1,2.5,315.83619855171,599.726384128631,927.2108141738163,556.0727889094268,543.45467901094,False
2021-08-20 18:03:00-07:00,60.59632525051747,28.1,2.2,310.0133296715373,588.7282674821643,926.6363178335375,545.5369939841906,533.0996913626503,False
2021-08-20 18:04:00-07:00,61.337663647261515,28.1,2.5,302.45213356796904,574.3542811331332,927.874774107432,532.9288488640426,520.6832860059045,False
2021-08-20 18:05:00-07:00,62.07350520064715,28.2,2.5,294.69055949138885,559.5774982067829,927.8245380842797,519.1897337960652,507.16501197867996,False
2021-08-20 18:06:00-07:00,62.80405207820801,28.3,1.8,286.1171308330994,543.4834143359246,925.6090315096942,503.0531567850571,491.3058442027307,False
2021-08-20 18:07:00-07:00,63.52949466664468,28.3,1.5,277.23144861866444,526.4823998946848,925.444105838987,487.2300338105006,475.72741221782314,False
2021-08-20 18:08:00-07:00,64.25001225557658,28.3,1.7,268.06348218383016,509.0357331610397,926.3760521835917,471.55851290610417,460.2816284672918,False
2021-08-20 18:09:00-07:00,64.96577363363741,28.3,1.9,257.7759402613418,489.50978570634663,927.1500374007693,453.8490161256819,442.82423735790724,False
2021-08-20 18:10:00-07:00,65.67693760962312,28.3,1.8,247.36009055316572,469.7024613042673,927.1969274674865,435.5066789452325,424.7438719812136,False
2021-08-20 18:11:00-07:00,66.38365347054045,28.3,1.2,238.3327475803604,452.59100728736377,925.9122386381811,419.05955274495227,408.5385448216196,False
2021-08-20 18:12:00-07:00,67.08606136054429,28.3,0.7,229.9179006558541,436.62410890326413,924.8473595577282,403.8106542384297,393.5070826359793,False
2021-08-20 18:13:00-07:00,67.78429261050368,28.3,0.4,221.27717077141858,420.0925898679949,924.5025769712831,388.3766818995016,378.2809310984114,False
2021-08-20 18:14:00-07:00,68.47847046459647,28.4,0.5,212.44925570679774,403.3901510434657,924.0937101560604,372.77030131816986,362.88001193576065,False
2021-08-20 18:15:00-07:00,69.16870842442727,28.5,0.8,203.05108701639162,385.4816417965938,924.2518901887074,356.2821360635481,346.5978600154835,False
2021-08-20 18:16:00-07:00,69.85511319335698,28.5,0.7,193.82551684051995,367.8822106296384,924.0220065038214,339.93125842305994,330.4490876841364,False
2021-08-20 18:17:00-07:00,70.53778289204769,28.5,0.9,184.90907226972325,350.8829339552871,924.2420421246337,324.3007594255175,315.0026366541668,False
2021-08-20 18:18:00-07:00,71.21680755880246,28.4,0.8,175.73396655868007,333.5264017622281,923.90776046225,308.14763090717287,299.03912855570763,False
2021-08-20 18:19:00-07:00,71.89226911586297,28.4,1.2,166.3025261336594,315.4929572076878,924.2898355782012,291.60693354357426,282.6807792992472,False
2021-08-20 18:20:00-07:00,72.56424127232476,28.3,1.1,149.8119855904567,284.17797139652674,923.0880207135779,262.3212811468196,253.71909267991808,False
2021-08-20 18:21:00-07:00,73.23278936704202,28.2,0.8,106.40578101022429,201.6698065935788,916.1132461709864,184.75238117311852,176.94399382039663,False
2021-08-20 18:22:00-07:00,73.89797012896476,28.1,0.8,60.76877824175891,115.00562192448093,898.9036675435807,103.37897533604635,96.31594950441692,False
2021-08-20 18:23:00-07:00,74.55983137537903,28.0,0.7,30.624203024630308,57.87192411298365,870.9883071297878,50.40576921351118,43.83182840657493,False
2021-08-20 18:24:00-07:00,75.21841162449974,27.9,0.6,24.56044462139594,46.38301193066248,861.5802331330904,39.96268623263509,33.49627661601162,False
2021-08-20 18:25:00-07:00,75.8737400614323,27.8,0.6,23.40153646392792,44.18543939756852,859.9554372805837,37.99750885857076,31.550045930917292,False
2021-08-20 18:26:00-07:00,76.52583422562886,27.8,0.6,22.184506861219408,41.890834877682686,857.2905377074882,35.912616357304195,29.49028369872899,False
2021-08-20 18:27:00-07:00,77.17470198244904,27.7,0.6,21.07638949302884,39.78900081931229,855.5253879681719,34.04050036280806,27.637108361813965,False
2021-08-20 18:28:00-07:00,77.82033900968887,27.7,0.5,20.0671455403402,37.87251717868935,853.3417262418088,32.31819918638533,25.935173397829452,False
2021-08-20 18:29:00-07:00,78.46272837482532,27.7,0.5,18.96063360460384,35.78012950445977,850.6344980446557,30.435812500998914,24.07663639648248,False
2021-08-20 18:30:00-07:00,79.10183956869705,27.6,0.5,17.82633717304851,33.64136430572002,848.0663443628551,28.530108846131018,22.193956859599513,False
2021-08-20 18:31:00-07:00,79.73762744732339,27.6,0.5,17.137141535546988,32.33247468909683,846.3133432466923,27.3634047495686,21.042242253229983,False
2021-08-20 18:32:00-07:00,80.37003107845237,27.6,0.4,16.446742132024365,31.028681328965323,844.2667615188495,26.19648429980595,19.891831630510172,False
2021-08-20 18:33:00-07:00,80.99897254339587,27.5,0.2,15.755301244706683,29.717408437368952,842.8093264769469,25.046108989739267,18.75462966685392,False
2021-08-20 18:34:00-07:00,81.62435572359591,27.5,0.2,14.963172912808513,28.224036936211327,840.1857178518175,23.713432733926926,17.4421773620835,False
2021-08-20 18:35:00-07:00,82.24606515439959,27.4,0.2,14.269798488212619,26.909024686019613,838.5542658590924,22.56467744056937,16.30737906488087,False
2021-08-20 18:36:00-07:00,82.8639654856492,27.4,0.2,13.47574376697355,25.41092622912908,835.6685984639164,21.235113107566264,14.999236973621523,False
2021-08-20 18:37:00-07:00,83.47789923556715,27.3,0.2,12.7807742007588,24.092791027403727,833.782711274692,20.08815262500325,13.867433568197377,False
2021-08-20 18:38:00-07:00,84.08768934926871,27.3,0.9,11.985199475356005,22.587876238506045,830.7778749568361,18.76550782121406,12.566610751416926,False
2021-08-20 18:39:00-07:00,84.69313867055479,27.1,1.3,11.088975230197006,20.889490785023487,828.298252107661,17.302728704654047,11.123336743368418,False
2021-08-20 18:40:00-07:00,85.29403316184894,26.9,1.6,10.491781056340065,19.76638592780927,826.4987322297967,16.336892910099255,10.171177094225794,False
2021-08-20 18:41:00-07:00,85.89014726556789,26.8,1.9,9.794174177580118,18.443512706894207,823.8994682682334,15.195600312208542,9.048481902831055,False
2021-08-20 18:42:00-07:00,86.48125306385587,26.7,2.3,9.096054772438762,17.124071891951733,820.8733817788028,14.05669480376976,7.930335034184971,False
2021-08-20 18:43:00-07:00,87.06713503281955,26.7,2.2,8.297493038598795,15.62084619419008,816.05396347167,12.747453449550168,6.651914678523533,False
2021-08-20 18:44:00-07:00,87.64761282879505,26.7,2.2,7.69849626257051,14.487520432030271,812.4414426395108,11.770262000068062,5.6977020229815825,False
2021-08-20 18:45:00-07:00,88.22257542248664,26.6,2.5,7.0992092007185486,13.356664154522404,808.9494419992226,10.804866014771918,4.754513202319916,False
2021-08-20 18:46:00-07:00,88.79203088880433,26.6,2.5,6.599657520858061,12.413684817947935,805.3023077902449,9.996769032074196,3.968740444351404,False
2021-08-20 18:47:00-07:00,89.35617749299148,26.6,2.3,6.199907801854704,11.662538646403833,801.9340740986192,9.352587131043226,3.34471978331794,False
2021-08-20 18:48:00-07:00,89.91549970186412,26.6,2.4,5.699998523790167,10.716666417977544,797.8974657704905,8.550800976412003,2.567139096642646,False
2021-08-20 18:49:00-07:00,,26.7,2.4,,,,,,False
2021-08-20 18:50:00-07:00,,26.8,2.4,,,,,,False
2021-08-20 18:51:00-07:00,,26.8,2.6,,,,,,False
2021-08-20 18:52:00-07:00,,26.8,2.7,,,,,,False
2021-08-20 18:53:00-07:00,,26.7,2.7,,,,,,False
2021-08-20 18:54:00-07:00,,26.8,2.8,,,,,,False
2021-08-20 18:55:00-07:00,,26.8,2.7,,,,,,False
2021-08-20 18:56:00-07:00,,26.8,2.5,,,,,,False
2021-08-20 18:57:00-07:00,,26.8,2.6,,,,,,False
2021-08-20 18:58:00-07:00,,26.8,2.2,,,,,,False
2021-08-20 18:59:00-07:00,,26.7,2.1,,,,,,False
2021-08-20 19:00:00-07:00,,26.5,2.3,,,,,,False
2021-08-20 19:01:00-07:00,,26.3,2.3,,,,,,False
2021-08-20 19:02:00-07:00,,26.4,2.4,,,,,,False
2021-08-20 19:03:00-07:00,,26.4,2.2,,,,,,False
2021-08-20 19:04:00-07:00,,26.3,2.4,,,,,,False
2021-08-20 19:05:00-07:00,,26.2,2.4,,,,,,False
2021-08-20 19:06:00-07:00,,26.3,2.4,,,,,,False
2021-08-20 19:07:00-07:00,,26.3,2.3,,,,,,False
2021-08-20 19:08:00-07:00,,26.3,2.1,,,,,,False
2021-08-20 19:09:00-07:00,,26.1,2.6,,,,,,False
2021-08-20 19:10:00-07:00,,26.1,2.4,,,,,,False
2021-08-20 19:11:00-07:00,,26.0,2.5,,,,,,False
2021-08-20 19:12:00-07:00,,25.9,2.6,,,,,,False
2021-08-20 19:13:00-07:00,,25.6,3.1,,,,,,False
2021-08-20 19:14:00-07:00,,25.5,3.2,,,,,,False
2021-08-20 19:15:00-07:00,,25.6,3.1,,,,,,False
2021-08-20 19:16:00-07:00,,25.6,3.1,,,,,,False
2021-08-20 19:17:00-07:00,,25.6,3.2,,,,,,False
2021-08-20 19:18:00-07:00,,25.6,3.2,,,,,,False
2021-08-20 19:19:00-07:00,,25.4,3.4,,,,,,False
2021-08-20 19:20:00-07:00,,25.3,3.3,,,,,,False
2021-08-20 19:21:00-07:00,,25.3,3.1,,,,,,False
2021-08-20 19:22:00-07:00,,25.1,3.5,,,,,,False
2021-08-20 19:23:00-07:00,,24.8,3.5,,,,,,False
2021-08-20 19:24:00-07:00,,24.9,3.3,,,,,,False
2021-08-20 19:25:00-07:00,,25.0,3.2,,,,,,False
2021-08-20 19:26:00-07:00,,24.8,3.3,,,,,,False
2021-08-20 19:27:00-07:00,,24.7,3.2,,,,,,False
2021-08-20 19:28:00-07:00,,24.8,3.4,,,,,,False
2021-08-20 19:29:00-07:00,,24.7,3.8,,,,,,False
2021-08-20 19:30:00-07:00,,24.6,3.7,,,,,,False
2021-08-20 19:31:00-07:00,,24.5,3.9,,,,,,False
2021-08-20 19:32:00-07:00,,24.6,4.1,,,,,,False
2021-08-20 19:33:00-07:00,,24.6,4.2,,,,,,False
2021-08-20 19:34:00-07:00,,24.5,4.2,,,,,,False
2021-08-20 19:35:00-07:00,,24.5,4.3,,,,,,False
2021-08-20 19:36:00-07:00,,24.4,4.2,,,,,,False
2021-08-20 19:37:00-07:00,,24.3,4.3,,,,,,False
2021-08-20 19:38:00-07:00,,24.3,4.2,,,,,,False
2021-08-20 19:39:00-07:00,,24.3,4.2,,,,,,False
2021-08-20 19:40:00-07:00,,24.3,4.3,,,,,,False
2021-08-20 19:41:00-07:00,,24.4,4.2,,,,,,False
2021-08-20 19:42:00-07:00,,24.4,4.2,,,,,,False
2021-08-20 19:43:00-07:00,,24.4,4.0,,,,,,False
2021-08-20 19:44:00-07:00,,24.3,4.1,,,,,,False
2021-08-20 19:45:00-07:00,,24.3,4.1,,,,,,False
2021-08-20 19:46:00-07:00,,24.3,4.1,,,,,,False
2021-08-20 19:47:00-07:00,,24.3,4.2,,,,,,False
2021-08-20 19:48:00-07:00,,24.2,4.1,,,,,,False
2021-08-20 19:49:00-07:00,,24.2,4.3,,,,,,False
2021-08-20 19:50:00-07:00,,24.2,4.2,,,,,,False
2021-08-20 19:51:00-07:00,,24.1,4.2,,,,,,False
2021-08-20 19:52:00-07:00,,24.0,4.1,,,,,,False
2021-08-20 19:53:00-07:00,,24.0,4.1,,,,,,False
2021-08-20 19:54:00-07:00,,24.1,4.2,,,,,,False
2021-08-20 19:55:00-07:00,,24.1,4.0,,,,,,False
2021-08-20 19:56:00-07:00,,24.1,4.1,,,,,,False
2021-08-20 19:57:00-07:00,,24.1,4.3,,,,,,False
2021-08-20 19:58:00-07:00,,24.2,4.3,,,,,,False
2021-08-20 19:59:00-07:00,,24.2,4.2,,,,,,False
2021-08-20 20:00:00-07:00,,24.2,4.2,,,,,,False
2021-08-20 20:01:00-07:00,,24.2,4.2,,,,,,False
2021-08-20 20:02:00-07:00,,24.2,4.4,,,,,,False
2021-08-20 20:03:00-07:00,,24.1,4.3,,,,,,False
2021-08-20 20:04:00-07:00,,24.0,4.2,,,,,,False
2021-08-20 20:05:00-07:00,,23.9,4.2,,,,,,False
2021-08-20 20:06:00-07:00,,23.9,4.3,,,,,,False
2021-08-20 20:07:00-07:00,,23.9,4.3,,,,,,False
2021-08-20 20:08:00-07:00,,23.8,4.4,,,,,,False
2021-08-20 20:09:00-07:00,,23.9,4.4,,,,,,False
2021-08-20 20:10:00-07:00,,23.9,4.6,,,,,,False
2021-08-20 20:11:00-07:00,,24.0,4.5,,,,,,False
2021-08-20 20:12:00-07:00,,23.9,4.5,,,,,,False
2021-08-20 20:13:00-07:00,,24.0,4.4,,,,,,False
2021-08-20 20:14:00-07:00,,23.9,4.4,,,,,,False
2021-08-20 20:15:00-07:00,,23.9,4.2,,,,,,False
2021-08-20 20:16:00-07:00,,23.8,4.3,,,,,,False
2021-08-20 20:17:00-07:00,,23.8,4.3,,,,,,False
2021-08-20 20:18:00-07:00,,23.8,4.4,,,,,,False
2021-08-20 20:19:00-07:00,,23.8,4.4,,,,,,False
2021-08-20 20:20:00-07:00,,23.7,4.2,,,,,,False
2021-08-20 20:21:00-07:00,,23.7,4.1,,,,,,False
2021-08-20 20:22:00-07:00,,23.8,4.2,,,,,,False
2021-08-20 20:23:00-07:00,,23.7,4.2,,,,,,False
2021-08-20 20:24:00-07:00,,23.6,4.1,,,,,,False
2021-08-20 20:25:00-07:00,,23.6,4.2,,,,,,False
2021-08-20 20:26:00-07:00,,23.6,4.2,,,,,,False
2021-08-20 20:27:00-07:00,,23.6,4.2,,,,,,False
2021-08-20 20:28:00-07:00,,23.6,4.3,,,,,,False
2021-08-20 20:29:00-07:00,,23.6,4.2,,,,,,False
2021-08-20 20:30:00-07:00,,23.6,4.2,,,,,,False
2021-08-20 20:31:00-07:00,,23.6,4.2,,,,,,False
2021-08-20 20:32:00-07:00,,23.6,4.3,,,,,,False
2021-08-20 20:33:00-07:00,,23.4,4.5,,,,,,False
2021-08-20 20:34:00-07:00,,23.4,4.2,,,,,,False
2021-08-20 20:35:00-07:00,,23.5,4.2,,,,,,False
2021-08-20 20:36:00-07:00,,23.4,4.3,,,,,,False
2021-08-20 20:37:00-07:00,,23.4,4.3,,,,,,False
2021-08-20 20:38:00-07:00,,23.4,4.3,,,,,,False
2021-08-20 20:39:00-07:00,,23.6,4.4,,,,,,False
2021-08-20 20:40:00-07:00,,23.7,4.3,,,,,,False
2021-08-20 20:41:00-07:00,,23.7,4.3,,,,,,False
2021-08-20 20:42:00-07:00,,23.7,4.2,,,,,,False
2021-08-20 20:43:00-07:00,,23.6,4.1,,,,,,False
2021-08-20 20:44:00-07:00,,23.6,4.1,,,,,,False
2021-08-20 20:45:00-07:00,,23.6,4.1,,,,,,False
2021-08-20 20:46:00-07:00,,23.7,4.1,,,,,,False
2021-08-20 20:47:00-07:00,,23.7,4.0,,,,,,False
2021-08-20 20:48:00-07:00,,23.8,4.0,,,,,,False
2021-08-20 20:49:00-07:00,,23.8,4.0,,,,,,False
2021-08-20 20:50:00-07:00,,23.9,4.1,,,,,,False
2021-08-20 20:51:00-07:00,,23.9,4.2,,,,,,False
2021-08-20 20:52:00-07:00,,23.9,4.3,,,,,,False
2021-08-20 20:53:00-07:00,,23.9,4.1,,,,,,False
2021-08-20 20:54:00-07:00,,24.0,4.2,,,,,,False
2021-08-20 20:55:00-07:00,,23.9,4.2,,,,,,False
2021-08-20 20:56:00-07:00,,23.9,4.1,,,,,,False
2021-08-20 20:57:00-07:00,,23.9,4.0,,,,,,False
2021-08-20 20:58:00-07:00,,24.0,4.1,,,,,,False
2021-08-20 20:59:00-07:00,,24.0,4.1,,,,,,False
2021-08-20 21:00:00-07:00,,24.0,4.2,,,,,,False
2021-08-20 21:01:00-07:00,,24.1,4.1,,,,,,False
2021-08-20 21:02:00-07:00,,24.1,4.1,,,,,,False
2021-08-20 21:03:00-07:00,,24.1,4.1,,,,,,False
2021-08-20 21:04:00-07:00,,24.1,4.0,,,,,,False
2021-08-20 21:05:00-07:00,,24.1,4.0,,,,,,False
2021-08-20 21:06:00-07:00,,24.1,4.1,,,,,,False
2021-08-20 21:07:00-07:00,,24.1,4.2,,,,,,False
2021-08-20 21:08:00-07:00,,24.1,4.1,,,,,,False
2021-08-20 21:09:00-07:00,,24.1,4.2,,,,,,False
2021-08-20 21:10:00-07:00,,24.1,4.1,,,,,,False
2021-08-20 21:11:00-07:00,,24.0,4.1,,,,,,False
2021-08-20 21:12:00-07:00,,23.9,4.1,,,,,,False
2021-08-20 21:13:00-07:00,,23.8,4.1,,,,,,False
2021-08-20 21:14:00-07:00,,23.8,4.1,,,,,,False
2021-08-20 21:15:00-07:00,,23.7,4.2,,,,,,False
2021-08-20 21:16:00-07:00,,23.7,4.1,,,,,,False
2021-08-20 21:17:00-07:00,,23.6,4.2,,,,,,False
2021-08-20 21:18:00-07:00,,23.7,4.1,,,,,,False
2021-08-20 21:19:00-07:00,,23.6,4.1,,,,,,False
2021-08-20 21:20:00-07:00,,23.5,4.1,,,,,,False
2021-08-20 21:21:00-07:00,,23.5,4.0,,,,,,False
2021-08-20 21:22:00-07:00,,23.5,3.9,,,,,,False
2021-08-20 21:23:00-07:00,,23.6,4.0,,,,,,False
2021-08-20 21:24:00-07:00,,23.7,3.9,,,,,,False
2021-08-20 21:25:00-07:00,,23.7,3.8,,,,,,False
2021-08-20 21:26:00-07:00,,23.6,3.9,,,,,,False
2021-08-20 21:27:00-07:00,,23.7,3.9,,,,,,False
2021-08-20 21:28:00-07:00,,23.7,4.0,,,,,,False
2021-08-20 21:29:00-07:00,,23.7,3.9,,,,,,False
2021-08-20 21:30:00-07:00,,23.6,3.9,,,,,,False
2021-08-20 21:31:00-07:00,,23.5,4.0,,,,,,False
2021-08-20 21:32:00-07:00,,23.5,4.0,,,,,,False
2021-08-20 21:33:00-07:00,,23.5,3.9,,,,,,False
2021-08-20 21:34:00-07:00,,23.3,4.0,,,,,,False
2021-08-20 21:35:00-07:00,,23.2,4.2,,,,,,False
2021-08-20 21:36:00-07:00,,23.2,4.3,,,,,,False
2021-08-20 21:37:00-07:00,,23.1,4.4,,,,,,False
2021-08-20 21:38:00-07:00,,23.1,4.4,,,,,,False
2021-08-20 21:39:00-07:00,,23.1,4.2,,,,,,False
2021-08-20 21:40:00-07:00,,23.1,4.2,,,,,,False
2021-08-20 21:41:00-07:00,,22.9,4.4,,,,,,False
2021-08-20 21:42:00-07:00,,23.0,4.3,,,,,,False
2021-08-20 21:43:00-07:00,,22.9,4.3,,,,,,False
2021-08-20 21:44:00-07:00,,22.9,4.3,,,,,,False
2021-08-20 21:45:00-07:00,,23.0,4.2,,,,,,False
2021-08-20 21:46:00-07:00,,23.0,4.1,,,,,,False
2021-08-20 21:47:00-07:00,,22.7,4.1,,,,,,False
2021-08-20 21:48:00-07:00,,22.7,4.1,,,,,,False
2021-08-20 21:49:00-07:00,,22.7,4.2,,,,,,False
2021-08-20 21:50:00-07:00,,22.8,4.2,,,,,,False
2021-08-20 21:51:00-07:00,,22.9,4.0,,,,,,False
2021-08-20 21:52:00-07:00,,22.9,4.1,,,,,,False
2021-08-20 21:53:00-07:00,,22.9,4.2,,,,,,False
2021-08-20 21:54:00-07:00,,22.9,3.6,,,,,,False
2021-08-20 21:55:00-07:00,,22.8,4.0,,,,,,False
2021-08-20 21:56:00-07:00,,22.7,3.8,,,,,,False
2021-08-20 21:57:00-07:00,,22.6,4.0,,,,,,False
2021-08-20 21:58:00-07:00,,22.7,3.8,,,,,,False
2021-08-20 21:59:00-07:00,,22.7,3.9,,,,,,False
2021-08-20 22:00:00-07:00,,22.7,3.8,,,,,,False
2021-08-20 22:01:00-07:00,,22.7,3.9,,,,,,False
2021-08-20 22:02:00-07:00,,22.7,4.1,,,,,,False
2021-08-20 22:03:00-07:00,,22.7,4.0,,,,,,False
2021-08-20 22:04:00-07:00,,22.8,4.1,,,,,,False
2021-08-20 22:05:00-07:00,,22.8,3.9,,,,,,False
2021-08-20 22:06:00-07:00,,22.7,3.9,,,,,,False
2021-08-20 22:07:00-07:00,,22.6,3.9,,,,,,False
2021-08-20 22:08:00-07:00,,22.5,4.0,,,,,,False
2021-08-20 22:09:00-07:00,,22.4,3.9,,,,,,False
2021-08-20 22:10:00-07:00,,22.4,3.8,,,,,,False
2021-08-20 22:11:00-07:00,,22.5,3.5,,,,,,False
2021-08-20 22:12:00-07:00,,22.6,3.7,,,,,,False
2021-08-20 22:13:00-07:00,,22.7,3.9,,,,,,False
2021-08-20 22:14:00-07:00,,22.6,4.3,,,,,,False
2021-08-20 22:15:00-07:00,,22.8,3.9,,,,,,False
2021-08-20 22:16:00-07:00,,22.9,4.3,,,,,,False
2021-08-20 22:17:00-07:00,,22.8,4.9,,,,,,False
2021-08-20 22:18:00-07:00,,22.8,5.2,,,,,,False
2021-08-20 22:19:00-07:00,,23.0,4.8,,,,,,False
2021-08-20 22:20:00-07:00,,23.0,4.5,,,,,,False
2021-08-20 22:21:00-07:00,,23.0,4.0,,,,,,False
2021-08-20 22:22:00-07:00,,22.9,4.2,,,,,,False
2021-08-20 22:23:00-07:00,,22.8,4.4,,,,,,False
2021-08-20 22:24:00-07:00,,22.8,4.2,,,,,,False
2021-08-20 22:25:00-07:00,,22.8,4.0,,,,,,False
2021-08-20 22:26:00-07:00,,22.8,3.9,,,,,,False
2021-08-20 22:27:00-07:00,,22.7,4.1,,,,,,False
2021-08-20 22:28:00-07:00,,22.8,4.2,,,,,,False
2021-08-20 22:29:00-07:00,,22.7,4.1,,,,,,False
2021-08-20 22:30:00-07:00,,22.7,4.2,,,,,,False
2021-08-20 22:31:00-07:00,,22.6,4.0,,,,,,False
2021-08-20 22:32:00-07:00,,22.5,4.2,,,,,,False
2021-08-20 22:33:00-07:00,,22.4,4.2,,,,,,False
2021-08-20 22:34:00-07:00,,22.5,4.5,,,,,,False
2021-08-20 22:35:00-07:00,,22.6,4.5,,,,,,False
2021-08-20 22:36:00-07:00,,22.6,4.3,,,,,,False
2021-08-20 22:37:00-07:00,,22.6,4.4,,,,,,False
2021-08-20 22:38:00-07:00,,22.8,4.5,,,,,,False
2021-08-20 22:39:00-07:00,,22.8,4.6,,,,,,False
2021-08-20 22:40:00-07:00,,22.9,4.2,,,,,,False
2021-08-20 22:41:00-07:00,,22.8,4.2,,,,,,False
2021-08-20 22:42:00-07:00,,22.9,4.2,,,,,,False
2021-08-20 22:43:00-07:00,,23.0,4.1,,,,,,False
2021-08-20 22:44:00-07:00,,23.1,4.7,,,,,,False
2021-08-20 22:45:00-07:00,,23.1,4.6,,,,,,False
2021-08-20 22:46:00-07:00,,23.1,4.2,,,,,,False
2021-08-20 22:47:00-07:00,,23.0,4.0,,,,,,False
2021-08-20 22:48:00-07:00,,23.0,4.0,,,,,,False
2021-08-20 22:49:00-07:00,,22.9,4.1,,,,,,False
2021-08-20 22:50:00-07:00,,23.0,4.0,,,,,,False
2021-08-20 22:51:00-07:00,,23.0,3.9,,,,,,False
2021-08-20 22:52:00-07:00,,22.8,4.0,,,,,,False
2021-08-20 22:53:00-07:00,,22.6,3.9,,,,,,False
2021-08-20 22:54:00-07:00,,22.8,3.8,,,,,,False
2021-08-20 22:55:00-07:00,,22.8,3.9,,,,,,False
2021-08-20 22:56:00-07:00,,22.7,4.2,,,,,,False
2021-08-20 22:57:00-07:00,,22.6,4.2,,,,,,False
2021-08-20 22:58:00-07:00,,22.5,4.3,,,,,,False
2021-08-20 22:59:00-07:00,,22.3,4.4,,,,,,False
2021-08-20 23:00:00-07:00,,22.5,4.2,,,,,,False
2021-08-20 23:01:00-07:00,,22.7,3.9,,,,,,False
2021-08-20 23:02:00-07:00,,22.9,3.6,,,,,,False
2021-08-20 23:03:00-07:00,,23.1,3.7,,,,,,False
2021-08-20 23:04:00-07:00,,22.9,4.1,,,,,,False
2021-08-20 23:05:00-07:00,,22.5,3.9,,,,,,False
2021-08-20 23:06:00-07:00,,22.5,3.8,,,,,,False
2021-08-20 23:07:00-07:00,,22.6,3.8,,,,,,False
2021-08-20 23:08:00-07:00,,22.5,3.9,,,,,,False
2021-08-20 23:09:00-07:00,,22.5,3.7,,,,,,False
2021-08-20 23:10:00-07:00,,22.3,3.8,,,,,,False
2021-08-20 23:11:00-07:00,,21.9,3.9,,,,,,False
2021-08-20 23:12:00-07:00,,22.0,3.7,,,,,,False
2021-08-20 23:13:00-07:00,,21.8,3.5,,,,,,False
2021-08-20 23:14:00-07:00,,21.7,3.4,,,,,,False
2021-08-20 23:15:00-07:00,,21.8,3.4,,,,,,False
2021-08-20 23:16:00-07:00,,21.9,3.5,,,,,,False
2021-08-20 23:17:00-07:00,,22.1,3.9,,,,,,False
2021-08-20 23:18:00-07:00,,22.4,4.1,,,,,,False
2021-08-20 23:19:00-07:00,,22.5,4.5,,,,,,False
2021-08-20 23:20:00-07:00,,22.7,4.8,,,,,,False
2021-08-20 23:21:00-07:00,,23.0,4.7,,,,,,False
2021-08-20 23:22:00-07:00,,23.0,4.8,,,,,,False
2021-08-20 23:23:00-07:00,,23.1,4.7,,,,,,False
2021-08-20 23:24:00-07:00,,23.2,4.6,,,,,,False
2021-08-20 23:25:00-07:00,,23.3,4.6,,,,,,False
2021-08-20 23:26:00-07:00,,23.1,4.6,,,,,,False
2021-08-20 23:27:00-07:00,,23.1,4.2,,,,,,False
2021-08-20 23:28:00-07:00,,23.1,4.3,,,,,,False
2021-08-20 23:29:00-07:00,,23.1,4.2,,,,,,False
2021-08-20 23:30:00-07:00,,23.1,4.5,,,,,,False
2021-08-20 23:31:00-07:00,,23.0,4.5,,,,,,False
2021-08-20 23:32:00-07:00,,23.0,4.4,,,,,,False
2021-08-20 23:33:00-07:00,,22.9,4.3,,,,,,False
2021-08-20 23:34:00-07:00,,22.9,4.4,,,,,,False
2021-08-20 23:35:00-07:00,,22.9,4.6,,,,,,False
2021-08-20 23:36:00-07:00,,22.8,4.6,,,,,,False
2021-08-20 23:37:00-07:00,,22.9,4.3,,,,,,False
2021-08-20 23:38:00-07:00,,22.8,4.2,,,,,,False
2021-08-20 23:39:00-07:00,,22.7,4.4,,,,,,False
2021-08-20 23:40:00-07:00,,22.8,4.6,,,,,,False
2021-08-20 23:41:00-07:00,,22.9,4.8,,,,,,False
2021-08-20 23:42:00-07:00,,22.8,4.6,,,,,,False
2021-08-20 23:43:00-07:00,,22.9,4.6,,,,,,False
2021-08-20 23:44:00-07:00,,22.9,4.7,,,,,,False
2021-08-20 23:45:00-07:00,,22.9,4.8,,,,,,False
2021-08-20 23:46:00-07:00,,23.0,5.0,,,,,,False
2021-08-20 23:47:00-07:00,,23.1,4.7,,,,,,False
2021-08-20 23:48:00-07:00,,23.0,4.7,,,,,,False
2021-08-20 23:49:00-07:00,,23.0,4.8,,,,,,False
2021-08-20 23:50:00-07:00,,23.0,4.7,,,,,,False
2021-08-20 23:51:00-07:00,,22.9,4.9,,,,,,False
2021-08-20 23:52:00-07:00,,22.9,5.2,,,,,,False
2021-08-20 23:53:00-07:00,,22.7,5.4,,,,,,False
2021-08-20 23:54:00-07:00,,22.4,5.4,,,,,,False
2021-08-20 23:55:00-07:00,,22.6,5.6,,,,,,False
2021-08-20 23:56:00-07:00,,22.9,5.6,,,,,,False
2021-08-20 23:57:00-07:00,,22.4,5.7,,,,,,False
2021-08-20 23:58:00-07:00,,22.4,5.5,,,,,,False
2021-08-20 23:59:00-07:00,,22.1,5.5,,,,,,False
2021-08-21 00:00:00-07:00,,21.9,5.8,,,,,,False
2021-08-21 00:01:00-07:00,,21.8,5.7,,,,,,False
2021-08-21 00:02:00-07:00,,21.9,5.6,,,,,,False
2021-08-21 00:03:00-07:00,,21.5,5.7,,,,,,False
2021-08-21 00:04:00-07:00,,21.4,5.8,,,,,,False
2021-08-21 00:05:00-07:00,,21.9,5.6,,,,,,False
2021-08-21 00:06:00-07:00,,21.9,5.5,,,,,,False
2021-08-21 00:07:00-07:00,,21.6,5.6,,,,,,False
2021-08-21 00:08:00-07:00,,21.7,5.4,,,,,,False
2021-08-21 00:09:00-07:00,,21.7,5.5,,,,,,False
2021-08-21 00:10:00-07:00,,21.6,5.3,,,,,,False
2021-08-21 00:11:00-07:00,,21.3,5.3,,,,,,False
2021-08-21 00:12:00-07:00,,21.1,4.9,,,,,,False
2021-08-21 00:13:00-07:00,,20.8,4.8,,,,,,False
2021-08-21 00:14:00-07:00,,20.6,4.6,,,,,,False
2021-08-21 00:15:00-07:00,,20.5,4.4,,,,,,False
2021-08-21 00:16:00-07:00,,20.5,4.4,,,,,,False
2021-08-21 00:17:00-07:00,,20.4,4.4,,,,,,False
2021-08-21 00:18:00-07:00,,20.4,5.1,,,,,,False
2021-08-21 00:19:00-07:00,,20.8,5.5,,,,,,False
2021-08-21 00:20:00-07:00,,21.1,5.3,,,,,,False
2021-08-21 00:21:00-07:00,,21.3,5.3,,,,,,False
2021-08-21 00:22:00-07:00,,21.5,5.5,,,,,,False
2021-08-21 00:23:00-07:00,,21.7,5.1,,,,,,False
2021-08-21 00:24:00-07:00,,22.1,4.5,,,,,,False
2021-08-21 00:25:00-07:00,,22.5,4.1,,,,,,False
2021-08-21 00:26:00-07:00,,22.9,3.8,,,,,,False
2021-08-21 00:27:00-07:00,,23.0,4.0,,,,,,False
2021-08-21 00:28:00-07:00,,22.3,4.2,,,,,,False
2021-08-21 00:29:00-07:00,,22.1,4.1,,,,,,False
2021-08-21 00:30:00-07:00,,22.2,4.1,,,,,,False
2021-08-21 00:31:00-07:00,,22.5,4.0,,,,,,False
2021-08-21 00:32:00-07:00,,22.5,4.2,,,,,,False
2021-08-21 00:33:00-07:00,,22.2,3.9,,,,,,False
2021-08-21 00:34:00-07:00,,22.0,3.9,,,,,,False
2021-08-21 00:35:00-07:00,,22.2,3.8,,,,,,False
2021-08-21 00:36:00-07:00,,22.0,3.8,,,,,,False
2021-08-21 00:37:00-07:00,,21.8,3.8,,,,,,False
2021-08-21 00:38:00-07:00,,21.7,3.4,,,,,,False
2021-08-21 00:39:00-07:00,,21.7,3.3,,,,,,False
2021-08-21 00:40:00-07:00,,22.0,2.7,,,,,,False
2021-08-21 00:41:00-07:00,,22.1,2.6,,,,,,False
2021-08-21 00:42:00-07:00,,22.0,2.5,,,,,,False
2021-08-21 00:43:00-07:00,,22.0,1.9,,,,,,False
2021-08-21 00:44:00-07:00,,22.1,1.5,,,,,,False
2021-08-21 00:45:00-07:00,,21.9,1.6,,,,,,False
2021-08-21 00:46:00-07:00,,21.6,1.5,,,,,,False
2021-08-21 00:47:00-07:00,,21.2,1.3,,,,,,False
2021-08-21 00:48:00-07:00,,20.9,1.6,,,,,,False
2021-08-21 00:49:00-07:00,,20.8,1.7,,,,,,False
2021-08-21 00:50:00-07:00,,20.7,1.8,,,,,,False
2021-08-21 00:51:00-07:00,,20.7,1.6,,,,,,False
2021-08-21 00:52:00-07:00,,20.9,1.1,,,,,,False
2021-08-21 00:53:00-07:00,,21.0,0.7,,,,,,False
2021-08-21 00:54:00-07:00,,21.2,0.3,,,,,,False
2021-08-21 00:55:00-07:00,,21.4,0.5,,,,,,False
2021-08-21 00:56:00-07:00,,21.5,0.2,,,,,,False
2021-08-21 00:57:00-07:00,,21.6,0.2,,,,,,False
2021-08-21 00:58:00-07:00,,21.7,0.5,,,,,,False
2021-08-21 00:59:00-07:00,,21.8,0.6,,,,,,False
2021-08-21 01:00:00-07:00,,21.8,0.5,,,,,,False
2021-08-21 01:01:00-07:00,,21.9,0.7,,,,,,False
2021-08-21 01:02:00-07:00,,22.0,1.0,,,,,,False
2021-08-21 01:03:00-07:00,,22.2,1.1,,,,,,False
2021-08-21 01:04:00-07:00,,22.2,1.1,,,,,,False
2021-08-21 01:05:00-07:00,,22.3,1.4,,,,,,False
2021-08-21 01:06:00-07:00,,22.5,1.4,,,,,,False
2021-08-21 01:07:00-07:00,,22.5,1.3,,,,,,False
2021-08-21 01:08:00-07:00,,22.5,1.0,,,,,,False
2021-08-21 01:09:00-07:00,,22.4,1.6,,,,,,False
2021-08-21 01:10:00-07:00,,22.2,2.0,,,,,,False
2021-08-21 01:11:00-07:00,,22.1,1.6,,,,,,False
2021-08-21 01:12:00-07:00,,22.1,1.4,,,,,,False
2021-08-21 01:13:00-07:00,,22.0,1.5,,,,,,False
2021-08-21 01:14:00-07:00,,22.1,1.1,,,,,,False
2021-08-21 01:15:00-07:00,,22.1,1.2,,,,,,False
2021-08-21 01:16:00-07:00,,22.1,1.5,,,,,,False
2021-08-21 01:17:00-07:00,,22.2,1.5,,,,,,False
2021-08-21 01:18:00-07:00,,22.3,1.5,,,,,,False
2021-08-21 01:19:00-07:00,,22.3,1.6,,,,,,False
2021-08-21 01:20:00-07:00,,22.2,1.2,,,,,,False
2021-08-21 01:21:00-07:00,,22.2,1.0,,,,,,False
2021-08-21 01:22:00-07:00,,21.8,1.7,,,,,,False
2021-08-21 01:23:00-07:00,,21.3,1.8,,,,,,False
2021-08-21 01:24:00-07:00,,20.6,1.8,,,,,,False
2021-08-21 01:25:00-07:00,,20.3,1.5,,,,,,False
2021-08-21 01:26:00-07:00,,20.3,1.1,,,,,,False
2021-08-21 01:27:00-07:00,,20.2,0.7,,,,,,False
2021-08-21 01:28:00-07:00,,20.2,0.6,,,,,,False
2021-08-21 01:29:00-07:00,,20.2,0.6,,,,,,False
2021-08-21 01:30:00-07:00,,20.2,0.4,,,,,,False
2021-08-21 01:31:00-07:00,,20.1,0.9,,,,,,False
2021-08-21 01:32:00-07:00,,19.8,1.7,,,,,,False
2021-08-21 01:33:00-07:00,,19.5,2.3,,,,,,False
2021-08-21 01:34:00-07:00,,19.3,1.9,,,,,,False
2021-08-21 01:35:00-07:00,,18.9,2.0,,,,,,False
2021-08-21 01:36:00-07:00,,18.6,2.2,,,,,,False
2021-08-21 01:37:00-07:00,,18.7,2.6,,,,,,False
2021-08-21 01:38:00-07:00,,18.9,2.7,,,,,,False
2021-08-21 01:39:00-07:00,,19.1,2.6,,,,,,False
2021-08-21 01:40:00-07:00,,19.1,2.3,,,,,,False
2021-08-21 01:41:00-07:00,,19.0,2.5,,,,,,False
2021-08-21 01:42:00-07:00,,19.3,2.8,,,,,,False
2021-08-21 01:43:00-07:00,,19.5,3.1,,,,,,False
2021-08-21 01:44:00-07:00,,19.6,3.3,,,,,,False
2021-08-21 01:45:00-07:00,,19.8,3.5,,,,,,False
2021-08-21 01:46:00-07:00,,19.9,3.6,,,,,,False
2021-08-21 01:47:00-07:00,,20.1,3.3,,,,,,False
2021-08-21 01:48:00-07:00,,20.3,3.2,,,,,,False
2021-08-21 01:49:00-07:00,,20.4,2.9,,,,,,False
2021-08-21 01:50:00-07:00,,20.6,3.0,,,,,,False
2021-08-21 01:51:00-07:00,,20.8,3.4,,,,,,False
2021-08-21 01:52:00-07:00,,21.0,3.6,,,,,,False
2021-08-21 01:53:00-07:00,,21.1,3.7,,,,,,False
2021-08-21 01:54:00-07:00,,21.1,3.8,,,,,,False
2021-08-21 01:55:00-07:00,,21.1,3.9,,,,,,False
2021-08-21 01:56:00-07:00,,20.8,4.1,,,,,,False
2021-08-21 01:57:00-07:00,,21.0,4.1,,,,,,False
2021-08-21 01:58:00-07:00,,21.1,4.3,,,,,,False
2021-08-21 01:59:00-07:00,,21.2,4.5,,,,,,False
2021-08-21 02:00:00-07:00,,21.2,4.3,,,,,,False
2021-08-21 02:01:00-07:00,,21.3,4.3,,,,,,False
2021-08-21 02:02:00-07:00,,21.3,4.2,,,,,,False
2021-08-21 02:03:00-07:00,,21.3,4.3,,,,,,False
2021-08-21 02:04:00-07:00,,21.5,4.4,,,,,,False
2021-08-21 02:05:00-07:00,,21.5,4.1,,,,,,False
2021-08-21 02:06:00-07:00,,21.6,4.1,,,,,,False
2021-08-21 02:07:00-07:00,,21.7,4.2,,,,,,False
2021-08-21 02:08:00-07:00,,21.7,4.2,,,,,,False
2021-08-21 02:09:00-07:00,,21.7,3.8,,,,,,False
2021-08-21 02:10:00-07:00,,21.5,4.2,,,,,,False
2021-08-21 02:11:00-07:00,,21.6,4.0,,,,,,False
2021-08-21 02:12:00-07:00,,21.6,4.2,,,,,,False
2021-08-21 02:13:00-07:00,,21.6,4.0,,,,,,False
2021-08-21 02:14:00-07:00,,21.6,4.4,,,,,,False
2021-08-21 02:15:00-07:00,,21.6,4.5,,,,,,False
2021-08-21 02:16:00-07:00,,21.6,4.5,,,,,,False
2021-08-21 02:17:00-07:00,,21.5,4.6,,,,,,False
2021-08-21 02:18:00-07:00,,21.4,4.4,,,,,,False
2021-08-21 02:19:00-07:00,,21.3,4.7,,,,,,False
2021-08-21 02:20:00-07:00,,21.3,4.5,,,,,,False
2021-08-21 02:21:00-07:00,,21.2,4.7,,,,,,False
2021-08-21 02:22:00-07:00,,21.3,4.5,,,,,,False
2021-08-21 02:23:00-07:00,,21.4,4.5,,,,,,False
2021-08-21 02:24:00-07:00,,21.4,4.0,,,,,,False
2021-08-21 02:25:00-07:00,,21.2,4.3,,,,,,False
2021-08-21 02:26:00-07:00,,21.0,4.3,,,,,,False
2021-08-21 02:27:00-07:00,,21.1,4.4,,,,,,False
2021-08-21 02:28:00-07:00,,21.0,4.7,,,,,,False
2021-08-21 02:29:00-07:00,,21.1,4.6,,,,,,False
2021-08-21 02:30:00-07:00,,21.4,4.8,,,,,,False
2021-08-21 02:31:00-07:00,,21.5,4.6,,,,,,False
2021-08-21 02:32:00-07:00,,21.5,4.3,,,,,,False
2021-08-21 02:33:00-07:00,,21.4,4.1,,,,,,False
2021-08-21 02:34:00-07:00,,21.3,3.9,,,,,,False
2021-08-21 02:35:00-07:00,,21.3,3.6,,,,,,False
2021-08-21 02:36:00-07:00,,21.3,3.3,,,,,,False
2021-08-21 02:37:00-07:00,,21.0,3.2,,,,,,False
2021-08-21 02:38:00-07:00,,20.9,3.2,,,,,,False
2021-08-21 02:39:00-07:00,,20.9,3.5,,,,,,False
2021-08-21 02:40:00-07:00,,21.1,3.2,,,,,,False
2021-08-21 02:41:00-07:00,,21.1,2.9,,,,,,False
2021-08-21 02:42:00-07:00,,21.0,3.0,,,,,,False
2021-08-21 02:43:00-07:00,,20.7,3.4,,,,,,False
2021-08-21 02:44:00-07:00,,20.5,3.4,,,,,,False
2021-08-21 02:45:00-07:00,,20.3,3.6,,,,,,False
2021-08-21 02:46:00-07:00,,20.6,3.8,,,,,,False
2021-08-21 02:47:00-07:00,,20.8,3.9,,,,,,False
2021-08-21 02:48:00-07:00,,21.0,3.2,,,,,,False
2021-08-21 02:49:00-07:00,,20.9,3.7,,,,,,False
2021-08-21 02:50:00-07:00,,21.0,3.7,,,,,,False
2021-08-21 02:51:00-07:00,,21.0,3.5,,,,,,False
2021-08-21 02:52:00-07:00,,20.7,3.6,,,,,,False
2021-08-21 02:53:00-07:00,,20.6,3.7,,,,,,False
2021-08-21 02:54:00-07:00,,20.4,4.1,,,,,,False
2021-08-21 02:55:00-07:00,,20.1,4.4,,,,,,False
2021-08-21 02:56:00-07:00,,19.6,4.7,,,,,,False
2021-08-21 02:57:00-07:00,,19.5,4.7,,,,,,False
2021-08-21 02:58:00-07:00,,19.7,4.5,,,,,,False
2021-08-21 02:59:00-07:00,,19.6,4.4,,,,,,False
2021-08-21 03:00:00-07:00,,19.7,4.3,,,,,,False
2021-08-21 03:01:00-07:00,,20.0,4.1,,,,,,False
2021-08-21 03:02:00-07:00,,20.1,4.1,,,,,,False
2021-08-21 03:03:00-07:00,,20.2,4.2,,,,,,False
2021-08-21 03:04:00-07:00,,20.3,4.2,,,,,,False
2021-08-21 03:05:00-07:00,,20.3,4.5,,,,,,False
2021-08-21 03:06:00-07:00,,20.3,4.5,,,,,,False
2021-08-21 03:07:00-07:00,,20.3,4.7,,,,,,False
2021-08-21 03:08:00-07:00,,20.2,4.9,,,,,,False
2021-08-21 03:09:00-07:00,,20.3,4.9,,,,,,False
2021-08-21 03:10:00-07:00,,20.4,4.8,,,,,,False
2021-08-21 03:11:00-07:00,,20.6,4.6,,,,,,False
2021-08-21 03:12:00-07:00,,20.4,4.8,,,,,,False
2021-08-21 03:13:00-07:00,,20.2,4.8,,,,,,False
2021-08-21 03:14:00-07:00,,20.0,4.9,,,,,,False
2021-08-21 03:15:00-07:00,,19.9,4.9,,,,,,False
2021-08-21 03:16:00-07:00,,19.9,4.8,,,,,,False
2021-08-21 03:17:00-07:00,,19.7,4.9,,,,,,False
2021-08-21 03:18:00-07:00,,19.6,4.7,,,,,,False
2021-08-21 03:19:00-07:00,,19.6,4.8,,,,,,False
2021-08-21 03:20:00-07:00,,19.7,4.8,,,,,,False
2021-08-21 03:21:00-07:00,,20.0,4.7,,,,,,False
2021-08-21 03:22:00-07:00,,20.3,4.7,,,,,,False
2021-08-21 03:23:00-07:00,,20.4,4.7,,,,,,False
2021-08-21 03:24:00-07:00,,20.3,4.7,,,,,,False
2021-08-21 03:25:00-07:00,,20.1,4.5,,,,,,False
2021-08-21 03:26:00-07:00,,20.1,4.4,,,,,,False
2021-08-21 03:27:00-07:00,,20.2,4.3,,,,,,False
2021-08-21 03:28:00-07:00,,20.3,4.2,,,,,,False
2021-08-21 03:29:00-07:00,,20.4,4.3,,,,,,False
2021-08-21 03:30:00-07:00,,20.2,4.2,,,,,,False
2021-08-21 03:31:00-07:00,,20.3,4.3,,,,,,False
2021-08-21 03:32:00-07:00,,20.3,4.3,,,,,,False
2021-08-21 03:33:00-07:00,,20.4,4.2,,,,,,False
2021-08-21 03:34:00-07:00,,20.5,4.5,,,,,,False
2021-08-21 03:35:00-07:00,,20.4,4.5,,,,,,False
2021-08-21 03:36:00-07:00,,20.3,4.5,,,,,,False
2021-08-21 03:37:00-07:00,,20.2,4.7,,,,,,False
2021-08-21 03:38:00-07:00,,20.1,4.7,,,,,,False
2021-08-21 03:39:00-07:00,,20.2,4.8,,,,,,False
2021-08-21 03:40:00-07:00,,20.4,4.8,,,,,,False
2021-08-21 03:41:00-07:00,,20.5,4.6,,,,,,False
2021-08-21 03:42:00-07:00,,20.5,4.5,,,,,,False
2021-08-21 03:43:00-07:00,,20.6,4.4,,,,,,False
2021-08-21 03:44:00-07:00,,20.8,4.5,,,,,,False
2021-08-21 03:45:00-07:00,,20.9,3.9,,,,,,False
2021-08-21 03:46:00-07:00,,20.5,3.6,,,,,,False
2021-08-21 03:47:00-07:00,,20.1,3.9,,,,,,False
2021-08-21 03:48:00-07:00,,19.9,4.0,,,,,,False
2021-08-21 03:49:00-07:00,,20.1,3.8,,,,,,False
2021-08-21 03:50:00-07:00,,20.2,3.9,,,,,,False
2021-08-21 03:51:00-07:00,,20.2,4.1,,,,,,False
2021-08-21 03:52:00-07:00,,20.2,4.1,,,,,,False
2021-08-21 03:53:00-07:00,,20.2,3.8,,,,,,False
2021-08-21 03:54:00-07:00,,20.1,4.2,,,,,,False
2021-08-21 03:55:00-07:00,,20.3,4.4,,,,,,False
2021-08-21 03:56:00-07:00,,20.4,4.7,,,,,,False
2021-08-21 03:57:00-07:00,,20.4,4.8,,,,,,False
2021-08-21 03:58:00-07:00,,20.2,4.9,,,,,,False
2021-08-21 03:59:00-07:00,,20.1,4.8,,,,,,False
2021-08-21 04:00:00-07:00,,20.0,4.9,,,,,,False
2021-08-21 04:01:00-07:00,,19.8,4.9,,,,,,False
2021-08-21 04:02:00-07:00,,20.1,4.6,,,,,,False
2021-08-21 04:03:00-07:00,,20.3,4.6,,,,,,False
2021-08-21 04:04:00-07:00,,20.3,4.4,,,,,,False
2021-08-21 04:05:00-07:00,,20.3,4.3,,,,,,False
2021-08-21 04:06:00-07:00,,20.4,4.4,,,,,,False
2021-08-21 04:07:00-07:00,,20.4,4.1,,,,,,False
2021-08-21 04:08:00-07:00,,20.4,4.1,,,,,,False
2021-08-21 04:09:00-07:00,,20.4,4.1,,,,,,False
2021-08-21 04:10:00-07:00,,20.5,4.2,,,,,,False
2021-08-21 04:11:00-07:00,,20.7,4.3,,,,,,False
2021-08-21 04:12:00-07:00,,20.9,4.2,,,,,,False
2021-08-21 04:13:00-07:00,,20.9,4.1,,,,,,False
2021-08-21 04:14:00-07:00,,20.7,4.1,,,,,,False
2021-08-21 04:15:00-07:00,,20.4,4.2,,,,,,False
2021-08-21 04:16:00-07:00,,20.4,4.2,,,,,,False
2021-08-21 04:17:00-07:00,,20.2,4.0,,,,,,False
2021-08-21 04:18:00-07:00,,20.2,3.7,,,,,,False
2021-08-21 04:19:00-07:00,,20.4,4.1,,,,,,False
2021-08-21 04:20:00-07:00,,20.5,3.9,,,,,,False
2021-08-21 04:21:00-07:00,,20.7,3.5,,,,,,False
2021-08-21 04:22:00-07:00,,20.7,4.0,,,,,,False
2021-08-21 04:23:00-07:00,,20.8,4.0,,,,,,False
2021-08-21 04:24:00-07:00,,20.7,3.8,,,,,,False
2021-08-21 04:25:00-07:00,,20.7,3.6,,,,,,False
2021-08-21 04:26:00-07:00,,20.6,3.8,,,,,,False
2021-08-21 04:27:00-07:00,,20.6,3.7,,,,,,False
2021-08-21 04:28:00-07:00,,20.6,4.0,,,,,,False
2021-08-21 04:29:00-07:00,,20.6,4.1,,,,,,False
2021-08-21 04:30:00-07:00,,20.6,4.0,,,,,,False
2021-08-21 04:31:00-07:00,,20.5,4.1,,,,,,False
2021-08-21 04:32:00-07:00,,20.5,4.1,,,,,,False
2021-08-21 04:33:00-07:00,,20.5,4.2,,,,,,False
2021-08-21 04:34:00-07:00,,20.4,4.2,,,,,,False
2021-08-21 04:35:00-07:00,,20.5,4.1,,,,,,False
2021-08-21 04:36:00-07:00,,20.7,4.1,,,,,,False
2021-08-21 04:37:00-07:00,,20.8,3.7,,,,,,False
2021-08-21 04:38:00-07:00,,20.6,3.7,,,,,,False
2021-08-21 04:39:00-07:00,,20.5,3.7,,,,,,False
2021-08-21 04:40:00-07:00,,20.5,3.8,,,,,,False
2021-08-21 04:41:00-07:00,,20.4,4.0,,,,,,False
2021-08-21 04:42:00-07:00,,20.3,4.0,,,,,,False
2021-08-21 04:43:00-07:00,,20.4,4.0,,,,,,False
2021-08-21 04:44:00-07:00,,20.5,3.3,,,,,,False
2021-08-21 04:45:00-07:00,,20.6,3.3,,,,,,False
2021-08-21 04:46:00-07:00,,20.7,3.4,,,,,,False
2021-08-21 04:47:00-07:00,,20.7,3.5,,,,,,False
2021-08-21 04:48:00-07:00,,20.7,3.7,,,,,,False
2021-08-21 04:49:00-07:00,,20.6,4.1,,,,,,False
2021-08-21 04:50:00-07:00,,20.5,4.2,,,,,,False
2021-08-21 04:51:00-07:00,,20.5,4.0,,,,,,False
2021-08-21 04:52:00-07:00,,20.5,3.9,,,,,,False
2021-08-21 04:53:00-07:00,,20.4,4.0,,,,,,False
2021-08-21 04:54:00-07:00,,20.5,4.1,,,,,,False
2021-08-21 04:55:00-07:00,,20.6,4.4,,,,,,False
2021-08-21 04:56:00-07:00,,20.3,4.5,,,,,,False
2021-08-21 04:57:00-07:00,,20.3,4.3,,,,,,False
2021-08-21 04:58:00-07:00,,20.4,4.0,,,,,,False
2021-08-21 04:59:00-07:00,,20.5,3.9,,,,,,False
2021-08-21 05:00:00-07:00,,20.6,4.0,,,,,,False
2021-08-21 05:01:00-07:00,,20.4,4.0,,,,,,False
2021-08-21 05:02:00-07:00,,20.4,3.9,,,,,,False
2021-08-21 05:03:00-07:00,,20.5,3.9,,,,,,False
2021-08-21 05:04:00-07:00,,20.6,3.9,,,,,,False
2021-08-21 05:05:00-07:00,,20.6,4.0,,,,,,False
2021-08-21 05:06:00-07:00,,20.7,3.9,,,,,,False
2021-08-21 05:07:00-07:00,,20.7,4.1,,,,,,False
2021-08-21 05:08:00-07:00,,20.7,3.9,,,,,,False
2021-08-21 05:09:00-07:00,,20.6,3.9,,,,,,False
2021-08-21 05:10:00-07:00,,20.4,4.2,,,,,,False
2021-08-21 05:11:00-07:00,,20.3,4.3,,,,,,False
2021-08-21 05:12:00-07:00,,20.2,4.5,,,,,,False
2021-08-21 05:13:00-07:00,,20.2,4.4,,,,,,False
2021-08-21 05:14:00-07:00,,20.2,4.3,,,,,,False
2021-08-21 05:15:00-07:00,,20.3,4.1,,,,,,False
2021-08-21 05:16:00-07:00,,20.2,4.1,,,,,,False
2021-08-21 05:17:00-07:00,,20.4,3.9,,,,,,False
2021-08-21 05:18:00-07:00,,20.4,4.1,,,,,,False
2021-08-21 05:19:00-07:00,,20.4,4.0,,,,,,False
2021-08-21 05:20:00-07:00,,20.6,4.2,,,,,,False
2021-08-21 05:21:00-07:00,89.7465035280907,20.5,4.2,5.836422156940603,10.949641742253512,835.5064984125909,9.148496830942573,2.9654397020115666,False
2021-08-21 05:22:00-07:00,89.1861762705448,20.4,4.3,6.7427334147490265,12.654392085084515,843.2607250053402,10.670951844170206,4.4407699215403325,False
2021-08-21 05:23:00-07:00,88.6208505849673,20.3,4.4,8.17240294660501,15.345484017057235,853.2942407816728,13.094213133762148,6.800621246396051,False
2021-08-21 05:24:00-07:00,88.05014103415496,20.2,4.2,10.055221737108287,18.88409784243978,864.2865472735766,16.321271722618675,9.95486652620854,False
2021-08-21 05:25:00-07:00,87.47391623163388,20.1,4.1,12.479601095811063,23.449139286585023,875.3120609593925,20.525314436664594,14.080281484064088,False
2021-08-21 05:26:00-07:00,86.89221032112579,20.2,4.0,15.587622593292885,29.302989358862163,885.4478931002593,25.94627018934382,19.41997769336435,False
2021-08-21 05:27:00-07:00,86.30515936742817,20.2,4.1,19.078422049967806,35.87911263686643,895.0636280155894,32.11408872673365,25.50370699595585,False
2021-08-21 05:28:00-07:00,85.71295693105486,20.2,4.1,22.4284235251135,42.18822540370428,902.7058041939364,38.08355594056593,31.399073817505297,False
2021-08-21 05:29:00-07:00,85.11582343696185,20.3,4.0,26.512732430223856,49.906399326739894,909.4709964206905,45.388422723459016,38.62546590312272,False
2021-08-21 05:30:00-07:00,84.51398776252454,20.3,4.0,30.989766711686123,58.33433436218763,916.7369520647393,53.47723988391728,46.626164370334344,False
2021-08-21 05:31:00-07:00,83.90767202179474,20.3,4.0,35.633253158103734,67.10645003010319,922.674632653165,61.91741913018344,54.98112446734014,False
2021-08-21 05:32:00-07:00,83.29708531743637,20.3,4.2,40.73061094273716,76.70546274721114,928.6996711794312,71.2363380310011,64.20611229436889,False
2021-08-21 05:33:00-07:00,82.6824188646027,20.4,4.2,45.823810294645185,86.34702329912801,932.7633594412513,80.54133953024665,73.42598141809857,False
2021-08-21 05:34:00-07:00,82.06384377225011,20.4,4.3,51.61667028030603,97.27923262792302,937.6759666671342,91.21639849102475,83.99861888241075,False
2021-08-21 05:35:00-07:00,81.44151027571313,20.3,4.3,57.773329786204314,108.89507547655369,942.6982500226428,102.65519708783076,95.32526947082671,False
2021-08-21 05:36:00-07:00,80.81554790429442,20.2,4.2,64.14062392832741,120.89988863008219,947.2734365845675,114.52525298530944,107.07876721079597,False
2021-08-21 05:37:00-07:00,80.18606619281366,20.2,4.1,70.51657348868048,132.93772463065295,950.6925337668914,126.38290226232074,118.82328254361116,False
2021-08-21 05:38:00-07:00,79.55315570788295,20.1,4.0,77.1392012111506,145.46130567487117,954.1775468347201,138.79591180822393,131.11436360495435,False
2021-08-21 05:39:00-07:00,78.9168892205546,20.0,4.0,84.08484599725415,158.5318624439992,957.8719929902629,151.8532310316917,144.03871046092883,False
2021-08-21 05:40:00-07:00,78.27732248376928,19.9,3.9,91.48831230287915,172.55374191525493,960.7795108872958,165.78609975911132,157.83167401575406,False
2021-08-21 05:41:00-07:00,77.63449714397545,19.8,3.9,98.78378355580608,186.33226387142903,963.6272274360666,179.5548428163107,171.45743402725188,False
2021-08-21 05:42:00-07:00,76.9884392836793,19.7,3.9,106.37445388624351,200.66000507144884,966.3160781896897,193.90098915016569,185.65141394460198,False
2021-08-21 05:43:00-07:00,76.33916216852697,19.7,3.9,114.09588650678839,215.26901093028368,968.1173919800714,208.4056734359557,200.00368293969507,False
2021-08-21 05:44:00-07:00,75.68666675354217,19.7,4.0,122.18930697527384,230.48869925074746,970.2613131381999,223.63426799854585,215.06493373657054,False
2021-08-21 05:45:00-07:00,75.03094250788236,19.9,3.9,130.79921529649573,246.82504017193702,970.4978684805823,239.543175374499,230.8083741280118,False
2021-08-21 05:46:00-07:00,74.371968148975,20.1,3.7,139.53611429879896,263.40136404553334,970.4505211753924,255.61799101629705,246.71269898127395,False
2021-08-21 05:47:00-07:00,73.70971226581113,20.1,3.7,148.10359452727428,279.58476131721346,971.6676548966717,271.66346937394246,262.57237603394645,False
2021-08-21 05:48:00-07:00,73.0441338538938,20.1,3.8,156.67177371371966,295.8097376525376,972.7054056260622,287.73573085145057,278.4540926092841,False
2021-08-21 05:49:00-07:00,72.3751827618433,20.1,3.8,166.0112577979478,313.4981843933015,973.5398437052905,305.2029734361471,295.71006749015913,False
2021-08-21 05:50:00-07:00,71.7028000486142,20.0,3.8,175.34083755342394,331.1505608112205,974.7678187501393,322.7949098398388,313.07900032616357,False
2021-08-21 05:51:00-07:00,71.02691782117014,20.0,3.8,184.63600499064106,348.67242605673664,975.5460355101742,340.14600293136385,330.2070286891641,False
2021-08-21 05:52:00-07:00,70.34746125653012,19.9,3.8,194.16832003657152,366.7788391370536,976.3211038701529,358.0939211025013,347.9174165376516,False
2021-08-21 05:53:00-07:00,69.66434602678424,19.8,3.8,203.83410862650237,384.9919516448577,977.3689065865609,376.2791628237607,365.8522512965015,False
2021-08-21 05:54:00-07:00,68.97748018899932,19.9,3.8,213.51688114488178,403.3479139271896,977.042889258928,394.08821119998277,383.42157495113696,False
2021-08-21 05:55:00-07:00,68.28676374383559,20.1,3.4,223.16963854122923,421.7061857695073,975.2912296026773,411.28634445019776,400.39576359843,False
2021-08-21 05:56:00-07:00,67.59208859896809,20.1,3.6,233.76410717154948,441.67938816223284,975.8631832429568,431.0186537047981,419.8387913104534,False
2021-08-21 05:57:00-07:00,66.8933384610093,19.9,3.6,244.1602116671979,461.34069319812994,976.8028306736331,450.6388950208694,439.15917645909815,False
2021-08-21 05:58:00-07:00,66.19038867565109,19.8,3.8,254.402004746885,480.66632546122554,977.6533796951151,469.9250575927993,458.14293673466017,False
2021-08-21 05:59:00-07:00,65.4831060097692,20.1,3.5,264.1840324887155,499.4367175998063,974.8622206583763,486.8819875976775,474.8643524771831,False
2021-08-21 06:00:00-07:00,64.77134836795233,20.3,3.4,274.44326632642156,518.820424133789,973.4399290228797,505.04051684441583,492.7483294864133,False
2021-08-21 06:01:00-07:00,64.05496446156977,20.0,3.6,285.4883587034366,539.7125564798811,974.9621017542527,526.1992884087857,513.544175908132,False
2021-08-21 06:02:00-07:00,63.3337929162209,19.8,3.6,296.2961173436967,560.0680146390085,975.6468901967041,546.4286167811908,533.4255485316376,False
2021-08-21 06:03:00-07:00,62.607663742469036,20.1,3.7,306.876015636833,580.1553332869813,973.8133382250984,564.96300179729,551.6613993993273,False
2021-08-21 06:04:00-07:00,61.87639489678253,20.2,3.9,317.55501194948147,600.3491293193952,973.281310517636,584.3085873521027,570.6723137160554,False
2021-08-21 06:05:00-07:00,61.13979359242222,20.2,4.2,328.294959905106,620.6936564240094,973.3876494321177,604.1755392439931,590.1797600433724,False
2021-08-21 06:06:00-07:00,60.39765512841543,20.2,3.8,339.18776696984156,641.3619613629791,971.6222744763976,623.161567662141,608.8370663415228,False
2021-08-21 06:07:00-07:00,59.64976209728279,20.0,3.8,349.98672098751194,661.824499153291,971.8230445277635,643.1762997102135,628.4722483144382,False
2021-08-21 06:08:00-07:00,58.895883500031175,20.2,3.3,361.41031788946384,683.628281919222,968.3568344948961,661.9961190504823,646.9735967053207,False
2021-08-21 06:09:00-07:00,58.13577375024286,20.3,3.6,373.7202246484968,707.0752740752253,967.5808793694691,684.1525154701147,668.7047464180075,False
2021-08-21 06:10:00-07:00,57.36917155655352,20.4,3.5,385.15094225758975,728.7336138307458,965.8389990020114,703.8393441214057,688.0192228150976,False
2021-08-21 06:11:00-07:00,56.59579866078195,20.3,3.1,396.7718095442053,750.8416235057589,963.9068158916076,723.7413585523213,707.5396360875249,False
2021-08-21 06:12:00-07:00,55.81535843436035,20.3,3.0,408.13444200837046,772.400633131183,962.458602838283,743.4036341948436,726.8113030799107,False
2021-08-21 06:13:00-07:00,55.027534284776024,20.3,3.0,420.0552300766209,795.113024025361,961.1255175716622,764.2034167443445,747.1869650081084,False
2021-08-21 06:14:00-07:00,54.23198733172979,20.4,2.8,431.89604593870024,817.4556585205888,958.8332420739398,783.8036593109837,766.3945315795241,False
2021-08-21 06:15:00-07:00,53.42835652896121,20.5,3.2,443.5419547068834,839.4313397272958,958.659202833109,804.7285789760982,786.859585960365,False
2021-08-21 06:16:00-07:00,52.61625317406245,20.7,3.2,455.5458820620411,862.4049016102108,956.159418461094,824.5965692016161,806.316870536756,False
2021-08-21 06:17:00-07:00,51.79526045647631,21.0,3.3,467.3431836079851,884.786856557029,953.7724565508561,843.8853337023074,825.1995440844178,False
2021-08-21 06:18:00-07:00,50.96492997618275,21.1,3.5,479.277851793276,907.4178950918255,952.7059531256022,864.5024306266853,845.3525194268946,False
2021-08-21 06:19:00-07:00,50.12477838593185,21.1,3.5,490.638560686543,928.9864869622045,951.3868401310248,883.8255183553932,864.2379321013075,False
2021-08-21 06:20:00-07:00,49.27428354777749,21.3,3.2,502.1877297867411,951.1564225801276,947.6199357518122,901.3347880553041,881.3849277998859,False
2021-08-21 06:21:00-07:00,48.41288010844097,21.5,2.9,514.3716245451839,974.5420113494486,943.6675468194816,919.6436691226576,899.310159285534,False
2021-08-21 06:22:00-07:00,47.53995441151699,21.5,3.2,527.505615937967,999.1860394369799,943.5670093656893,942.7989830314988,921.892899722138,False
2021-08-21 06:23:00-07:00,46.65483858455368,21.4,3.1,539.9023427762183,1022.7443197268748,942.0158573739868,963.4413672218868,942.0396188860428,False
2021-08-21 06:24:00-07:00,45.756803663260605,21.2,3.1,551.4428416535928,1044.741536172701,941.3986528902904,983.5182747715133,961.6115726030557,False
2021-08-21 06:25:00-07:00,44.845050928613034,21.1,2.6,563.237971691097,1067.221676571015,937.9276538395659,1000.9767232329802,978.6745313174855,False
2021-08-21 06:26:00-07:00,43.91870488358,20.9,2.9,575.2066369215399,1089.4852940735361,939.0727152639304,1023.1059133457575,1000.1988900841899,False
2021-08-21 06:27:00-07:00,42.976798383357796,20.9,2.9,586.7129762717394,1111.4390729473334,937.4026259931733,1041.8659056122483,1018.4842072489824,False
2021-08-21 06:28:00-07:00,42.0182617046388,21.0,2.7,598.6912048210957,1134.2758067830844,934.1928635907457,1059.632364040393,1035.8242878164986,False
2021-08-21 06:29:00-07:00,41.04190591034224,21.1,2.4,611.3943561632015,1158.748331354555,930.0794822379119,1077.7280480702887,1053.495841205595,False
2021-08-21 06:30:00-07:00,40.04640346944488,21.2,2.2,623.6556106983787,1182.0476301438423,926.7277757447522,1095.4363711075584,1070.7720192565728,False
2021-08-21 06:31:00-07:00,39.03026462007532,21.3,2.1,636.3910280487244,1206.253637969236,923.7795899495418,1114.3124910583638,1089.1703657481057,False
2021-08-21 06:32:00-07:00,37.99180830870643,21.4,2.3,647.7351820660369,1227.827175863436,922.6824521293217,1132.894589416695,1107.2420669931973,False
2021-08-21 06:33:00-07:00,36.92912605726737,21.5,2.2,660.5012470390076,1252.0697326573622,919.704814462087,1151.5345611672342,1125.3994515344802,False
2021-08-21 06:34:00-07:00,35.84003657648928,21.6,2.1,672.6024193654413,1275.3297318916464,916.5837422078959,1168.9464982062375,1142.3620380690722,False
2021-08-21 06:35:00-07:00,34.72202804133483,21.7,1.7,685.6238308572242,1299.9324317972646,911.7372392568954,1185.1968065873402,1158.2267882188605,False
2021-08-21 06:36:00-07:00,33.57218287550332,21.8,1.3,696.3739348500216,1320.7279809407028,906.724553176909,1197.5364883867003,1170.2980493547307,False
2021-08-21 06:37:00-07:00,32.387083440756534,21.8,0.6,708.4184694638794,1344.2357384318955,899.5824398543211,1209.2508653179395,1181.8042045013929,False
2021-08-21 06:38:00-07:00,31.162677645614334,21.9,0.7,720.5581699864999,1367.0224790026912,897.8937346045778,1227.4409189601345,1199.4786560896578,False
2021-08-21 06:39:00-07:00,29.894105761072623,21.9,0.6,732.7580289355853,1390.2364772372825,895.0449753674565,1244.324173523783,1215.9043385074299,False
2021-08-21 06:40:00-07:00,28.575454812122818,21.9,0.6,745.190579736737,1414.2319342778821,892.6323289724373,1262.389145201661,1233.4613815054934,False
2021-08-21 06:41:00-07:00,27.19940937342837,21.9,0.8,756.20992770079,1434.7960938223,892.3979376431716,1280.409075065499,1250.9231847748445,False
2021-08-21 06:42:00-07:00,25.756737980422166,21.9,0.7,768.2233315654727,1457.661290090994,889.5232365658558,1296.6235885785018,1266.6867229398529,False
2021-08-21 06:43:00-07:00,24.23550933902647,21.9,0.8,781.3394090489779,1482.4238954380658,888.0500687079514,1316.4666421980833,1285.9279381510016,False
2021-08-21 06:44:00-07:00,22.619841385541537,21.9,0.9,793.7804254118541,1505.7975728339486,886.7608106653686,1335.2822763841766,1304.163710295285,False
2021-08-21 06:45:00-07:00,20.887790044062058,22.0,0.9,805.8856474740014,1529.1001333228521,883.9529908837707,1351.6526362115078,1320.0615563224464,False
2021-08-21 06:46:00-07:00,19.00752123821684,21.9,1.1,817.8854105022932,1551.446181805913,884.1068402526122,1371.6441816184056,1339.3896962287974,False
2021-08-21 06:47:00-07:00,16.929671280405255,21.8,0.9,830.9322135281334,1575.9084659837993,880.867770224206,1388.166976508598,1355.4343993499067,False
2021-08-21 06:48:00-07:00,14.569898156843626,21.8,1.1,843.2781581578929,1599.5815219676285,880.1205763979829,1407.824611109712,1374.4462865152427,False
2021-08-21 06:49:00-07:00,11.759619912176277,21.7,0.9,857.1370425612937,1626.0224484533423,876.4192180102375,1425.0773227405703,1391.1969702248934,False
2021-08-21 06:50:00-07:00,8.039423580708652,21.7,0.7,871.8435587075599,1653.4203089509958,872.3349054200914,1442.3362488284254,1407.9584158320336,False
2021-08-21 06:51:00-07:00,1.6906042262659353,21.8,0.5,885.1452176798872,1679.1870755089874,867.3869459440576,1456.5049490944743,1421.753648781031,False
2021-08-21 06:52:00-07:00,1.5360994630575484,21.9,0.3,889.5588572583231,1687.5839858556326,864.294291877048,1458.5692060381402,1423.8198732726,False
2021-08-21 06:53:00-07:00,1.3817486369229426,22.0,0.2,893.2017380861114,1694.7239094030142,862.1058652071073,1461.0314222030568,1426.2487519656513,False
2021-08-21 06:54:00-07:00,1.2275535306999938,22.1,0.3,896.397993233385,1700.8893931731982,861.8696368638124,1465.9449236396947,1430.9968788434585,False
2021-08-21 06:55:00-07:00,1.073515931104357,22.2,0.5,900.9256360611107,1708.88074928866,862.6306433331695,1474.1329001385454,1438.8804217153456,False
2021-08-21 06:56:00-07:00,0.919637627649401,22.3,0.6,904.4569285935056,1715.6009849834566,862.3673072544974,1479.478201743347,1444.044493080302,False
2021-08-21 06:57:00-07:00,0.7659204144103692,22.4,0.3,908.103821294782,1722.8002795696857,858.3526683848119,1478.7702170627394,1443.4583697823032,False
2021-08-21 06:58:00-07:00,0.6123660889496026,22.5,0.8,911.4058112922086,1728.5794246153714,861.9827920468687,1490.0057187047275,1454.21019877598,False
2021-08-21 06:59:00-07:00,0.45897634985136493,22.6,0.6,914.597260186955,1734.9197142820906,858.9810259861113,1490.263116177561,1454.5315415535647,False
2021-08-21 07:00:00-07:00,0.3057532084055163,22.6,0.7,918.006202392844,1741.342286875152,859.262772777775,1496.2706017755352,1460.319585589255,False
2021-08-21 07:01:00-07:00,0.15269837035243655,22.7,1.0,921.6454359876768,1748.1761200238718,860.8026851337166,1504.8346982031915,1468.541502959653,False
2021-08-21 07:02:00-07:00,0.00018634771140574555,22.9,1.0,925.3861901936125,1755.4631816020983,859.0558199392926,1508.04086284443,1471.6762465637935,False
2021-08-21 07:03:00-07:00,0.1528991377160555,23.0,0.9,926.3733459353325,1757.0325680368492,857.652343149098,1506.9230989660805,1470.63288337073,False
2021-08-21 07:04:00-07:00,0.305438169010103,23.1,0.6,929.3444518704744,1763.3728624527866,853.564300507238,1505.152123872959,1469.0254486645213,False
2021-08-21 07:05:00-07:00,0.4578016187759268,23.1,0.9,931.8927933694057,1767.8853724072194,855.9600774275862,1513.2393002487806,1476.7653074709535,False
2021-08-21 07:06:00-07:00,0.6099876577441256,23.3,0.8,934.6398882833352,1772.8927984699574,853.6804328676953,1513.4838916258527,1477.057461708271,False
2021-08-21 07:07:00-07:00,0.7619944514835041,23.4,0.2,937.5125320169648,1779.1226206208453,846.7044226468126,1506.390991310657,1470.3889772346442,False
2021-08-21 07:08:00-07:00,0.9138201615009715,23.6,0.9,939.0553562417251,1781.155448196717,852.3677718706244,1518.1995007346593,1481.6369113294136,False
2021-08-21 07:09:00-07:00,1.0654629448908022,23.6,0.9,939.593639014098,1782.0419169671716,852.3317131331743,1518.8908399637553,1482.304389736582,False
2021-08-21 07:10:00-07:00,1.2169210554995626,23.7,1.1,937.548390952235,1778.7228537416065,853.7524905872152,1518.5890664462954,1481.9782137990553,False
2021-08-21 07:11:00-07:00,1.3681924388706552,23.6,1.6,936.5823688191141,1775.8580900229024,859.264066932303,1525.9310447277107,1488.9193740456244,False
2021-08-21 07:12:00-07:00,1.5192753398690253,23.2,1.7,937.1690179541307,1776.6883183492237,862.0744799869043,1531.6376581397144,1494.3496210157539,False
2021-08-21 07:13:00-07:00,1.6701678973899594,22.8,1.8,938.2561800223433,1778.7917346490242,864.6313861837208,1537.9991632617312,1500.4161035308196,False
2021-08-21 07:14:00-07:00,1.8208682456418053,22.6,1.5,939.1278423487056,1780.3723567028292,862.9176344971934,1536.3147025701987,1498.8358611580852,False
2021-08-21 07:15:00-07:00,1.971374513807685,22.5,1.2,942.100532989661,1786.123384511523,860.1821646140098,1536.3914791568234,1498.9783754084224,False
2021-08-21 07:16:00-07:00,2.1216848271127198,22.5,1.0,945.6447936409402,1793.2252336687104,857.5581153752082,1537.7948518282067,1500.396584525718,False
2021-08-21 07:17:00-07:00,2.2717973050957276,22.6,0.8,949.4602166052262,1800.5617011391241,854.4934018929155,1538.568093324465,1501.2186554231157,False
2021-08-21 07:18:00-07:00,2.421710062673682,22.8,0.5,953.530244831935,1808.46798945126,849.8697613029017,1536.962258518881,1499.7869277516413,False
2021-08-21 07:19:00-07:00,2.5714212098106253,22.9,0.4,956.5733801312537,1814.5666071647397,847.6998490888617,1538.2078390552379,1501.0419093997803,False
2021-08-21 07:20:00-07:00,2.7209288511810836,23.1,0.5,959.3117882611073,1819.8061157563523,847.1422030681446,1541.6345620587192,1504.3586792578287,False
2021-08-21 07:21:00-07:00,2.870231187293504,23.4,0.4,962.8959722044887,1826.673594834272,844.0152766980952,1541.7404195811523,1504.539346227134,False
2021-08-21 07:22:00-07:00,3.019326112420613,23.6,0.5,964.860500571888,1830.6472772145078,843.5183011246861,1544.1844812345137,1506.9074888056693,False
2021-08-21 07:23:00-07:00,3.16821181638345,23.7,0.8,966.145580375887,1832.1993814080809,846.0426911971919,1550.118895456323,1512.562874290831,False
2021-08-21 07:24:00-07:00,3.3168863836028146,23.8,1.1,967.6545268913899,1835.1475400795,848.0207732738073,1556.2432360097428,1518.4139129670132,False
2021-08-21 07:25:00-07:00,3.4653478929748855,23.8,1.0,969.1633745758531,1838.4769234789492,846.6017644593716,1556.4578073351154,1518.6566602765909,False
2021-08-21 07:26:00-07:00,3.6135944189120446,23.8,0.8,971.7564036665126,1843.1820519892685,844.3428652440936,1556.2776149431072,1518.540372537616,False
2021-08-21 07:27:00-07:00,3.761624029646774,23.9,0.8,974.6003988218894,1848.3949495333877,843.4042736720407,1558.9441998702753,1521.1335013922587,False
2021-08-21 07:28:00-07:00,3.909434788286712,24.0,0.7,975.6758836009051,1850.793825994453,841.6027815533482,1557.633232038695,1519.9161382785428,False
2021-08-21 07:29:00-07:00,4.057024752491861,24.2,0.7,976.4522663541727,1852.4224498952738,840.4171179817622,1556.807536625701,1519.150639021646,False
2021-08-21 07:30:00-07:00,4.204391974156351,24.3,0.7,977.8809700145525,1855.024171034618,839.7106587594702,1557.683568674219,1520.012708984277,False
2021-08-21 07:31:00-07:00,4.351534500455497,24.4,0.5,979.2923023751304,1857.5375994992726,837.0987940469976,1554.9424844377957,1517.4376333483915,False
2021-08-21 07:32:00-07:00,4.498450470597767,24.6,0.7,980.2619579614443,1859.5355615713552,837.8079373888565,1557.9336533413261,1520.3020331084233,False
2021-08-21 07:33:00-07:00,4.645137722965602,24.7,0.9,981.1790274099001,1861.163608146633,839.106971800106,1561.71535925648,1523.9128540350778,False
2021-08-21 07:34:00-07:00,4.791594385892317,24.8,1.1,981.4274763646779,1861.3907662664662,840.5652788258833,1564.6204484506966,1526.674617602505,False
2021-08-21 07:35:00-07:00,4.9378184831374465,24.6,1.2,981.4880967955093,1861.8217192897066,842.3067408905142,1568.2249844940866,1530.102630857976,False
2021-08-21 07:36:00-07:00,5.083808033517874,24.5,1.4,981.7087351380875,1861.61332652878,844.8686814868086,1572.818796622642,1534.4620162494869,False
2021-08-21 07:37:00-07:00,5.229561049235539,24.3,1.6,981.3532984261876,1860.9461707244377,847.7035311292316,1577.5306401645275,1538.9272497561258,False
2021-08-21 07:38:00-07:00,5.375075536926186,24.1,1.6,982.8095777963947,1863.252461958911,848.6108991821258,1581.1763471462612,1542.41468264387,False
2021-08-21 07:39:00-07:00,5.520349497347927,23.9,1.4,984.4777270772015,1866.8829224410792,847.2483514655793,1581.7134784174473,1542.967030779686,False
2021-08-21 07:40:00-07:00,5.665380925068093,23.8,1.6,985.4173854575364,1868.1241170764806,849.6165114881962,1587.1890953774862,1548.178257809316,False
2021-08-21 07:41:00-07:00,5.810167809512699,23.7,1.5,986.2535509519265,1869.7955511765642,849.0037308721684,1587.4633989170852,1548.4582085583168,False
2021-08-21 07:42:00-07:00,5.954708133296452,23.6,1.7,986.1980696642813,1869.4011887235988,851.4280632569871,1591.6606335652434,1552.436296938453,False
2021-08-21 07:43:00-07:00,6.098999873279071,23.5,1.7,988.1989442951148,1872.873604064266,851.6926737985998,1595.112727532315,1555.7525730783937,False
2021-08-21 07:44:00-07:00,6.2430410967556105,23.4,1.4,989.4848047561179,1876.0808852566263,848.8733066536572,1592.5549846175131,1553.3635524766405,False
2021-08-21 07:45:00-07:00,6.3868295749666,23.5,1.3,990.8953129330092,1878.2690164187657,847.4279311922655,1591.697626806286,1552.5756464081737,False
2021-08-21 07:46:00-07:00,6.530363363669949,23.6,1.0,992.0895945710643,1880.857038658573,843.7647074486233,1587.0007889764352,1548.1482916304665,False
2021-08-21 07:47:00-07:00,6.673640414980862,23.7,1.4,993.7249132148024,1883.649789237752,846.8545521318777,1595.1773986382423,1555.9405619269805,False
2021-08-21 07:48:00-07:00,6.816658675072003,23.8,1.1,993.6517652318785,1884.1792035936287,843.2894681768406,1588.9084785483342,1549.9974791253194,False
2021-08-21 07:49:00-07:00,6.959416083887486,24.0,1.5,994.3684048452681,1885.2591497375179,846.0310439217525,1594.9877665154677,1555.7794074105718,False
2021-08-21 07:50:00-07:00,7.101910574836252,24.0,1.7,996.1328339206278,1888.1280573553922,847.7396795581501,1600.6410743072126,1561.1769594169164,False
2021-08-21 07:51:00-07:00,7.244140075826369,23.9,1.9,998.0224111134905,1891.3952205716348,849.8142987246835,1607.334702981302,1567.5651647813315,False
2021-08-21 07:52:00-07:00,7.386102507642632,23.9,1.9,998.4473115250163,1892.0879702809125,849.788065070051,1607.8737752073368,1568.0846428589355,False
2021-08-21 07:53:00-07:00,7.527795784984576,23.8,2.0,999.9815651508062,1895.177810632794,850.8009500499361,1612.419081799939,1572.4321054302195,False
2021-08-21 07:54:00-07:00,7.669217816166601,23.7,1.8,1001.4529892350132,1897.8099011254742,849.3020140080847,1611.8137712303494,1571.888984589951,False
2021-08-21 07:55:00-07:00,7.810366597393871,23.7,1.7,1002.9569967584084,1901.1551413859493,847.9031447825027,1611.9954231005702,1572.1005165944532,False
2021-08-21 07:56:00-07:00,7.951239835358762,23.9,1.8,1003.9437828039471,1902.7361392329815,847.7931666779663,1613.1266968329371,1573.1920363278548,False
2021-08-21 07:57:00-07:00,8.091835513821701,23.9,1.7,1006.1821278434691,1907.274194933901,846.3470685024554,1614.2159237126878,1574.2782036090457,False
2021-08-21 07:58:00-07:00,8.232151514791369,24.0,1.7,1007.8467933062175,1910.5696138264225,845.4984795857788,1615.3837036330287,1575.424266955389,False
2021-08-21 07:59:00-07:00,8.372185714559544,24.1,1.5,1009.1311048621237,1912.925622757946,842.9721453167025,1612.543016047555,1572.7569988490181,False
2021-08-21 08:00:00-07:00,8.511935982367676,24.2,1.4,1010.4503738437394,1915.2377394551738,841.3941314745216,1611.4697943561123,1571.765565238456,False
2021-08-21 08:01:00-07:00,8.651400181696983,24.3,1.6,1010.9392037606465,1916.6468218862394,842.470425495432,1614.7182635589675,1574.8635699370823,False
2021-08-21 08:02:00-07:00,8.790576168678987,24.5,1.7,1009.0606340180018,1912.7720774801471,842.9059017349603,1612.2868727818566,1572.5122300745245,False
2021-08-21 08:03:00-07:00,8.929461793121051,24.5,1.7,1010.3673909257628,1914.893783443422,842.823122879784,1613.91675854487,1574.082964560217,False
2021-08-21 08:04:00-07:00,9.068054898232866,24.5,1.9,1009.109617326983,1912.3581937675756,844.9367686779648,1615.8217527968045,1575.8605772310655,False
2021-08-21 08:05:00-07:00,9.206353320344276,24.4,2.2,1008.7828609264023,1911.916699540322,848.0719199716877,1621.4428662050932,1581.186560663341,False
2021-08-21 08:06:00-07:00,9.344354982374902,24.4,2.3,1008.509354066963,1911.05315039623,849.1503747522793,1622.7714988304826,1582.4363410728135,False
2021-08-21 08:07:00-07:00,9.482057522295129,24.4,2.3,1008.6621251187956,1911.3019437042074,849.1413210646588,1622.965457430441,1582.6231821474253,False
2021-08-21 08:08:00-07:00,9.619458849399999,24.4,2.2,1008.1239425439021,1910.843441569157,848.1113983021371,1620.6081031656856,1580.3823716658537,False
2021-08-21 08:09:00-07:00,9.756556773676278,24.3,1.8,1010.1174335596323,1914.8258954050455,844.5688546117988,1617.2023132632512,1577.1987406172434,False
2021-08-21 08:10:00-07:00,9.893349098179304,24.4,2.0,1011.8378294888957,1917.4035941318386,845.8811353435021,1621.8955291159511,1581.679943949358,False
2021-08-21 08:11:00-07:00,10.029833620029668,24.4,1.8,1013.9108146869892,1922.0756481958613,843.3699853959449,1621.020911348845,1580.9047330176988,False
2021-08-21 08:12:00-07:00,10.166008128898422,24.4,1.7,1016.376773329558,1926.4739711824213,842.1235544411677,1622.3291081505324,1582.1964020306532,False
2021-08-21 08:13:00-07:00,10.301870408001115,24.5,2.3,1015.183537601171,1923.8075734573201,847.4356681783704,1630.3031564594137,1589.727271248953,False
2021-08-21 08:14:00-07:00,10.437418233852458,24.5,1.8,1016.4801166359487,1926.8373274177325,842.466848849565,1623.2965714753348,1583.1182016448547,False
2021-08-21 08:15:00-07:00,10.572649375995383,24.7,2.1,1017.8631565374412,1929.0579211471884,844.1414893970093,1628.397826690286,1587.9817784289494,False
2021-08-21 08:16:00-07:00,10.707561598019893,24.7,2.0,1018.2369311388579,1930.070884878183,843.0420723594076,1627.130958588259,1586.7921274277514,False
2021-08-21 08:17:00-07:00,10.842152746185727,24.6,2.0,1018.6532632985286,1930.9634032145,843.404550780511,1628.5833216617323,1588.1797782533265,False
2021-08-21 08:18:00-07:00,10.976420389640325,24.6,1.4,1020.0573955876378,1934.1591424242836,837.3669804879922,1619.6010008750668,1579.696864156951,False
2021-08-21 08:19:00-07:00,11.110362361680872,24.8,1.7,1019.1091873340556,1931.840168756854,839.6089101136131,1621.9902186036406,1581.9367677718865,False
2021-08-21 08:20:00-07:00,11.243976398290012,24.9,2.0,1020.1334376242985,1933.2123057330616,841.9308775751371,1627.6311331048908,1587.3027914491342,False
2021-08-21 08:21:00-07:00,11.377260229483865,25.0,1.7,1018.8997296725311,1931.8719605016533,838.4943933868013,1619.8638076218044,1579.9200147130143,False
2021-08-21 08:22:00-07:00,11.510211577835342,25.1,1.6,1021.2104756916434,1935.7782619551751,836.8621735983005,1619.9796039041485,1580.0745263273022,False
2021-08-21 08:23:00-07:00,11.64282815947007,25.1,1.6,1024.3009887753308,1942.0964673709723,836.0945048669394,1623.776184290365,1583.7482344684277,False
2021-08-21 08:24:00-07:00,11.775107683831619,25.1,0.7,1023.986905442565,1942.2806548271535,827.0883868048246,1606.4377735232088,1567.296876893061,False
2021-08-21 08:25:00-07:00,11.907047853438128,25.4,1.7,1024.0756821850052,1941.4925685097837,835.6946961503965,1622.4950421190365,1582.5259953944003,False
2021-08-21 08:26:00-07:00,12.038646364888377,25.5,1.4,1021.1169008221922,1935.9913283041187,832.8922077816234,1612.472091677295,1572.9535835943434,False
2021-08-21 08:27:00-07:00,12.169900907386936,25.6,0.8,1021.1911297161807,1937.1014653022162,826.1494555219467,1600.3353208501912,1561.4457726840305,False
2021-08-21 08:28:00-07:00,12.300809163754849,25.9,1.7,1021.0038494804373,1936.2175557468443,833.6027746092306,1614.036326717672,1574.4405151439057,False
2021-08-21 08:29:00-07:00,12.43136889762405,25.8,1.7,1022.7785296744113,1939.3129193114312,833.877338097834,1617.149094894156,1577.4292235571002,False
2021-08-21 08:30:00-07:00,12.561577603252259,25.7,2.0,1021.5223694543151,1936.642274226314,837.467896117908,1621.8757309293119,1581.8831756741865,False
2021-08-21 08:31:00-07:00,12.691433031809805,25.7,1.5,1021.6838218739488,1937.4011454428367,832.6209097300888,1613.1207042307308,1573.5850305588046,False
2021-08-21 08:32:00-07:00,12.820932839513787,25.7,2.3,1023.3442604271031,1940.0133104535382,839.8679175519776,1629.3549390737312,1589.0159623184304,False
2021-08-21 08:33:00-07:00,12.95007467628743,25.5,2.0,1022.4940894431016,1938.6600640974073,838.1831212188914,1624.9521435075812,1584.8245045205613,False
2021-08-21 08:34:00-07:00,13.078856185542607,25.5,2.5,1022.1728702193805,1937.2204616614426,843.0502067057107,1633.1741106382115,1592.6055199608054,False
2021-08-21 08:35:00-07:00,13.207275003966492,25.4,1.9,1020.2683321810168,1934.045157719226,838.3309699735555,1621.3699530434167,1581.373675665404,False
2021-08-21 08:36:00-07:00,13.335328762505316,25.3,2.1,1022.8813401373033,1938.5139481713754,840.364650651631,1629.0585968383518,1588.7176739582987,False
2021-08-21 08:37:00-07:00,13.46301508496158,25.2,2.2,1022.382775340839,1937.8310821112357,841.7206344710563,1631.1124079324031,1590.657537506541,False
2021-08-21 08:38:00-07:00,13.590331588978412,25.4,2.1,1018.6854708757177,1930.989620318658,840.4499351770703,1622.9001012244116,1582.7900499437965,False
2021-08-21 08:39:00-07:00,13.717275885840303,25.3,2.3,1020.3782776752096,1933.9498119197235,842.519871659761,1629.391147335024,1588.980412890934,False
2021-08-21 08:40:00-07:00,13.843845665015142,25.2,2.1,1021.9267715472049,1937.1871879924824,840.8104522241811,1628.8072355788488,1588.464015279592,False
2021-08-21 08:41:00-07:00,13.970038355891731,25.3,2.6,1021.592648933212,1935.7895294099085,845.1313141429566,1635.9963488943713,1595.2648496132244,False
2021-08-21 08:42:00-07:00,14.095851635645781,25.2,2.5,1022.4897507305749,1937.8857199716365,844.4144577928228,1636.3787194943036,1595.651738910213,False
2021-08-21 08:43:00-07:00,14.221283090484764,25.2,2.8,1021.0457169035576,1934.570730070983,847.5062533498308,1639.5607912827056,1598.6298083662598,False
2021-08-21 08:44:00-07:00,14.346330300443508,25.2,2.1,1023.4380207060706,1939.636688565833,840.718478893209,1630.6884064165279,1590.2762575920137,False
2021-08-21 08:45:00-07:00,14.470990839439983,25.3,2.2,1026.006600435322,1944.8048879310245,840.5432451805782,1634.6926117445942,1594.13297015102,False
2021-08-21 08:46:00-07:00,14.595262275080335,25.4,2.1,1024.862497133403,1942.3176305919021,839.5036612549558,1630.5827622019526,1590.2068898448558,False
2021-08-21 08:47:00-07:00,14.719142169638705,25.4,2.3,1023.2084807623828,1939.1354794583838,841.6102543401998,1631.996304067076,1591.5107867136205,False
2021-08-21 08:48:00-07:00,14.842628078720754,25.3,2.1,1022.7537679356369,1938.3072968206307,840.3724138415114,1628.8999817957683,1588.564867109657,False
2021-08-21 08:49:00-07:00,14.9657175522351,25.4,2.0,1021.7279623469327,1936.8260566200145,838.9700602700809,1624.939073455157,1584.7910965081956,False
2021-08-21 08:50:00-07:00,15.088408134225514,25.4,1.9,1024.417126357512,1942.0816307894534,837.5033719096384,1626.4999143099367,1586.33175924627,False
2021-08-21 08:51:00-07:00,15.210697444565358,25.5,1.5,1027.9367299971527,1948.7702852734487,832.6381650970023,1622.6205145256458,1582.7275493219518,False
2021-08-21 08:52:00-07:00,15.33258285217219,25.8,1.6,1028.7976142225507,1950.4281478906012,831.9608488309091,1622.6798575027624,1582.8025670428738,False
2021-08-21 08:53:00-07:00,15.454061965744785,25.7,1.6,1028.3650141940725,1949.9582264528922,832.3753703974512,1623.0972010032833,1583.1932313631728,False
2021-08-21 08:54:00-07:00,15.575132306436885,25.7,1.7,1027.5107192934715,1947.6908383455072,833.7468215123537,1623.881045759298,1583.9112552147174,False
2021-08-21 08:55:00-07:00,15.695791389838496,25.8,2.6,1028.2349726640043,1948.9299671519927,841.310784224456,1639.6557990631864,1598.8866116818217,False
2021-08-21 08:56:00-07:00,15.816036725821892,25.7,2.5,1029.3869325843707,1950.6167805038028,840.9292450059814,1640.330696525061,1599.5459474299983,False
2021-08-21 08:57:00-07:00,15.93586581950063,25.6,2.0,1027.8882632421783,1948.4918907032984,836.8942394072195,1630.6816388612722,1590.3713326778206,False
2021-08-21 08:58:00-07:00,16.055276169963783,25.7,1.4,1024.8925358982965,1943.4616248810557,831.0875561137433,1615.1867722232412,1575.614014392696,False
2021-08-21 08:59:00-07:00,16.174265271240987,25.9,1.1,1025.4965648614184,1944.7513972048664,827.0504422029933,1608.4075030331737,1569.1942144398217,False
2021-08-21 09:00:00-07:00,16.292830612161676,26.0,1.9,1022.6880259119378,1938.7575735999214,834.9355009056111,1618.7375258481977,1578.930043638653,False
2021-08-21 09:01:00-07:00,16.410969676205557,25.8,3.0,1021.2266422415883,1934.828754865054,846.307736177029,1637.4605434200637,1596.6418091664104,False
2021-08-21 09:02:00-07:00,16.528680021258122,25.5,2.6,1020.2170657159683,1933.1210768207577,844.4340162033121,1632.3931947070237,1591.8175189432534,False
2021-08-21 09:03:00-07:00,16.64595896292305,25.5,2.3,1022.1487371681125,1937.197207700838,841.285491281028,1629.7359045888354,1589.3448492811387,False
2021-08-21 09:04:00-07:00,16.762804049097927,25.6,2.5,1021.9872512196937,1936.7004879770636,842.6730541092737,1632.005315098553,1591.4912044404373,False
2021-08-21 09:05:00-07:00,16.87921274381229,25.7,2.8,1020.2103367110536,1933.4472209745281,845.0377674423796,1633.8359230799886,1593.189260869569,False
2021-08-21 09:06:00-07:00,16.995182506183134,25.6,2.7,1019.3859801008152,1931.9405332053134,844.7854653814559,1632.0752824331485,1591.5023614723898,False
2021-08-21 09:07:00-07:00,17.11071079136931,25.5,1.9,1020.260782720458,1933.8111216141726,837.9437951618945,1620.42503037166,1580.4746136188915,False
2021-08-21 09:08:00-07:00,17.22579504937111,25.6,2.1,1021.0183881730233,1935.6468763922458,838.962263087981,1623.9346839572202,1583.8248793058824,False
2021-08-21 09:09:00-07:00,17.340432725993516,25.6,1.9,1020.8066741098542,1935.287194435211,837.170432158947,1620.165216917002,1580.2450089730294,False
2021-08-21 09:10:00-07:00,17.45462126273028,25.8,1.9,1020.2527314754783,1934.4480898529237,836.2125585165188,1617.609786533306,1577.8110526602873,False
2021-08-21 09:11:00-07:00,17.568358096653792,25.8,2.5,1018.9416271052063,1931.3191704286673,842.0739206591738,1626.3135058870907,1586.03131309512,False
2021-08-21 09:12:00-07:00,17.681640661364252,25.7,2.3,1017.2209264224197,1927.951630079092,841.1552389933544,1621.706614166806,1581.623018985074,False
2021-08-21 09:13:00-07:00,17.794466385831143,25.7,2.0,1020.8319056607742,1935.5235158122678,837.510280783621,1621.0208431912338,1581.059409750513,False
2021-08-21 09:14:00-07:00,17.906832770544778,25.7,1.9,1021.9051752936816,1937.3465883420295,836.4974204619166,1620.5854236888024,1580.66714990935,False
2021-08-21 09:15:00-07:00,18.018737086322453,26.0,2.4,1019.5854586026106,1932.8436352435353,839.9876830063218,1623.5648467817336,1583.4418949638002,False
2021-08-21 09:16:00-07:00,18.130176826322177,25.9,2.2,1017.7696979043973,1929.3132165197649,839.0649092104059,1618.8190188575925,1578.899553431766,False
2021-08-21 09:17:00-07:00,18.24114940527542,25.8,1.7,1018.4045165985741,1930.6084046742506,834.8564261017896,1611.7808329284223,1572.2366165629387,False
2021-08-21 09:18:00-07:00,18.35165223387288,25.8,2.2,1020.3686374425714,1934.5607254552394,838.9444448033723,1622.9889737554552,1582.9153688701688,False
2021-08-21 09:19:00-07:00,18.461682719711856,25.9,1.9,1021.4544827201207,1936.9849316173486,835.39928444159,1618.155825847275,1578.3579933764888,False
2021-08-21 09:20:00-07:00,18.57123826721743,25.9,2.1,1021.9758926726115,1937.3477356421656,837.3893422503459,1622.3143460595902,1582.30731927062,False
2021-08-21 09:21:00-07:00,18.680316277567563,25.9,2.5,1021.4031624191418,1935.9088097251602,841.1899681284799,1628.4670699523506,1588.1266805610646,False
2021-08-21 09:22:00-07:00,18.788914149633737,25.8,2.4,1019.4625951108645,1932.5810568635102,840.9885990695755,1625.2786356000431,1585.064375122318,False
2021-08-21 09:23:00-07:00,18.89702927889807,26.0,1.6,1019.1538391010286,1932.5681520533055,832.5891501172716,1609.035275261768,1569.6533163239603,False
2021-08-21 09:24:00-07:00,19.004659058399234,26.3,1.2,1020.7247651480906,1936.0938122370428,826.814625357453,1600.7906800216535,1561.8668775266226,False
2021-08-21 09:25:00-07:00,19.111800950356127,26.5,1.9,1019.5093707592273,1933.3054215329953,832.845652904258,1610.145016059989,1570.7148329352403,False
2021-08-21 09:26:00-07:00,19.21845219904384,26.3,2.9,1015.6845708653614,1925.1678596242818,843.6410066368262,1624.1505510382933,1583.9088030721766,False
2021-08-21 09:27:00-07:00,19.324610262819085,26.1,2.9,1013.9818294624307,1922.0195885026183,844.8656805188169,1623.8483876107612,1583.5856894653675,False
2021-08-21 09:28:00-07:00,19.430272525358053,25.9,2.5,1012.8125215507096,1919.8332569387574,842.6122412145191,1617.6750033873361,1577.705149366769,False
2021-08-21 09:29:00-07:00,19.535436368613112,25.8,2.8,1012.887065758519,1920.007290557713,845.6327355490632,1623.621017388464,1583.346647381387,False
2021-08-21 09:30:00-07:00,19.64009917276286,25.9,2.7,1013.2484554677628,1920.5027147966828,844.3220479324278,1621.5227852169223,1581.362487391755,False
2021-08-21 09:31:00-07:00,19.744258316176065,26.0,2.7,1013.8995038789653,1922.152743132762,843.5430771446155,1621.4186396841735,1581.2828543126668,False
2021-08-21 09:32:00-07:00,19.847911176343032,26.0,2.1,1014.8881797699455,1924.0128739191825,838.134955442567,1612.5824443531797,1572.9220331174124,False
2021-08-21 09:33:00-07:00,19.95105512887477,26.2,2.6,1017.3215147886193,1928.206069729496,841.3110974588093,1622.2211646508592,1582.1140091905352,False
2021-08-21 09:34:00-07:00,20.053687548438564,26.6,2.5,1015.7666295106455,1925.7223796374717,838.5834634123541,1614.878942687071,1575.1204643025026,False
2021-08-21 09:35:00-07:00,20.155805808733522,26.7,2.4,1014.0243202452215,1922.2770763613596,837.5979871461357,1610.0954098974335,1570.5423863912588,False
2021-08-21 09:36:00-07:00,20.25740735042703,26.8,1.9,1012.8245372052361,1920.994855422553,832.4466257685868,1599.1256855153183,1560.1168254784445,False
2021-08-21 09:37:00-07:00,20.358489409899448,27.0,3.0,1010.5704476022247,1915.7048922952174,841.8753114919155,1612.7846529276226,1573.0183646540288,False
2021-08-21 09:38:00-07:00,20.45904942707953,26.7,3.7,1008.6453959724355,1911.4976904637135,849.555361226945,1623.9231109063717,1583.5335511037035,False
2021-08-21 09:39:00-07:00,20.55908477350036,26.5,2.9,1007.897514061819,1910.7540876828668,843.8652581776691,1612.4189915165393,1572.6141792372346,False
2021-08-21 09:40:00-07:00,20.658592820597057,26.5,2.4,1010.6577591529244,1915.9418235865655,839.1397409268561,1607.742925475359,1568.237624038504,False
2021-08-21 09:41:00-07:00,20.75757093970423,26.8,2.0,1008.7487521694941,1912.6874409703084,834.3351927525755,1595.8224447373925,1556.8871244479283,False
2021-08-21 09:42:00-07:00,20.856016502975898,27.0,1.7,1007.9986534517212,1911.886402764545,830.5125028951132,1587.845561611117,1549.3047373352495,False
2021-08-21 09:43:00-07:00,20.95392688247094,27.0,3.0,1004.1916280916846,1904.010978826508,842.7923389255949,1604.685866185204,1565.1994657451557,False
2021-08-21 09:44:00-07:00,21.051299451079462,26.9,2.4,1005.2229497334307,1906.2343935563738,837.9027488722546,1597.2390383557208,1558.158219988371,False
2021-08-21 09:45:00-07:00,21.148131582531676,26.8,2.6,1005.5276598255864,1906.420748545151,840.2241003500199,1601.8206583349606,1562.5085092321399,False
2021-08-21 09:46:00-07:00,21.244420651416217,26.7,2.9,1005.1132735742023,1905.787512605287,843.2406781436846,1607.037554527048,1567.451286875203,False
2021-08-21 09:47:00-07:00,21.340164098112663,26.6,2.7,1006.925433833284,1908.7050646887753,841.9585206272789,1607.050492579156,1567.4973109084242,False
2021-08-21 09:48:00-07:00,21.435359171471806,26.7,3.5,1006.4855535722528,1907.2797790819006,848.3877605335831,1618.1128204862807,1577.9742277468902,False
2021-08-21 09:49:00-07:00,21.53000331496009,26.7,2.8,1004.4457402962686,1904.330209594426,842.6047276614695,1604.5976376328204,1565.1194462473998,False
2021-08-21 09:50:00-07:00,21.62409390950479,26.5,3.8,1004.7731371827279,1903.8298732051207,852.0887857697123,1622.2320849714565,1581.8397578636734,False
2021-08-21 09:51:00-07:00,21.717628337916732,26.4,4.1,1003.0828901682069,1900.471775648181,855.2193017382422,1625.3201449430746,1584.7276400737435,False
2021-08-21 09:52:00-07:00,21.81060398579792,26.5,3.1,1002.9287698907553,1901.2814797703807,846.3931685470941,1609.2316559627607,1569.480400414387,False
2021-08-21 09:53:00-07:00,21.903018240712015,26.6,2.7,1004.0140323361173,1903.4679066703115,842.3400645149997,1603.3672793069018,1563.942057576953,False
2021-08-21 09:54:00-07:00,21.99486849309908,26.6,3.3,1006.6694501415839,1907.8892323708574,847.1178593683574,1616.2070424379392,1576.1739148241,False
2021-08-21 09:55:00-07:00,22.086152136320823,26.5,2.6,1007.6359388795466,1910.4997032595904,841.2697861631387,1607.2456768259356,1567.7032142705887,False
2021-08-21 09:56:00-07:00,22.176866566715393,26.6,3.1,1004.5328863890551,1904.1825193989312,845.6993483229303,1610.3659157435916,1570.5901973075593,False
2021-08-21 09:57:00-07:00,22.267009184495866,26.6,2.7,1001.1440203513176,1897.9916870296706,842.8538928229639,1599.7296819585822,1560.4270308705686,False
2021-08-21 09:58:00-07:00,22.35657739296634,26.7,1.8,1001.1546759077393,1898.9596207971165,834.0972081568721,1583.9169181095072,1545.4283412460663,False
2021-08-21 09:59:00-07:00,22.445568658909774,26.8,2.4,1000.6839121699787,1897.7686042799714,839.1233180721009,1592.4618881564697,1553.5269455570315,False
2021-08-21 10:00:00-07:00,22.53398027433516,27.0,2.8,1002.1956972443423,1900.0210863070674,841.5630316927322,1598.9875056726942,1559.7462019105733,False
2021-08-21 10:01:00-07:00,22.62180971460679,26.7,3.1,1002.9109938577136,1901.323408821694,845.3971433471005,1607.3733783968314,1567.7180430074104,False
2021-08-21 10:02:00-07:00,22.709054400242305,26.4,2.5,999.6255280491999,1895.1945443895845,842.3520053459799,1596.4209249873275,1557.2547915743098,False
2021-08-21 10:03:00-07:00,22.79571175604301,26.5,2.2,1000.7438694288644,1897.738983673166,838.8895470829588,1591.9933964952565,1553.08191611132,False
2021-08-21 10:04:00-07:00,22.881779211990395,26.5,3.4,1001.4622541881398,1897.8538478408766,849.3553700043187,1611.9523571470074,1572.020944488654,False
2021-08-21 10:05:00-07:00,22.967254203327098,26.5,1.3,1002.5327116118729,1901.6329121904807,830.1794646269531,1578.696592959287,1540.501118676809,False
2021-08-21 10:06:00-07:00,23.05213417064733,26.6,1.6,1002.5402554178016,1901.4018935356464,832.5883989519004,1583.0851583029557,1544.6661955496838,False
2021-08-21 10:07:00-07:00,23.13641656077574,26.8,1.8,999.0731799576015,1894.8662261264662,834.0542727656567,1580.4212722201144,1542.0625954868667,False
2021-08-21 10:08:00-07:00,23.22009882607358,27.0,1.1,997.5847748503011,1893.2315686414445,826.3597589585949,1564.4903827153464,1526.9118147687868,False
2021-08-21 10:09:00-07:00,23.303178425324237,27.4,2.2,997.57236789483,1891.9194691807293,835.0122591327125,1579.775950057763,1541.416344846697,False
2021-08-21 10:10:00-07:00,23.385652878933584,27.1,2.2,998.2784167028856,1893.227351166554,836.3527550959271,1583.4059111711115,1544.877949624065,False
2021-08-21 10:11:00-07:00,23.467519548219784,27.0,2.9,994.458540408996,1885.6782036564455,843.5803102056763,1590.7210039885867,1551.735132347701,False
2021-08-21 10:12:00-07:00,23.548775968117447,26.7,2.6,992.8564526717826,1882.6044730903,842.8229608274053,1586.702276076884,1547.8852054708743,False
2021-08-21 10:13:00-07:00,23.629419624897352,26.6,2.9,993.5946283428306,1883.8248806299166,845.7568172817181,1593.257735357671,1554.1209938596749,False
2021-08-21 10:14:00-07:00,23.70944801254946,26.9,2.2,995.559484652922,1888.435639969841,837.6415961130012,1581.8322436210149,1543.3290953246371,False
2021-08-21 10:15:00-07:00,23.788858632896584,27.0,2.6,997.3131654290853,1891.3155584887406,840.4815028547761,1589.6157429712368,1550.7512252032739,False
2021-08-21 10:16:00-07:00,23.867648995717435,27.0,2.4,994.3762897518868,1885.7753507373552,839.2793275847513,1582.6922683427463,1544.1151280103948,False
2021-08-21 10:17:00-07:00,23.945816619601278,27.0,2.6,992.5921485813901,1882.028650995725,841.4520803678304,1583.636923692214,1544.968793366952,False
2021-08-21 10:18:00-07:00,24.023359031342128,27.0,1.8,991.6375702440412,1881.0553868656004,834.3027867055798,1569.3697512095127,1531.4102186569878,False
2021-08-21 10:19:00-07:00,24.10027376679908,27.4,2.4,992.912520497555,1883.0231986306057,837.5907393321933,1577.2027931206803,1538.8715244865136,False
2021-08-21 10:20:00-07:00,24.176558371025198,27.4,3.2,993.9385756634887,1884.260756559582,844.3743792048507,1591.0215065800592,1552.003875296896,False
2021-08-21 10:21:00-07:00,24.2522104489239,27.2,3.9,995.2092562509474,1886.5607408820263,850.6702092628607,1604.8410202332107,1565.1428472596112,False
2021-08-21 10:22:00-07:00,24.32722746358913,26.9,3.6,995.8297883014468,1887.6939310702016,849.715213071113,1604.0022508523632,1564.360542065043,False
2021-08-21 10:23:00-07:00,24.401607040267905,27.2,3.1,990.2632336278614,1877.8294843133892,844.9147036205934,1586.6057421886594,1547.7381623919823,False
2021-08-21 10:24:00-07:00,24.475346763304383,27.3,3.3,987.3303036299453,1871.9360143882927,846.6788187071814,1584.928573357709,1546.0776332671744,False
2021-08-21 10:25:00-07:00,24.54844422805569,27.4,2.8,984.3758306919863,1866.7256722152642,842.4790701124135,1572.677308482886,1534.387002555978,False
2021-08-21 10:26:00-07:00,24.620897040488302,27.4,2.9,981.9926583269386,1862.3935134649041,843.6211429103573,1571.1545443780983,1532.8909663172592,False
2021-08-21 10:27:00-07:00,24.69270281813985,27.3,3.1,980.8701052574662,1860.1850473393886,845.9461493996142,1573.6163779674948,1535.2025858333357,False
2021-08-21 10:28:00-07:00,24.763859189601916,27.3,2.4,984.502681851233,1867.447252393237,839.3822221627537,1567.5020244855639,1529.48093449133,False
2021-08-21 10:29:00-07:00,24.834363795344046,27.5,2.6,984.1441326270883,1866.6880193830068,840.1966217319907,1568.3849677131832,1530.3107064677197,False
2021-08-21 10:30:00-07:00,24.90421428787313,27.5,2.6,983.3954723166415,1865.463310034838,840.2384654171896,1567.4340289157433,1529.3935442765069,False
2021-08-21 10:31:00-07:00,24.97340833189293,27.5,2.9,983.386372788795,1865.2497608561305,842.8035273910031,1572.0390779147717,1533.7639257444093,False
2021-08-21 10:32:00-07:00,25.041943650848847,27.3,3.8,983.0680693370424,1863.2738991662177,851.5359390810098,1586.6446894916398,1547.6044759263305,False
2021-08-21 10:33:00-07:00,25.10981784305359,27.1,3.4,982.6535060231569,1863.2609768629538,849.1282019646242,1582.1474430744893,1543.3364494420907,False
2021-08-21 10:34:00-07:00,25.177028658254955,27.2,2.1,985.2654584092054,1869.3477391443896,836.952552742708,1564.555362240707,1526.7040898676992,False
2021-08-21 10:35:00-07:00,25.24357381351961,27.4,1.7,985.9103082064934,1870.4691375761404,832.382920363858,1556.9465631860946,1519.4886483056196,False
2021-08-21 10:36:00-07:00,25.309451039586655,27.6,2.9,984.2569161543879,1866.4676684790336,842.3668259000739,1572.2504455417952,1533.9787144357836,False
2021-08-21 10:37:00-07:00,25.37465808165289,27.5,2.5,980.8787672028017,1860.98398712465,839.7058218206087,1562.6790883034976,1524.8261379400083,False
2021-08-21 10:38:00-07:00,25.43919269893558,27.4,3.3,982.6680715484681,1863.603068966467,846.7476924465547,1578.0015982836735,1539.4053807853693,False
2021-08-21 10:39:00-07:00,25.503052665459528,27.2,3.7,984.124313642124,1865.6703686091894,850.9013476164463,1587.5014308576317,1548.445741580579,False
2021-08-21 10:40:00-07:00,25.566235770230897,27.1,3.1,980.2245949840564,1858.7564779724771,847.1141739608198,1574.578958431978,1536.0997045478066,False
2021-08-21 10:41:00-07:00,25.628739817417987,27.1,3.1,979.996846393499,1858.3827813792464,847.1261642010594,1574.2846772070973,1535.8159713010384,False
2021-08-21 10:42:00-07:00,25.69056262711819,27.2,3.4,979.4793289309292,1857.069635624218,849.2535682356574,1577.1230145159598,1538.4948474852063,False
2021-08-21 10:43:00-07:00,25.751702034950668,27.5,3.6,979.2362725344055,1856.7133267056522,849.3490259367763,1576.9976554812774,1538.3716705192699,False
2021-08-21 10:44:00-07:00,25.812155933137568,27.4,2.7,981.2303408565057,1861.2224564880726,841.9870448383401,1567.1251959251483,1529.0513428777838,False
2021-08-21 10:45:00-07:00,25.871922108981625,27.4,2.0,978.334264721285,1856.4446101498802,836.237953316954,1552.4294412380264,1515.0376135490937,False
2021-08-21 10:46:00-07:00,25.93099848829632,27.6,3.6,973.4374559614675,1845.7272399869562,849.8180419789331,1568.5323091128957,1530.2066128395907,False
2021-08-21 10:47:00-07:00,25.98938297352076,27.6,2.7,973.2752090409354,1846.2223275557599,842.3489983969772,1555.16352843473,1517.5174704090064,False
2021-08-21 10:48:00-07:00,26.047073484130113,27.7,3.1,976.7325669502218,1852.5798253144765,844.6027672960449,1564.69404709743,1526.6425141914742,False
2021-08-21 10:49:00-07:00,26.104067957370155,27.7,3.6,973.4195974938925,1845.9742457072484,849.2090972914962,1567.618122820403,1529.3416279126473,False
2021-08-21 10:50:00-07:00,26.160364348446368,27.5,2.7,974.0228232485692,1847.6530747558645,842.6981740046725,1557.0138722908857,1519.2915364218572,False
2021-08-21 10:51:00-07:00,26.215960630717117,27.5,2.9,974.7775912886806,1849.1012959106374,844.1898515118913,1560.992548425247,1523.0870294926422,False
2021-08-21 10:52:00-07:00,26.270854796397042,27.7,2.4,978.3149318791393,1856.0089443513832,838.3946172723172,1556.067908553475,1518.4892720393027,False
2021-08-21 10:53:00-07:00,26.32504485623757,28.0,2.1,975.7805012156372,1851.3842018346666,834.7485684631245,1545.4403121567323,1508.338958772045,False
2021-08-21 10:54:00-07:00,26.378528840233677,28.1,2.4,975.0553867847415,1849.839570193465,837.0213446363111,1548.35520440479,1511.0911447697576,False
2021-08-21 10:55:00-07:00,26.43130483295956,28.0,3.6,970.4019547318263,1840.4087390335505,848.1849523519005,1561.0069986251935,1522.9992683905527,False
2021-08-21 10:56:00-07:00,26.483370832686788,27.7,3.7,973.1013723622993,1845.2896079562317,850.0606946408884,1568.608165952887,1530.2734732827455,False
2021-08-21 10:57:00-07:00,26.534724964399135,27.6,3.0,976.467462024564,1852.0107309309437,844.3603348014619,1563.7644008247519,1525.7531083593694,False
2021-08-21 10:58:00-07:00,26.585365337463287,27.5,2.5,975.8675077576472,1851.5210002964486,840.5570319515652,1556.308996605176,1518.6666999695035,False
2021-08-21 10:59:00-07:00,26.635290081938024,27.6,2.1,977.7305681884,1855.4132718117671,836.1915213803092,1551.480846545499,1514.1245805215347,False
2021-08-21 11:00:00-07:00,26.68449734875829,27.8,2.0,976.6738342387185,1852.8888893993244,834.7792195479494,1546.7531410018348,1509.6036147346063,False
2021-08-21 11:01:00-07:00,26.73298530993425,28.0,2.1,976.0957556119145,1851.8993309505347,834.7300146338345,1545.8359556247283,1508.7207894272738,False
2021-08-21 11:02:00-07:00,26.78075215919474,28.0,2.1,978.8605510348173,1857.1942760159718,834.2175549354741,1549.3040679782018,1512.07653585361,False
2021-08-21 11:03:00-07:00,26.827796111722726,27.9,3.0,976.3985301610418,1851.7621577124355,842.9755066034238,1560.9901430066896,1523.1156220471362,False
2021-08-21 11:04:00-07:00,26.874115404807153,27.9,2.6,971.9679598827504,1843.886134702686,840.2353552440015,1549.2983214214,1511.9188897446647,False
2021-08-21 11:05:00-07:00,26.919708298021124,27.9,2.4,971.5357088112845,1843.2405918250797,838.568050070171,1545.6826688969454,1508.4762405258607,False
2021-08-21 11:06:00-07:00,26.964573103260776,27.9,3.2,972.9271970968308,1845.485250803292,845.013775083989,1559.4604586431121,1521.589981203415,False
2021-08-21 11:07:00-07:00,27.008708065497075,28.1,2.1,980.1446339924429,1859.5603494124532,833.5366195160931,1550.0116474354209,1512.775743122516,False
2021-08-21 11:08:00-07:00,27.052111543060775,28.1,2.8,980.2822290447069,1859.8289732660255,839.4052524985199,1561.1502089084313,1523.360732742331,False
2021-08-21 11:09:00-07:00,27.09478188741852,28.2,3.4,982.7903546174161,1863.7572506199288,843.6857763182237,1572.4254828579926,1534.113504642484,False
2021-08-21 11:10:00-07:00,27.136717473684126,28.1,3.3,984.5445569302998,1867.2828715576618,842.9972592051128,1574.1143428837615,1535.757865127216,False
2021-08-21 11:11:00-07:00,27.17791670080299,28.1,2.8,986.1092359230001,1870.6290462391426,838.5195047404251,1568.5589414054996,1530.5211990236103,False
2021-08-21 11:12:00-07:00,27.21837799212655,28.0,2.3,986.2326744497958,1871.2526720818669,834.6039138867148,1561.7548039904996,1524.0655626720227,False
2021-08-21 11:13:00-07:00,27.258099795209198,28.2,1.9,983.3119196774717,1865.7870754574085,830.6428842573472,1549.8027577680225,1512.6475873374673,False
2021-08-21 11:14:00-07:00,27.297080582368764,28.3,2.6,1001.4838091133181,1899.9620868957131,833.1412835978629,1582.9368518635688,1544.5090822470877,False
2021-08-21 11:15:00-07:00,27.335318850869857,28.1,2.6,1004.5885505643516,1905.4537225169704,833.7422060923232,1588.6571902181283,1550.0027514709977,False
2021-08-21 11:16:00-07:00,27.37281312309943,27.9,2.8,1011.8991254854936,1918.554719203541,835.4714456198698,1602.897684753806,1563.669445615088,False
2021-08-21 11:17:00-07:00,27.409561971487154,28.0,1.7,1021.0587738171558,1936.7867818562192,823.2195611751243,1594.4007646494583,1555.8071714903413,False
2021-08-21 11:18:00-07:00,27.44556392026021,28.3,2.9,1035.8191368543548,1963.7396972070153,830.3099451393823,1630.512600255984,1590.383618075105,False
2021-08-21 11:19:00-07:00,27.480817593822565,28.3,2.9,1042.429249793301,1975.7564556322777,829.376446127316,1638.6458675854005,1598.2337824380415,False
2021-08-21 11:20:00-07:00,27.515321617847743,28.1,2.5,834.61706297036,1585.326934016292,860.5952274926613,1364.3247934299939,1332.839661442323,False
2021-08-21 11:21:00-07:00,27.54907464435108,28.2,2.9,1048.2145004909867,1986.9934346336777,828.7398227438485,1646.700586811505,1605.9992963359869,False
2021-08-21 11:22:00-07:00,27.58207535215995,28.1,2.4,1033.738189811718,1960.0789626667754,827.1422568778456,1621.2641368389834,1581.5674478864717,False
2021-08-21 11:23:00-07:00,27.614322446770647,28.2,2.2,1031.5863028321482,1956.3327760597892,825.1042597543399,1614.1785070239653,1574.8009553277107,False
2021-08-21 11:24:00-07:00,27.645814660825287,28.2,1.7,1032.9804790010971,1959.32128314179,820.0928777505657,1606.8254295296815,1567.853364496756,False
2021-08-21 11:25:00-07:00,27.676550754260017,28.4,1.9,1034.4906541387422,1962.192968545076,820.7124791149954,1610.3962557166417,1571.2751911985222,False
2021-08-21 11:26:00-07:00,27.706529514531276,28.4,3.8,1027.723077848779,1947.741639453604,838.9335661796504,1634.025839583411,1593.5343999411934,False
2021-08-21 11:27:00-07:00,27.735749756764704,28.3,2.6,1015.6783096620225,1926.4374894543216,830.8569641510564,1600.5940041148006,1561.5720203052601,False
2021-08-21 11:28:00-07:00,27.764210324183118,28.3,2.5,1005.2407307672424,1906.979157254239,831.6767242301332,1585.9901786803455,1547.4876848957817,False
2021-08-21 11:29:00-07:00,27.791910106300485,28.4,2.4,905.8536332335182,1719.7851289257346,846.9022689053148,1456.4899277168242,1422.2270350483404,False
2021-08-21 11:30:00-07:00,27.81884796555493,28.6,2.5,917.5661219455754,1742.2122796537444,844.6314320462754,1471.5272526925482,1436.7989134480974,False
2021-08-21 11:31:00-07:00,27.845022848888338,28.5,1.4,951.0975161349409,1806.06849553958,829.945061968528,1498.9376294500028,1463.6097971270058,False
2021-08-21 11:32:00-07:00,27.87043371309614,28.5,1.4,981.9119910675813,1863.6744794975616,824.7087749525783,1536.988696896818,1500.4435293016707,False
2021-08-21 11:33:00-07:00,27.895079544010773,28.6,1.5,986.5458130968068,1872.674536514948,824.1965056170504,1543.4518091536495,1506.6880060947503,False
2021-08-21 11:34:00-07:00,27.918959356415296,28.9,1.1,982.8140492419964,1866.3109134190286,819.4126347522042,1529.2787428314793,1493.1409324342228,False
2021-08-21 11:35:00-07:00,27.94207219440077,29.2,1.5,976.4616894825925,1853.6812718443666,823.0625143660876,1525.6955684375516,1489.5939232218643,False
2021-08-21 11:36:00-07:00,27.96441713149481,29.4,2.9,970.9896365152752,1842.7193065840393,835.2775363744121,1539.1820426330814,1502.2928623647992,False
2021-08-21 11:37:00-07:00,27.985993270785702,29.0,1.6,970.9426477567955,1843.4876959862418,825.8090218522791,1522.3687710191102,1486.316810464334,False
2021-08-21 11:38:00-07:00,28.00679974524563,29.1,2.4,972.7353663941163,1845.9697804820057,832.3419159218196,1536.4780238201736,1499.7596499788203,False
2021-08-21 11:39:00-07:00,28.02683571764164,29.0,3.8,972.9673144703355,1845.262492733901,844.4563434133993,1558.2436172519645,1520.4317567474554,False
2021-08-21 11:40:00-07:00,28.046100393519385,28.9,2.9,974.6723419341482,1849.3215403185711,837.2462983197797,1548.337614034757,1511.068508333775,False
2021-08-21 11:41:00-07:00,28.06459297014186,28.9,2.6,983.4880841199667,1865.9682695455829,833.2988223479742,1554.9091615510217,1517.5019119296182,False
2021-08-21 11:42:00-07:00,28.08231271411294,28.9,1.9,993.7888487086358,1886.2211539959503,825.1221287413416,1556.3628138620886,1519.1104698533907,False
2021-08-21 11:43:00-07:00,28.099258909461387,29.1,1.2,997.5394093091011,1893.515408003514,816.9602997700263,1546.9269153417144,1510.2210314702095,False
2021-08-21 11:44:00-07:00,28.115430870731153,29.4,2.8,999.6157955209634,1896.5581382291557,829.7646851493955,1573.6969664352387,1535.6954149626326,False
2021-08-21 11:45:00-07:00,28.130827943263956,29.2,3.0,997.6051112998741,1892.3903728023743,832.893905844287,1576.160408985496,1537.9881979037834,False
2021-08-21 11:46:00-07:00,28.145449503270278,29.3,2.0,988.6502101529331,1876.5916690890797,824.9352523284173,1548.066622057406,1511.11833174379,False
2021-08-21 11:47:00-07:00,28.159294957923578,29.4,1.5,982.2931546553301,1864.7744817803768,821.014778101635,1531.0074073685075,1494.7681095664475,False
2021-08-21 11:48:00-07:00,28.17236374557232,29.4,3.6,982.8891880350476,1864.6197156656228,839.1221382292233,1564.6436827937039,1526.7338238286932,False
2021-08-21 11:49:00-07:00,28.18465533568897,29.2,3.3,978.7053130875485,1856.6841249296685,838.4404280895419,1556.719032533088,1519.1155475170121,False
2021-08-21 11:50:00-07:00,28.19616922906568,29.0,1.9,975.7464936925702,1851.7255646036301,827.9875751069382,1533.2057599996856,1496.7136333481517,False
2021-08-21 11:51:00-07:00,28.206904964834713,29.1,1.4,976.0662351344748,1853.3290761147462,822.5367238184451,1524.431226424889,1488.3875387975393,False
2021-08-21 11:52:00-07:00,28.216862092241154,29.2,3.8,968.2900522151795,1836.687091100178,844.1160541497974,1550.3770600473517,1512.8603666463423,False
2021-08-21 11:53:00-07:00,28.22604021401458,29.1,3.0,967.2826128403076,1835.110241131887,838.422388936372,1538.5975123313985,1501.650390093677,False
2021-08-21 11:54:00-07:00,28.23443895699376,29.0,1.8,970.4238849664634,1842.1710926223857,827.8201494991179,1524.9863492976162,1488.7913791984959,False
2021-08-21 11:55:00-07:00,28.24205797974919,29.0,2.5,975.2562325747903,1850.6708533050598,833.2626795628967,1542.094954213927,1505.1516162837336,False
2021-08-21 11:56:00-07:00,28.248896972612826,29.0,1.8,975.0833728841615,1851.0313872897389,826.9760695302481,1530.7586612379905,1494.3791921758043,False
2021-08-21 11:57:00-07:00,28.254955657737767,29.3,3.4,970.0469872617776,1840.5754456829993,840.0370950382274,1546.1516505902375,1508.8912068445566,False
2021-08-21 11:58:00-07:00,28.260233789184603,29.4,3.3,971.396497717875,1843.0252071139914,838.5998722671399,1545.5607032709122,1508.3578820947514,False
2021-08-21 11:59:00-07:00,28.264731152907824,29.7,2.1,970.4136139666048,1842.2821490290396,826.9699615338219,1523.5119979169917,1487.3905840258258,False
2021-08-21 12:00:00-07:00,28.26844756683375,29.7,1.9,971.821813475849,1845.0671003485777,824.9391526539433,1522.068090351224,1486.0484203845908,False
2021-08-21 12:01:00-07:00,28.271382880890297,29.8,2.0,975.1730527192707,1851.4847047689334,824.7021561957122,1526.9234281863207,1490.7372909315789,False
2021-08-21 12:02:00-07:00,28.273536978210068,29.7,2.2,977.4341637998909,1855.3849840412213,826.6879579510867,1533.8244236701469,1497.342733662946,False
2021-08-21 12:03:00-07:00,28.274909769918526,29.6,3.2,974.9900255716241,1849.895396345605,836.219153776324,1546.9179629068392,1509.7261385476586,False
2021-08-21 12:04:00-07:00,28.27550120378453,29.4,2.2,982.7226496074197,1865.4459180953784,827.1995511230039,1543.0960260927368,1506.2693432669082,False
2021-08-21 12:05:00-07:00,28.275311257956314,29.6,3.5,984.6695727123272,1867.5584927246873,837.2780920764321,1563.6658116296635,1525.8387181240848,False
2021-08-21 12:06:00-07:00,28.274339942654137,29.7,4.4,992.3231108035257,1881.5913954083665,842.5898898851231,1585.4098866659308,1546.6467383189026,False
2021-08-21 12:07:00-07:00,28.27258730019293,29.7,2.4,1008.7014206132486,1914.0608719088095,823.1923279183837,1575.6402249241041,1537.7364279391372,False
2021-08-21 12:08:00-07:00,28.27005340493648,29.6,2.3,980.8663937024725,1861.5850461487944,827.5644347586905,1540.581576471358,1503.8359807808322,False
2021-08-21 12:09:00-07:00,28.26673836332278,29.8,0.8,1035.1624619170213,1965.010147601781,802.473715289482,1576.8689937275344,1539.4534437916159,False
2021-08-21 12:10:00-07:00,28.26264231382202,29.9,3.5,1041.7642283197235,1975.0543982934332,826.588433449528,1632.5571210629691,1592.4498428734619,False
2021-08-21 12:11:00-07:00,28.257765426914872,29.4,2.2,1030.5345860285186,1954.7891573919558,819.2821041743663,1601.523774085318,1562.76946302353,False
2021-08-21 12:12:00-07:00,28.25210790507997,29.5,1.8,1023.8069212089677,1942.4226922221017,816.1843285653497,1585.3749608413948,1547.2957474240065,False
2021-08-21 12:13:00-07:00,28.245669982696953,29.7,2.3,1032.0325989156277,1957.4400142402233,818.5392094811353,1602.2414018629347,1563.4799369476154,False
2021-08-21 12:14:00-07:00,28.2384519209846,29.7,2.6,1041.00086354172,1974.5531755970862,819.5835602365693,1618.3113215322835,1578.924813709694,False
2021-08-21 12:15:00-07:00,28.230454027777817,29.7,2.7,951.9669003478746,1806.9393034034788,835.3061666329654,1509.3475428644006,1473.5215328888796,False
2021-08-21 12:16:00-07:00,28.22167662844909,29.8,1.3,1043.4002306332973,1979.921272105564,806.1884959702411,1596.1897524982712,1557.9735126160504,False
2021-08-21 12:17:00-07:00,28.212120084702157,29.9,3.1,1032.0840791681285,1956.9575375573513,824.7827348727307,1614.0647898563568,1574.6999471102918,False
2021-08-21 12:18:00-07:00,28.20178478985443,29.7,4.5,937.1551014472834,1777.6374111207024,851.6884610912841,1513.9932710556855,1477.5978646865747,False
2021-08-21 12:19:00-07:00,28.19067116886642,29.4,2.9,1010.1208936237296,1916.1274351812508,828.9485561560626,1588.3710708045176,1549.8513547113416,False
2021-08-21 12:20:00-07:00,28.1787796782033,29.4,3.6,1005.3523701620699,1906.7720600658483,835.6012129383996,1593.3010461880738,1554.4264015891822,False
2021-08-21 12:21:00-07:00,28.166110805760212,29.5,3.0,997.872132994831,1892.9640636035003,831.3656215438006,1573.7452452978025,1535.7008351796637,False
2021-08-21 12:22:00-07:00,28.152665070790448,29.6,2.2,1008.2616973644683,1913.2466382452074,821.9900537999976,1572.6697071038425,1534.9051975752402,False
2021-08-21 12:23:00-07:00,28.138443023730435,29.8,2.5,1011.0887113950328,1918.1112059461484,823.3621088378292,1579.3000875132923,1541.2580604247103,False
2021-08-21 12:24:00-07:00,28.123445246226982,29.9,2.1,1011.8174360880428,1920.0013686660461,819.0048033867964,1572.4903434467153,1534.8089646180315,False
2021-08-21 12:25:00-07:00,28.10767234010792,29.9,3.0,1008.872981252969,1914.1686068303152,827.3995889946412,1583.7823185578477,1545.4716761877773,False
2021-08-21 12:26:00-07:00,28.091124970112133,30.0,4.3,1008.0951962614712,1911.8828492269467,837.6963988625574,1601.5773778444993,1562.3402873886394,False
2021-08-21 12:27:00-07:00,28.073803800353602,29.7,3.2,1014.9374157132165,1925.2456010094825,829.175619371255,1596.3667136588217,1557.5454539363197,False
2021-08-21 12:28:00-07:00,28.055709535847896,29.6,2.4,1032.8627617122133,1958.946625989799,819.8015491574097,1605.9474787031177,1567.015636396197,False
2021-08-21 12:29:00-07:00,28.036842912260305,29.6,1.8,1049.3816535007627,1990.2817926132411,811.2827330186169,1614.6812521884626,1575.6488084706245,False
2021-08-21 12:30:00-07:00,28.01720469564788,29.7,2.1,972.460789151186,1846.4012612631318,826.5035318356323,1526.0571636197446,1489.8569179954757,False
2021-08-21 12:31:00-07:00,27.996795682353856,29.6,1.7,633.5882823036527,1205.1837677043827,878.7479458597631,1059.0527602537563,1036.2560407475917,False
2021-08-21 12:32:00-07:00,27.97561669889301,29.6,1.4,568.4357879877601,1081.419664680379,886.5331760106426,958.7144099294605,938.3519840261629,False
2021-08-21 12:33:00-07:00,27.95366860165123,29.6,2.6,809.8363484449804,1539.2145160006098,857.5418381761863,1319.9408453986318,1289.9536369739592,False
2021-08-21 12:34:00-07:00,27.93095227696458,29.5,1.6,1031.2661161384535,1956.4714282526293,812.9818151853447,1590.5756930990865,1552.388812223772,False
2021-08-21 12:35:00-07:00,27.907468640812617,29.6,1.1,1004.6549299966655,1907.5907300034103,812.0010842038934,1548.9657409800657,1512.3121656657831,False
2021-08-21 12:36:00-07:00,27.8832186221619,29.8,2.7,993.6964502017958,1885.6530286787624,827.8673373973219,1561.0705521074826,1523.5777910341014,False
2021-08-21 12:37:00-07:00,27.858203228410268,30.0,2.6,987.6019175326032,1874.4110472276006,826.9711350488786,1550.083831273966,1513.011390324777,False
2021-08-21 12:38:00-07:00,27.832423447441393,29.8,2.5,986.8615059500011,1873.2607737594708,827.1137641289597,1549.3997697793236,1512.3483882529601,False
2021-08-21 12:39:00-07:00,27.80588031228839,30.0,4.2,990.0391483401731,1877.8447301158292,839.7635857614555,1576.9456240653215,1538.5679533116565,False
2021-08-21 12:40:00-07:00,27.778574884733263,29.9,3.9,996.0640302182397,1888.9896946735892,837.1264587574409,1581.323253731401,1542.852161464495,False
2021-08-21 12:41:00-07:00,27.75050825517141,29.9,3.4,999.8851319586553,1896.8391920405131,832.309951825216,1578.7581365474214,1540.505551905005,False
2021-08-21 12:42:00-07:00,27.721681542482212,30.0,3.1,1008.8511409282139,1913.4874028742286,828.0247993682988,1584.4150228587,1546.064956244753,False
2021-08-21 12:43:00-07:00,27.692095893602616,29.9,2.1,990.1606195273525,1879.3952371446726,822.6597515278858,1546.1028188121281,1509.2825991784728,False
2021-08-21 12:44:00-07:00,27.66175248366318,30.1,2.3,1023.3512747946758,1941.9807328489558,817.7211743699379,1587.9987654690408,1549.7835656061193,False
2021-08-21 12:45:00-07:00,27.63065251555746,30.4,3.5,1015.7363885948201,1926.603571557639,828.1653742098937,1595.5463677931498,1556.7817844286699,False
2021-08-21 12:46:00-07:00,27.59879721978567,30.2,3.6,1028.6771328281159,1950.5798048282954,828.0154164696422,1615.1101494521745,1575.6211349881542,False
2021-08-21 12:47:00-07:00,27.566187832196853,30.2,3.5,1039.5855054136885,1971.340551539831,825.3285227187259,1627.0035851778873,1587.1391589918678,False
2021-08-21 12:48:00-07:00,27.532825681476233,30.0,1.7,1050.3208328697121,1992.492530195164,808.0351222259181,1610.0039451704786,1571.2303541464196,False
2021-08-21 12:49:00-07:00,27.498712058043406,30.1,2.0,1055.2761870625109,2001.6448346383636,809.5909114292808,1620.513466032585,1581.3086803227359,False
2021-08-21 12:50:00-07:00,27.463848300793938,30.4,2.6,1078.4539805085556,2044.448328685344,809.997351869943,1655.9977322700595,1615.4471613184298,False
2021-08-21 12:51:00-07:00,27.42823577493551,30.6,2.5,748.2039861749411,1422.5215093331599,861.5639092937184,1225.5931926354783,1198.4262398220994,False
2021-08-21 12:52:00-07:00,27.39187587207996,30.3,2.2,730.8096087755023,1390.0680789564099,863.4428307869769,1200.2443170807376,1173.7893695403975,False
2021-08-21 12:53:00-07:00,27.35477000966545,30.3,3.3,723.0131024314002,1374.5180309557127,871.8046099667977,1198.3111558696758,1171.74597646664,False
2021-08-21 12:54:00-07:00,27.316919631125323,30.4,3.7,490.71643297785226,933.1822400767372,903.263267070415,842.9092389438022,825.0040581714482,False
2021-08-21 12:55:00-07:00,27.278326205389547,30.2,2.8,902.6429054516267,1714.1705981662706,841.5644641441897,1442.585060897523,1408.9249431368114,False
2021-08-21 12:56:00-07:00,27.238991226678053,30.2,2.4,1220.1515789855598,2308.405796138938,784.772439571809,1811.573248157658,1765.6073337394907,False
2021-08-21 12:57:00-07:00,27.198916214352945,30.5,2.6,1129.976988217145,2141.1493961879464,800.6295128791917,1714.2673980715313,1671.7297756836454,False
2021-08-21 12:58:00-07:00,27.158102712348523,30.6,2.9,787.8328095223028,1497.6660074088186,858.0592574635339,1285.0861822455863,1256.1817508198656,False
2021-08-21 12:59:00-07:00,27.116552261270158,30.9,3.3,857.292475060014,1628.9016099044402,848.7377676377387,1382.5103160918134,1350.6958465790613,False
2021-08-21 13:00:00-07:00,27.074266509765668,30.7,2.3,434.69112021144963,826.8916259482223,902.195318063072,746.0177534760472,730.1986630911299,False
2021-08-21 13:01:00-07:00,27.03124704717866,30.5,2.4,361.2956241899925,687.0693446483712,910.6616276719277,625.6876877209704,612.061125848898,False
2021-08-21 13:02:00-07:00,26.987495514314745,30.3,2.6,342.10700587363084,650.527813083245,913.7554945950434,594.4233635917125,581.3102044105041,False
2021-08-21 13:03:00-07:00,26.943013575230324,30.1,2.0,322.7391988788838,613.6147198174269,914.4209905668574,561.1021799218562,548.5462721340217,False
2021-08-21 13:04:00-07:00,26.897802917461703,30.1,2.9,304.6624509007535,578.9307310349152,918.4034400165558,531.6919749137654,519.5713208501219,False
2021-08-21 13:05:00-07:00,26.85186525142505,29.8,3.2,284.24900546652356,540.1338066677855,921.4513348364508,497.70701714432437,486.0867340988613,False
2021-08-21 13:06:00-07:00,26.805202310222686,29.7,1.5,264.1378734870817,501.865036812718,918.6095580663018,461.01801967545913,449.9761127481798,False
2021-08-21 13:07:00-07:00,26.757815849461586,29.7,1.3,244.3499684190412,464.356980729781,918.4674259653849,426.4967608199398,415.9460235700924,False
2021-08-21 13:08:00-07:00,26.70970764661214,29.7,1.6,228.70702925716685,434.4133636484369,919.7465986454348,399.55021362177223,389.3521205563878,False
2021-08-21 13:09:00-07:00,26.660879501272795,29.7,1.5,214.847029034081,408.0785336390581,919.4696913571934,375.21584337460087,365.33696221557307,False
2021-08-21 13:10:00-07:00,26.611333201057146,29.7,1.1,205.70575689332915,390.6964196303836,918.5499956793019,358.87419456340757,349.2092186219805,False
2021-08-21 13:11:00-07:00,26.561070654792648,29.8,1.1,203.03823461352644,385.69921439277437,917.8282151561644,354.00562153325484,344.407240745911,False
2021-08-21 13:12:00-07:00,26.510093692976394,29.8,1.9,205.36393847864818,390.0102180212941,919.6870802163469,358.687358666545,349.0144230747012,False
2021-08-21 13:13:00-07:00,26.458404199509143,29.8,3.0,211.50070843237705,401.63262851013525,921.9605044238448,370.289420774279,360.4502700434557,False
2021-08-21 13:14:00-07:00,26.40600407903621,29.7,3.0,222.5190916078633,422.5962996969012,922.6350536712063,389.9021596521036,379.8039650528864,False
2021-08-21 13:15:00-07:00,26.352895256232923,29.7,2.1,235.8710871192553,448.05911075799196,920.7193386662378,412.53668814048103,402.1551001327208,False
2021-08-21 13:16:00-07:00,26.299079675637152,29.7,1.8,287.59542081310207,546.680706845359,918.0164042445784,501.861856768061,490.21439769257137,False
2021-08-21 13:17:00-07:00,26.24455930145186,29.8,2.6,517.9765562848917,985.0256572170932,898.4696323932618,885.015640137773,866.2234731857457,False
2021-08-21 13:18:00-07:00,26.18933611684581,29.9,3.1,308.766301716117,586.8199489535186,919.5545420350758,539.6129494169994,527.351732868951,False
2021-08-21 13:19:00-07:00,26.133412124270787,30.0,2.5,759.7759303575915,1444.7064542853911,862.5423341002985,1246.1204771690875,1218.3164892942452,False
2021-08-21 13:20:00-07:00,26.07678934476443,30.1,1.7,1008.4329884889618,1914.434934834301,814.6490864646104,1559.5926707586993,1522.4899877046053,False
2021-08-21 13:21:00-07:00,26.019469779075028,30.4,2.0,1171.0717835610733,2217.6680590632222,788.000930842906,1747.5244948424,1704.0368742575502,False
2021-08-21 13:22:00-07:00,25.961455561695157,30.6,1.7,585.2415468181533,1113.5642162391691,880.7291928754489,980.7485133833053,959.93689547123,False
2021-08-21 13:23:00-07:00,25.902748729528863,30.8,2.6,408.36095012902416,776.730459686856,905.5394276920883,703.3600559358483,688.3455829891602,False
2021-08-21 13:24:00-07:00,25.84335137548535,30.5,2.5,430.7644978222675,819.4538620025114,904.2953865687725,741.0283469148346,725.2817481279327,False
2021-08-21 13:25:00-07:00,25.783265609583946,30.2,1.4,400.8164455634703,762.3818295872943,904.8652738710896,689.8528430238495,675.1085325873541,False
2021-08-21 13:26:00-07:00,25.722493558737355,30.2,1.8,353.3632207351711,672.0852095330326,910.7230384648027,612.0834841331771,598.6980586625511,False
2021-08-21 13:27:00-07:00,25.661037366589003,30.2,1.2,333.2182377558227,633.6674489998891,910.5609472257556,576.9928325874672,564.2152361967738,False
2021-08-21 13:28:00-07:00,25.59889919274829,30.3,1.8,365.63239809176656,695.4536355370478,909.1564328425892,632.2761464922725,618.5495847360374,False
2021-08-21 13:29:00-07:00,25.53608121316865,30.2,1.5,360.5595997465177,685.8631533530381,909.0070736318452,623.4544579413547,609.8880677293994,False
2021-08-21 13:30:00-07:00,25.472585619410975,30.3,2.4,408.2945494939224,776.6020263406302,907.2813071540218,704.5965015967892,689.5348673624289,False
2021-08-21 13:31:00-07:00,25.408414618452557,30.2,3.3,374.17262606520796,711.253524368347,914.2840497571401,650.2877526635311,636.1684912219919,False
2021-08-21 13:32:00-07:00,25.343570388790138,30.2,2.1,393.0932644029846,747.5155109372697,908.3797170227045,679.0279282952795,664.4448672641877,False
2021-08-21 13:33:00-07:00,25.27805525405922,30.3,1.2,433.99684905310147,825.8835232971155,899.5252491263219,742.9030820431624,727.1838998537976,False
2021-08-21 13:34:00-07:00,25.211871422565817,30.4,2.1,576.1742261809156,1096.2163276583392,885.1381834091584,970.302928886961,949.6773335577975,False
2021-08-21 13:35:00-07:00,25.145021159959644,30.4,2.2,372.724593101959,708.930932479014,909.3944136477799,644.6978296585269,630.7425558894671,False
2021-08-21 13:36:00-07:00,25.07750674584093,30.4,2.4,303.1576488174563,576.4156994103724,915.1567150556531,527.5106979789032,515.4927275450449,False
2021-08-21 13:37:00-07:00,25.00933047355405,30.4,1.9,327.83333904331295,623.473950684085,912.0609539123626,568.6462462004359,555.9916493372017,False
2021-08-21 13:38:00-07:00,24.94049464940808,30.4,1.5,688.4183964948232,1310.0361672398992,864.7984516185826,1132.9172489934072,1108.364065405225,False
2021-08-21 13:39:00-07:00,24.87100159314566,30.4,1.7,429.35538514733355,816.8105089295184,901.8376633216833,736.6304807495917,721.0063403049774,False
2021-08-21 13:40:00-07:00,24.800853637125236,30.4,2.1,716.2776027336722,1362.3529330473953,864.6509962660272,1177.9598208253744,1152.12958854382,False
2021-08-21 13:41:00-07:00,24.73005312616963,30.5,0.9,728.2442931280018,1386.0010344626455,853.6495276505375,1183.1591283921937,1157.3956809490587,False
2021-08-21 13:42:00-07:00,24.65860241740603,30.6,1.2,839.8154311625087,1596.7646729653914,836.9691203407245,1336.4427237229884,1306.381561248477,False
2021-08-21 13:43:00-07:00,24.586503879429262,30.7,1.7,347.42937642501863,660.9818321880851,908.1857115515618,600.2942555883913,587.1455443003258,False
2021-08-21 13:44:00-07:00,24.513759843843687,30.7,1.7,284.00071554376854,540.0513806981152,912.6611479290923,492.88391304863296,481.4307440345458,False
2021-08-21 13:45:00-07:00,24.44037279996614,30.7,1.8,275.5602625875485,523.9212649398839,913.4109111554371,478.5553999824486,467.30934139656557,False
2021-08-21 13:46:00-07:00,24.366345102001585,30.7,0.7,280.709958555201,533.797215628386,910.1063495506756,485.8122353158652,474.4925889307464,False
2021-08-21 13:47:00-07:00,24.29167916359908,30.8,1.7,488.87698083444684,930.4077985085614,892.5397760082135,830.4259680771264,812.9580996089762,False
2021-08-21 13:48:00-07:00,24.21637740841719,30.8,2.3,669.1924096008092,1273.2155152658572,870.8563971430635,1108.787876411074,1084.7897746715093,False
2021-08-21 13:49:00-07:00,24.140442270704405,30.9,1.8,506.9767594557195,965.0436401490381,890.0428712813007,858.9302123900081,840.8649714547319,False
2021-08-21 13:50:00-07:00,24.063876194448873,31.0,1.4,385.1395452396945,732.9774278828388,902.0274932362624,661.1657918719203,646.9996043237787,False
2021-08-21 13:51:00-07:00,23.98668163323752,31.0,1.9,373.26903316735616,710.288644847537,905.0050149323606,642.8147856365314,628.9485965630786,False
2021-08-21 13:52:00-07:00,23.908861050123864,31.0,1.9,632.8381900192041,1204.2554047675194,872.8522493043092,1051.137038788201,1028.6555303141552,False
2021-08-21 13:53:00-07:00,23.83041691677916,31.0,2.0,707.106445501215,1345.6045952966895,862.1014672485423,1160.0476959416571,1134.7809909211228,False
2021-08-21 13:54:00-07:00,23.7513517140653,31.0,2.1,748.2341066269113,1423.4089025613891,856.5150000052299,1219.1710761848126,1192.2976271848213,False
2021-08-21 13:55:00-07:00,23.67166787757776,31.1,2.3,890.69114649136,1692.2980132201903,834.9723159061392,1413.0219913018204,1380.5123733518037,False
2021-08-21 13:56:00-07:00,23.591368011624034,31.2,2.8,1275.0811635466732,2409.720250109395,774.8326171453539,1867.1298479804188,1819.169135844304,False
2021-08-21 13:57:00-07:00,23.51045456855473,31.1,1.5,879.8396324547464,1672.5085537039315,830.0756306615232,1388.308592502583,1356.7282747141912,False
2021-08-21 13:58:00-07:00,23.42893006115907,31.2,0.8,501.12051387105345,954.2586606518585,884.272247659838,843.8244507034855,826.1843897436305,False
2021-08-21 13:59:00-07:00,23.34679701011322,31.4,2.2,708.3053203944755,1347.4999121836067,861.4721010337494,1160.8335804916044,1135.556716801936,False
2021-08-21 14:00:00-07:00,23.26405794309979,31.3,1.7,468.0854364887898,890.819624626244,892.6702147547711,795.2081456228738,778.4999444097135,False
2021-08-21 14:01:00-07:00,23.180715394716238,31.2,1.2,429.1142653801848,816.8597574759151,895.4035492534368,731.4191260862359,715.9870263738034,False
2021-08-21 14:02:00-07:00,23.096771906180923,31.2,1.3,617.6410716522998,1175.9067284082882,870.2920899258005,1023.3823242242597,1001.668859566034,False
2021-08-21 14:03:00-07:00,23.012230025269293,31.3,0.4,596.1740734578214,1135.4958891319823,867.4529789255284,984.9892915852297,964.2965736981523,False
2021-08-21 14:04:00-07:00,22.927092305402113,31.3,0.7,409.7159216579631,780.0709699637,894.9232779153602,698.1036694465289,683.3309658469151,False
2021-08-21 14:05:00-07:00,22.841361306355317,31.3,1.1,836.447511268236,1590.9548267814237,833.0521661066708,1325.3483646281284,1295.724099467188,False
2021-08-21 14:06:00-07:00,22.755039535291374,31.2,1.9,527.6362326023097,1004.495283093145,886.262821709434,890.2468239879473,871.5240421869069,False
2021-08-21 14:07:00-07:00,22.668129678601765,31.2,1.6,606.2277690509605,1154.2075131560482,873.6811920061493,1008.4093959166294,987.0203607343058,False
2021-08-21 14:08:00-07:00,22.58063425450844,31.2,0.8,375.0355155702985,713.9565813891713,899.593555744689,642.2707396992071,628.4818049377509,False
2021-08-21 14:09:00-07:00,22.492555843331377,31.3,1.1,731.7362171105962,1392.796962626119,850.4875178931769,1184.5564316730436,1158.8151936347126,False
2021-08-21 14:10:00-07:00,22.403897030516166,31.4,1.9,561.6475672277551,1069.0080287303695,880.9158494935743,941.7061157444648,921.8509951598149,False
2021-08-21 14:11:00-07:00,22.31466040576379,31.5,1.4,1273.0107127699305,2405.6749150642986,757.9097979904819,1823.2845889071527,1777.6394683052379,False
2021-08-21 14:12:00-07:00,22.224848562937527,31.7,1.4,1254.2915332696343,2371.9387929634795,760.0863862027372,1802.8783854376939,1757.9930533998306,False
2021-08-21 14:13:00-07:00,22.134464100013105,32.0,1.6,1095.5475722600618,2077.5185389642315,789.1713806274264,1639.5181736734762,1600.1478151151694,False
2021-08-21 14:14:00-07:00,22.043509618166514,32.3,2.6,1215.8356545103034,2300.4227916473733,777.3684336032543,1788.276062168144,1743.470959638949,False
2021-08-21 14:15:00-07:00,21.951987722558272,32.1,3.5,1197.6115407971197,2266.210484108953,790.5179651397269,1791.4801004761248,1746.1616884253376,False
2021-08-21 14:16:00-07:00,21.859901021429497,31.8,2.8,753.2384646601331,1432.5319389408828,856.6097050547671,1227.1207616976835,1200.0091961678172,False
2021-08-21 14:17:00-07:00,21.767252063734656,31.8,3.0,1177.2633103038622,2228.4105519828668,790.5100148215001,1761.5808584763633,1717.4635353325098,False
2021-08-21 14:18:00-07:00,21.674043587986873,31.6,2.6,1178.680284723398,2231.189733949465,787.2237712849044,1756.4455968118605,1712.6268271594092,False
2021-08-21 14:19:00-07:00,21.580278148562694,31.6,1.2,1180.2486779188112,2235.3789532837577,771.5836871581861,1724.7819349704885,1682.6498863180339,False
2021-08-21 14:20:00-07:00,21.485958364680002,32.0,1.0,1142.381322957768,2165.3863004080195,774.1832353554939,1676.405771844344,1636.0548882739233,False
2021-08-21 14:21:00-07:00,21.39108685753832,32.2,1.6,1140.8282707473927,2161.607416727016,780.283228358424,1686.6660135672691,1645.757955917143,False
2021-08-21 14:22:00-07:00,21.29566625027646,32.2,1.3,1148.8444427238248,2176.8592540376367,775.5140716263728,1688.1849834562763,1647.3503485543977,False
2021-08-21 14:23:00-07:00,21.199699167981173,32.1,1.2,911.0667453527715,1732.1561360913367,816.9688461301872,1415.117599819863,1382.9559447230856,False
2021-08-21 14:24:00-07:00,21.10318823670227,32.1,0.8,584.4620511337953,1113.3715173646515,867.566451054657,965.9237760253892,945.699959591504,False
2021-08-21 14:25:00-07:00,21.006136084383463,32.2,1.8,852.938724451267,1622.233007295629,831.3494752660037,1348.6425593744123,1318.3168802607518,False
2021-08-21 14:26:00-07:00,20.90854533991905,32.1,1.8,1230.1403276480976,2326.853296142504,767.2211788371353,1785.2111288475257,1740.824839699405,False
2021-08-21 14:27:00-07:00,20.81041863313635,32.1,1.8,951.6544210134741,1808.0660005705208,815.4220314284235,1474.3368511418792,1440.2153245782667,False
2021-08-21 14:28:00-07:00,20.711758594796834,32.1,1.6,513.5618976752748,978.05952611591,881.9840426389014,862.6328947851986,844.6072305828367,False
2021-08-21 14:29:00-07:00,20.612567788950386,32.2,0.8,632.2419926331404,1204.3537088168275,859.7033968202983,1035.3869744429512,1013.5499881941336,False
2021-08-21 14:30:00-07:00,20.512848980299026,32.5,1.6,1222.3429410258277,2313.0187703149704,764.2094162173327,1767.6307241621362,1724.0306434832764,False
2021-08-21 14:31:00-07:00,20.412604734166027,32.6,1.1,1143.7995247290633,2167.9038158089134,772.1348367764003,1673.9140589665506,1633.7133515579874,False
2021-08-21 14:32:00-07:00,20.31183768219243,32.7,1.5,959.6225643735966,1823.7980273956782,808.1702161290457,1473.9392459760923,1440.0063177189006,False
2021-08-21 14:33:00-07:00,20.210550456033005,32.5,1.9,459.5716082905842,875.1729230786879,888.1012007676102,777.242123865482,760.9771679812018,False
2021-08-21 14:34:00-07:00,20.10874568640083,32.3,2.4,289.7885703291446,551.2443007426232,906.034115093078,499.4461422234451,487.9639583459434,False
2021-08-21 14:35:00-07:00,20.006426004029336,32.1,1.9,322.23084989420136,613.1612753249271,903.5939989267233,554.0488487578605,541.732498039538,False
2021-08-21 14:36:00-07:00,19.90359403876076,31.9,2.3,299.4200925644195,569.7139293228919,907.0670162559945,516.7687139903941,505.0086308824379,False
2021-08-21 14:37:00-07:00,19.800252419545092,31.8,2.6,278.3434512317532,529.3905231886538,909.5632685429467,481.5141746071326,470.26437650152104,False
2021-08-21 14:38:00-07:00,19.696403774471193,31.7,2.0,278.8760327611633,530.5187346402483,908.3613130403423,481.902694390317,470.65971650201016,False
2021-08-21 14:39:00-07:00,19.592050729839222,31.6,1.6,388.2469492279464,738.8873544178646,899.5175424263822,664.6421371758887,650.4432417920747,False
2021-08-21 14:40:00-07:00,19.4871958406643,31.7,1.5,389.74235580119716,741.8161904254498,898.4211133123679,666.4633276751722,652.2444988079753,False
2021-08-21 14:41:00-07:00,19.381841871347266,31.7,2.1,721.3200734999831,1372.6539358063267,857.108713766113,1176.5136493649534,1150.8733749366515,False
2021-08-21 14:42:00-07:00,19.27599137381667,31.7,2.2,483.3768880013464,920.2247729005206,890.7353651409124,819.6767491012586,802.4706469250332,False
2021-08-21 14:43:00-07:00,19.169646968508616,31.9,1.3,311.03180163400447,591.8760879787732,903.5029193036111,534.7617733548226,522.7574624183792,False
2021-08-21 14:44:00-07:00,19.062811273260095,32.0,1.6,298.73522126352884,568.5039199891863,904.5652784663915,514.2489066942536,502.55523450863717,False
2021-08-21 14:45:00-07:00,18.95548690436606,31.8,1.7,289.73662696013736,551.1911073259184,906.5968439558133,499.7081183181877,488.2159289459209,False
2021-08-21 14:46:00-07:00,18.847676475623725,31.7,1.8,280.21825771715265,532.9690254900513,907.9738208785193,483.92192248410277,472.65294932809974,False
2021-08-21 14:47:00-07:00,18.73938259840766,31.7,1.8,271.5882484071672,516.5937137385804,908.235639495572,469.188821956752,458.13448706579294,False
2021-08-21 14:48:00-07:00,18.630607881727233,31.7,1.3,265.7084769821548,505.5039167232689,907.0153018477932,458.4997876119975,447.6127677233781,False
2021-08-21 14:49:00-07:00,18.521354931264305,31.7,1.6,302.9523497908507,576.3870623235897,906.0267169295587,522.2220777577149,510.38809068883984,False
2021-08-21 14:50:00-07:00,18.411626350476453,31.6,1.5,281.6578846633567,535.7402514703605,907.5658553131906,486.21955955140146,474.92057819982836,False
2021-08-21 14:51:00-07:00,18.301424665580793,31.5,1.2,279.7505039182563,532.193644628675,907.2074779965114,482.8100541493519,471.5656855761019,False
2021-08-21 14:52:00-07:00,18.190752621540202,31.5,0.9,274.7963252382575,522.8506838925676,906.4862374946306,473.9569492132681,462.85093538360815,False
2021-08-21 14:53:00-07:00,18.079612738780348,31.5,0.9,270.6664291331131,514.8051105347902,906.9996629482195,466.92806173907553,455.91941866679764,False
2021-08-21 14:54:00-07:00,17.968007607466266,31.5,0.7,272.01237192437554,517.4630822240596,906.2309196568063,468.94104489235514,457.9110359124674,False
2021-08-21 14:55:00-07:00,17.855939814920692,31.5,1.0,276.5978307526081,526.2012447593673,906.806209600932,477.16255624753416,466.0060403356692,False
2021-08-21 14:56:00-07:00,17.74341194465363,31.6,1.4,436.65996842617295,831.4343649274088,893.1817219612235,742.6219777635994,726.9955210990913,False
2021-08-21 14:57:00-07:00,17.630426576487938,31.6,1.5,467.61179331396056,890.2298180688408,890.0915485782018,792.3860373553854,775.7747864899628,False
2021-08-21 14:58:00-07:00,17.516986286614205,31.6,1.2,699.2367054811461,1331.3557521362372,854.8096025182851,1138.0556812940097,1113.5494143045514,False
2021-08-21 14:59:00-07:00,17.403093646660576,31.7,1.7,570.6330423747213,1086.4789611669835,876.8844266868182,952.7164809702002,932.660510625206,False
2021-08-21 15:00:00-07:00,17.28875122484872,31.8,1.6,873.3878254522995,1660.7783088714075,828.3484732839445,1375.7031766167217,1344.5731504981159,False
2021-08-21 15:01:00-07:00,17.17396158503826,32.1,2.6,1014.6890702910722,1925.8448565523086,812.0401934909386,1563.8634299482655,1526.6731152664909,False
2021-08-21 15:02:00-07:00,17.058727209414982,32.0,2.1,1266.9023181488185,2394.8057569817656,764.5700197900943,1830.9966850089806,1784.8387074374577,False
2021-08-21 15:03:00-07:00,16.94305080799645,32.0,3.1,1172.4768390037884,2219.4302065433876,791.334016539847,1756.3106197738407,1712.3794497707438,False
2021-08-21 15:04:00-07:00,16.82693485402706,31.7,3.8,705.265429972013,1341.0315257447376,870.2529166872931,1167.0365966489687,1141.4113426524707,False
2021-08-21 15:05:00-07:00,16.71038189397972,31.6,3.2,276.10256879204326,525.062130509427,912.1351141666245,478.9276063567873,467.6893440151072,False
2021-08-21 15:06:00-07:00,16.59339446946678,31.5,3.5,308.81860900546866,587.1758945264387,912.316756398545,535.6904075297747,523.5731922403736,False
2021-08-21 15:07:00-07:00,16.475975117366804,31.4,2.6,350.5872398873951,666.9744098765902,907.3300293135106,605.1659108646882,591.9426416918541,False
2021-08-21 15:08:00-07:00,16.358126369953087,31.3,2.9,383.74555494778133,730.0404852260776,906.1558967883041,661.530490581805,647.3051589143369,False
2021-08-21 15:09:00-07:00,16.239850753945383,31.3,2.0,678.6769354716624,1291.445279863629,865.0905356278279,1117.2170888912567,1093.094597036252,False
2021-08-21 15:10:00-07:00,16.121150791720016,31.4,1.4,709.9490966599717,1351.3318726818527,855.6303686277259,1156.2405883611689,1131.207421430438,False
2021-08-21 15:11:00-07:00,16.002029000358725,31.5,3.0,295.5293292554124,562.0790332356188,911.3729198783778,512.2636097223616,500.52682528502066,False
2021-08-21 15:12:00-07:00,15.882487891795124,31.4,2.3,279.667237942175,531.9174051879031,910.7394350162805,484.4381570761568,473.13240787084936,False
2021-08-21 15:13:00-07:00,15.762529972944794,31.4,2.3,373.4132278613627,710.493880862374,904.4555952267291,642.6101659203273,628.7545426582109,False
2021-08-21 15:14:00-07:00,15.642157663910758,31.4,1.9,416.9000510969049,793.5741760850619,898.5408994834407,713.058853986302,697.9476936999055,False
2021-08-21 15:15:00-07:00,15.521373622139839,31.5,1.5,215.85471127212983,410.31971024701005,909.8303736407171,373.32133528618795,363.55532509779164,False
2021-08-21 15:16:00-07:00,15.400180258073183,31.6,0.7,188.8065560690618,358.8622037853442,907.1217205423383,325.5316997353767,316.3673526478914,False
2021-08-21 15:17:00-07:00,15.278580056532517,31.6,2.0,165.55755419615082,314.51698471650803,908.217744287766,285.6499063994167,276.92107820143735,False
2021-08-21 15:18:00-07:00,15.156575497219098,31.4,2.5,150.99479468064084,286.7512674949159,908.6156944473594,260.5467020485535,252.0776671846852,False
2021-08-21 15:19:00-07:00,15.034169053488444,31.3,2.1,142.53348390761602,270.6762943433283,907.4290383356195,245.6195294762155,237.30984305831748,False
2021-08-21 15:20:00-07:00,14.91136319369945,31.2,1.6,136.31831822361195,258.8192219271904,906.5076715898738,234.62161023192022,226.4264363161312,False
2021-08-21 15:21:00-07:00,14.78816038017494,31.2,1.4,131.76063894157252,250.1390890209618,905.5837970709388,226.52190603146815,218.41114996232946,False
2021-08-21 15:22:00-07:00,14.664563069455484,31.2,1.0,128.13194260991708,243.29431362069437,904.2652487486141,220.00259302534056,211.96296126919628,False
2021-08-21 15:23:00-07:00,14.540573712392966,31.2,2.1,125.31316189475727,237.8704521098741,905.3356351372739,215.35259684128334,207.3480979638883,False
2021-08-21 15:24:00-07:00,14.416194753231943,31.1,2.2,121.98245041004049,231.5213101057482,905.3681708508243,209.61202504342768,201.65991480250088,False
2021-08-21 15:25:00-07:00,14.291428547137885,31.0,1.9,118.82318747145226,225.48498578790563,905.0106245664148,204.06630781826166,196.16699468456892,False
2021-08-21 15:26:00-07:00,14.166277694107507,31.0,2.0,116.35971412605016,220.84392462567263,904.4204010958522,199.735750889533,191.879443067423,False
2021-08-21 15:27:00-07:00,14.04074453721534,30.9,2.2,117.237525192935,222.51541756884072,905.3241621782358,201.44858398225102,193.570443985469,False
2021-08-21 15:28:00-07:00,13.914831497165833,31.0,1.9,119.95232755123567,227.6994970231465,904.9749682276773,206.06234508398015,198.14531240370795,False
2021-08-21 15:29:00-07:00,13.78854098778331,31.0,1.5,122.07726543400724,231.6928083303504,905.1246147983226,209.71086389154996,201.7596472437684,False
2021-08-21 15:30:00-07:00,13.66187541739776,31.0,1.5,125.39137954882715,238.02525934404449,905.6293849590373,215.56266922446238,207.55404882350058,False
2021-08-21 15:31:00-07:00,13.534837187833526,31.0,1.3,130.4464770466728,247.68819088767953,906.0748605570243,224.4240430201759,216.32940208258947,False
2021-08-21 15:32:00-07:00,13.407428694649315,31.0,1.2,137.6107999621321,261.26338459136963,907.222773982699,237.02409250909108,228.8002005602295,False
2021-08-21 15:33:00-07:00,13.279652327290306,31.0,0.7,146.20191942204295,277.62336250283744,907.551319257291,251.95744889609523,243.5837139995737,False
2021-08-21 15:34:00-07:00,13.151510468136442,31.1,0.8,154.4883258982598,293.46240504892995,907.841763238476,266.4174272438245,257.8942462526482,False
2021-08-21 15:35:00-07:00,13.023005493894933,31.2,1.1,173.70296298302205,330.00291673183773,909.4096444796165,300.1078351823371,291.21156970476414,False
2021-08-21 15:36:00-07:00,12.894139688074146,31.3,0.9,203.03246238598328,385.895132528362,909.4880240777021,350.967001584423,341.4805024652895,False
2021-08-21 15:37:00-07:00,12.764915587093563,31.3,1.1,157.59139626315687,299.3843427460369,907.5472867153838,271.7054479442343,263.1297192682585,False
2021-08-21 15:38:00-07:00,12.635335462008051,31.4,1.1,155.6442865504506,295.7129025697496,906.756533552555,268.1396064609106,259.60730005852537,False
2021-08-21 15:39:00-07:00,12.505401662950803,31.3,1.1,152.0050212114504,288.71357650113396,907.1194423315906,261.8976985092677,253.426728544963,False
2021-08-21 15:40:00-07:00,12.375116534231795,31.3,1.2,147.10357275267555,279.4013005106736,906.6769658168586,253.32672339230183,244.94610671358805,False
2021-08-21 15:41:00-07:00,12.244482413396193,31.3,0.8,142.7247494421502,271.04886983638477,905.6396390519407,245.47260064405992,237.17825304919788,False
2021-08-21 15:42:00-07:00,12.113501631399357,31.3,1.1,139.05223510865605,264.09150876996625,905.4804471899987,239.12969746011055,230.89872288491458,False
2021-08-21 15:43:00-07:00,11.982176512859498,31.3,1.1,135.75709456217444,257.7927222679002,905.1161837289412,233.3323649722167,225.16022123316014,False
2021-08-21 15:44:00-07:00,11.850509375065593,31.3,1.2,134.28801735640062,255.03172211553732,904.910878365519,230.78097967064184,222.63483027083464,False
2021-08-21 15:45:00-07:00,11.718502529396718,31.2,1.3,132.74323729698088,252.08107246154788,905.3489551369396,228.22133556286153,220.0962403882802,False
2021-08-21 15:46:00-07:00,11.586158280388187,31.2,1.3,131.4249722684612,249.50397357033975,905.3898759226232,225.89837167305137,217.79497660660903,False
2021-08-21 15:47:00-07:00,11.453478836810289,31.1,1.5,129.38430224052098,245.6816766973999,905.5937736985157,222.48779672897706,214.41498045947932,False
2021-08-21 15:48:00-07:00,11.320466668079048,31.1,1.4,126.97975858940825,241.05758403294018,905.2428904603578,218.21566413736934,210.18535011519032,False
2021-08-21 15:49:00-07:00,11.187123969384954,31.1,1.4,125.4764254130868,238.2260680322192,904.870026738884,215.5636285502134,207.56064117126937,False
2021-08-21 15:50:00-07:00,11.053453018847438,31.1,1.2,124.03613575703615,235.45108310999098,904.4996642677359,212.96542562446157,204.98908320881227,False
2021-08-21 15:51:00-07:00,10.919456087660912,31.1,1.1,124.68248040070505,236.72130553694797,904.3378680661272,214.07604077511382,206.09070195230484,False
2021-08-21 15:52:00-07:00,10.785135440342545,31.1,1.4,128.82775926381495,244.63039861395094,905.3472510741922,221.47545891432438,213.41397628006337,False
2021-08-21 15:53:00-07:00,10.65049333496469,31.1,1.2,132.71086099952154,251.93378560773678,906.0256757533081,228.25847835033878,220.1279077592131,False
2021-08-21 15:54:00-07:00,10.515532022154387,31.1,1.3,129.61546155693637,246.1105593457645,905.4216123629301,222.83381946238475,214.75904879954004,False
2021-08-21 15:55:00-07:00,10.380253746610544,31.0,1.4,122.52720370787114,232.62623430279032,904.7899155492619,210.47787088936445,202.52213083929283,False
2021-08-21 15:56:00-07:00,10.244660746080244,31.0,1.3,117.38562683590402,222.84483423299898,903.6554193090142,201.37494211966848,193.50959876238153,False
2021-08-21 15:57:00-07:00,10.108755251646445,31.0,1.2,115.43219334107766,219.07490074323678,903.3523323751134,197.9018225512494,190.06951125607702,False
2021-08-21 15:58:00-07:00,9.972539487928563,31.0,1.2,112.76314813526074,213.99096058849995,902.8016864018377,193.19140009404694,185.4044495291532,False
2021-08-21 15:59:00-07:00,9.836015580487599,31.0,1.2,110.08671845148274,208.94222970348036,902.010104225456,188.46800239193547,180.7277202264977,False
2021-08-21 16:00:00-07:00,9.699185923701295,31.0,1.0,108.06117549595264,205.0369259096505,901.540125277661,184.8490158711328,177.14314936591487,False
2021-08-21 16:01:00-07:00,9.562052630493111,31.0,1.3,106.17861653469973,201.4911390884146,901.2419214815897,181.59226135355703,173.9162183616749,False
2021-08-21 16:02:00-07:00,9.424617898578074,30.9,1.3,103.58226799059592,196.5535247590771,901.0764172937154,177.10974589636078,169.47263519898564,False
2021-08-21 16:03:00-07:00,9.286883919284497,30.9,1.3,102.02781850110362,193.61827602729696,900.5604645441043,174.36496460337113,166.75437099477895,False
2021-08-21 16:04:00-07:00,9.14885287651049,30.8,1.2,102.93930583271639,195.34769582881216,901.2335408098193,176.05389560083992,168.42451911577987,False
2021-08-21 16:05:00-07:00,9.010526948337336,30.8,0.9,104.91062276593651,199.06301079835802,901.5900221583111,179.4732243165917,171.81264101927061,False
2021-08-21 16:06:00-07:00,8.871908305948809,30.8,0.7,106.17648284693237,201.4949323000364,901.5820027827242,181.66420461363623,173.9851511644645,False
2021-08-21 16:07:00-07:00,8.732999113963858,30.8,0.7,104.93325297366661,199.10131107124764,901.4028135925707,179.47048198959226,171.81123893004306,False
2021-08-21 16:08:00-07:00,8.593801530652042,30.8,0.8,101.71804503714891,192.9597421782835,900.7975172547207,173.8176566843088,166.2099571887178,False
2021-08-21 16:09:00-07:00,8.45431770696103,30.9,0.7,101.02956387116049,191.72079339878675,899.6694392589161,172.485338691361,164.89653728490836,False
2021-08-21 16:10:00-07:00,8.314549694244347,30.9,0.9,102.56446389377483,194.6234838360271,900.3678840646563,175.23273433073558,167.61626392403235,False
2021-08-21 16:11:00-07:00,8.174499818353445,30.9,0.7,105.6771212311825,200.5418422895541,900.96471671568,180.68112412804868,173.01474702343958,False
2021-08-21 16:12:00-07:00,8.034170117545738,30.9,1.0,108.73666391888987,206.32218890235717,902.2072927826229,186.14538349058057,178.42367909198825,False
2021-08-21 16:13:00-07:00,7.893562717474423,30.8,1.3,111.97783408164813,212.5345013415799,903.5921200213238,192.04450064491306,184.26188453662388,False
2021-08-21 16:14:00-07:00,7.752679736575391,30.8,1.1,116.48168615430257,221.07399923226484,904.4592244819281,199.95241789873262,192.09390167331588,False
2021-08-21 16:15:00-07:00,7.611523287603087,30.8,1.0,122.83737323145522,233.13457544406404,905.6923636459475,211.14820468152882,203.17968553248286,False
2021-08-21 16:16:00-07:00,7.470095476663442,30.8,1.1,137.9151404914264,261.85957157550155,908.0769854945751,237.78865037918237,229.55077658643842,False
2021-08-21 16:17:00-07:00,7.328398403440323,30.8,1.3,166.2365923941289,315.767212887026,911.301295419821,287.7590701550533,278.98216030923874,False
2021-08-21 16:18:00-07:00,7.186434161557717,30.8,1.2,399.99693184191506,761.2942342951058,900.7078400852586,685.7036854413054,671.092868330873,False
2021-08-21 16:19:00-07:00,7.044204837483942,30.9,1.3,732.303383448821,1393.5543832715618,853.9194869606108,1189.9832440149623,1164.0171807141262,False
2021-08-21 16:20:00-07:00,6.901712512186263,31.0,1.3,1141.6357750390287,2163.031221222594,782.8288636035227,1693.283272848623,1652.0520237186108,False
2021-08-21 16:21:00-07:00,6.7589591642682985,31.2,1.4,683.8334534696698,1301.8383890337154,860.6589845626929,1120.4389059704895,1096.3108367618686,False
2021-08-21 16:22:00-07:00,6.615947053376791,31.3,1.3,181.8161602198048,345.52888689482234,909.4857259513656,314.2535905347048,305.19816989724313,False
2021-08-21 16:23:00-07:00,6.472678146079399,31.2,2.1,162.03974391750842,307.79706272860057,910.1321520038748,280.1360030816529,271.450471061674,False
2021-08-21 16:24:00-07:00,6.329154497637678,31.1,2.4,154.70995879772852,293.76954691563753,910.5669652348516,267.49684481338943,258.94068551714537,False
2021-08-21 16:25:00-07:00,6.185378157923658,31.0,2.0,148.12729749952933,281.29532986379985,909.6025065895985,255.86693713606033,247.43770453178027,False
2021-08-21 16:26:00-07:00,6.041351170450742,31.0,1.9,139.05900405448887,264.01239281975,908.3747178262535,239.82218283027441,231.56218698637397,False
2021-08-21 16:27:00-07:00,5.897075572648358,31.0,1.9,129.80575153457707,246.40683827398857,906.9425722193916,223.47685171665884,215.3846081927591,False
2021-08-21 16:28:00-07:00,5.7525533961454345,31.0,1.4,120.06081615547392,227.89049873145032,904.4855361266735,206.12365992329086,198.20965926119706,False
2021-08-21 16:29:00-07:00,5.607786665772088,31.0,2.3,111.57892825153571,211.70219693151643,903.8549366051456,191.34807578670583,183.5696437081486,False
2021-08-21 16:30:00-07:00,5.46277740118178,31.0,1.9,105.91615905528658,200.9611342071263,901.9246228705445,181.25179518139925,173.57381956474885,False
2021-08-21 16:31:00-07:00,5.317527615823231,30.9,2.1,100.79964232856052,191.24103596444365,901.1870034919236,172.34393614548816,164.74574362837703,False
2021-08-21 16:32:00-07:00,5.172039219602227,30.9,2.4,94.30706909065306,178.86761724419625,899.6159351651634,160.9121587579021,153.41797077013732,False
2021-08-21 16:33:00-07:00,5.026314409604352,30.8,2.4,87.69247703907692,166.30787928948823,897.7695779636771,149.306154601758,141.91603705086786,False
2021-08-21 16:34:00-07:00,4.880355083672428,30.8,2.3,83.19438992390087,157.73791728061707,896.0867109309323,141.34685148508362,134.02896243205106,False
2021-08-21 16:35:00-07:00,4.734163232162424,30.7,2.0,82.08844974790516,155.6503699161613,895.844052732599,139.43845819502218,132.1365846812712,False
2021-08-21 16:36:00-07:00,4.587740839431342,30.7,2.0,83.06343564327396,157.49478670592686,896.2828747649397,141.15988018927916,133.84210759791372,False
2021-08-21 16:37:00-07:00,4.4410898841273845,30.7,2.0,86.41056869033679,163.8868208904023,897.4001885713913,147.07206397141286,139.7016951173765,False
2021-08-21 16:38:00-07:00,4.294212339529119,30.6,1.9,115.02509638022094,218.2357233024868,906.3354761751732,197.79477819779268,189.94183039806958,False
2021-08-21 16:39:00-07:00,4.1471101724770305,30.6,1.9,169.62058573512564,322.0999162944461,913.8132992615419,294.3391872008943,285.46977481552847,False
2021-08-21 16:40:00-07:00,3.9997853450734064,30.6,1.9,101.17621419177662,191.90544762995168,902.8748399635435,173.26660031702477,165.6489995850832,False
2021-08-21 16:41:00-07:00,3.852239813623048,30.5,1.9,93.77623519714624,177.8262037847566,901.2132926437952,160.259338631207,152.75947712195244,False
2021-08-21 16:42:00-07:00,3.704475528950443,30.5,1.8,93.71731963152475,177.71328336083118,901.1102024575383,160.13925274867248,152.6410584627192,False
2021-08-21 16:43:00-07:00,3.5564944364636966,30.5,1.7,93.29394490333041,176.91182442466186,900.8678268949386,159.37417082146405,151.8837598502316,False
2021-08-21 16:44:00-07:00,3.4082983770035327,30.4,1.7,92.56313282371828,175.5402251567921,901.0511141831172,158.17071546148279,150.68867299114365,False
2021-08-21 16:45:00-07:00,3.2598894834579077,30.4,1.5,93.41172263847547,177.1403258352349,901.2124673503788,159.64107011322213,152.14617185571467,False
2021-08-21 16:46:00-07:00,3.1112695861902036,30.4,1.6,214.4946716039642,407.53148655470284,915.9233566996384,373.267607125977,363.4461771742834,False
2021-08-21 16:47:00-07:00,2.9624406093660096,30.5,1.5,286.66711920807734,545.0067246182373,913.1808667915226,497.6897131940906,486.15793905606915,False
2021-08-21 16:48:00-07:00,2.8134044719474316,30.5,1.2,459.10222996570735,873.7349849583994,895.4837183767482,782.4154532063997,765.937405736376,False
2021-08-21 16:49:00-07:00,2.6641630880446288,30.5,1.2,129.6235976110586,246.0479052143209,908.6103372600397,223.56167013891044,215.4560905909554,False
2021-08-21 16:50:00-07:00,2.5147183658382355,30.5,1.2,228.34402589754285,433.9452562603188,914.4546530669872,396.82325876359465,386.71143195802506,False
2021-08-21 16:51:00-07:00,2.365072209309792,30.7,1.1,987.8564948877878,1876.2787833143084,809.5456970632233,1518.9334155231184,1483.4068315740558,False
2021-08-21 16:52:00-07:00,2.215226517174699,30.8,1.2,1023.841056838617,1943.4310117972686,803.7629892017001,1562.0579193494573,1525.1438820378503,False
2021-08-21 16:53:00-07:00,2.065183183203187,30.9,1.3,1018.1199985909207,1933.162715509837,805.0680139028574,1556.3274679265592,1519.5859215914297,False
2021-08-21 16:54:00-07:00,1.9149440965758913,31.1,1.2,1011.3091137442402,1919.924161055437,804.5365801415012,1544.6492186665819,1508.3383425371899,False
2021-08-21 16:55:00-07:00,1.7645110398627608,31.3,1.1,1010.1028985919938,1918.329792951433,802.5335436046032,1539.5240065395983,1503.4457039873566,False
2021-08-21 16:56:00-07:00,1.613886094378083,31.4,1.6,1002.9655068545826,1904.1959223693098,808.3427588254638,1539.2429852322066,1503.0285585419565,False
2021-08-21 16:57:00-07:00,1.4630710338791904,31.4,1.5,601.0530366719345,1144.3332700227056,872.931982666098,998.9251102316997,977.7895242514185,False
2021-08-21 16:58:00-07:00,1.3120677282634445,31.4,1.6,668.5836652487649,1272.6859164743448,863.4230637996438,1098.8663732569362,1075.278170389102,False
2021-08-21 16:59:00-07:00,1.1608780430966592,31.3,1.6,105.7707872376205,200.77237669812956,899.6666179066833,180.62820511309283,172.97142470597905,False
2021-08-21 17:00:00-07:00,1.0095038385419142,31.3,1.3,608.2079380006464,1158.006181987369,871.1862469465423,1008.8390596264707,987.4821930041539,False
2021-08-21 17:01:00-07:00,0.857946971095993,31.4,1.5,518.2697686816238,986.6838520594722,884.5991361777126,872.819683212307,854.5230817020388,False
2021-08-21 17:02:00-07:00,0.7062092925372502,31.5,1.4,586.5361178503679,1116.6174305134755,874.0841361044971,976.0175821095946,955.435748593331,False
2021-08-21 17:03:00-07:00,0.5542926502508774,31.6,1.5,932.4823799543135,1771.8902853742516,818.5829371382524,1450.4391540883914,1417.0566614934314,False
2021-08-21 17:04:00-07:00,0.4021988875660287,31.6,1.5,926.0567920199791,1760.1324190419525,819.5275505704033,1442.47701005701,1409.3412005675686,False
2021-08-21 17:05:00-07:00,0.24992984268585092,31.7,1.3,923.5278116426466,1755.033500999554,817.9041412176982,1435.4491684433306,1402.5880073238936,False
2021-08-21 17:06:00-07:00,0.09748724817542498,31.8,1.3,917.4299613015371,1744.062633618647,818.2318829187833,1427.0476526340774,1394.4599407436315,False
2021-08-21 17:07:00-07:00,0.05512686114223692,31.8,1.0,904.825071378295,1720.580152077963,817.6910119125334,1406.9029256292506,1374.9958976589257,False
2021-08-21 17:08:00-07:00,0.20791076112647483,31.9,1.5,889.1769042107475,1690.610089194101,824.3631739301734,1393.6766990064227,1362.0509757604661,False
2021-08-21 17:09:00-07:00,0.36086262925298696,31.9,1.3,881.5138048770364,1676.105012902679,824.0379782105244,1381.1741861008486,1349.964052211035,False
2021-08-21 17:10:00-07:00,0.5139806478478329,32.0,1.5,715.9292002120656,1363.0447447494926,852.2016027682866,1161.588916120408,1136.4707412497303,False
2021-08-21 17:11:00-07:00,0.6672630022806625,31.9,2.1,647.1042172719315,1231.8846640112663,867.1662502103594,1068.2488047822985,1045.4162937516594,False
2021-08-21 17:12:00-07:00,0.8207078821129802,31.7,1.9,222.11707444774083,422.3025618293688,909.5598232145558,384.1094434805747,374.2087843983689,False
2021-08-21 17:13:00-07:00,0.9743134806769614,31.5,2.2,101.24379001337492,192.13912218302616,898.1015575429742,172.5604448975156,164.98193656751957,False
2021-08-21 17:14:00-07:00,1.1280779947897726,31.4,2.2,200.27539731761922,380.59235020120417,911.5294565967687,346.9211381637908,337.4653553230431,False
2021-08-21 17:15:00-07:00,1.2819996258055162,31.2,2.3,93.37529553488363,177.11889137943285,897.578703574249,158.97814490285955,151.5133125596137,False
2021-08-21 17:16:00-07:00,1.436076577870871,31.2,2.4,642.3868959534387,1222.1571181595436,873.4796300389273,1067.5293474194398,1044.6017352567185,False
2021-08-21 17:17:00-07:00,5.678366132584437,31.2,2.2,805.9274001147301,1532.5544850040342,847.2084985303148,1298.3931841561678,1269.306651500821,False
2021-08-21 17:18:00-07:00,10.289434138808954,31.2,2.4,857.0970541912584,1629.321202129784,840.4639552835893,1369.3857419694107,1338.187676886218,False
2021-08-21 17:19:00-07:00,13.410412120562704,31.2,2.3,844.2743696229473,1605.1059617064398,841.77847618947,1351.143650567881,1320.5061064688853,False
2021-08-21 17:20:00-07:00,15.941943909601646,31.2,2.3,838.2675485121149,1593.9288064407035,842.6492080193599,1343.1228463865025,1312.7233201550184,False
2021-08-21 17:21:00-07:00,18.132660550427982,31.3,1.8,826.3177725006103,1571.3137136747714,840.4174860647752,1320.5595210656572,1290.9254283929024,False
2021-08-21 17:22:00-07:00,20.094383231928173,31.3,1.7,607.4136999345307,1156.3084558006774,873.695420204246,1010.261402176496,988.8249180111421,False
2021-08-21 17:23:00-07:00,21.888806401742922,31.3,1.9,267.8361854531053,509.33583178921936,910.7953778445711,463.90072136424095,452.8970126392033,False
2021-08-21 17:24:00-07:00,23.554233485798015,31.2,1.7,522.8044660464907,995.08020610348,886.1398006414688,881.7801754588095,863.2546822710789,False
2021-08-21 17:25:00-07:00,25.116372672770503,31.2,2.1,718.7581354461256,1367.4191882237906,860.1629619299242,1176.2033391423881,1150.5119759015647,False
2021-08-21 17:26:00-07:00,26.593464938441898,31.2,2.1,742.7057027573087,1413.0731491614267,856.3177811334061,1210.0396636691078,1183.439854701197,False
2021-08-21 17:27:00-07:00,27.999005076312496,31.2,2.3,728.8693171888922,1386.6477363093854,859.8542624611736,1192.3149665977623,1166.163282664888,False
2021-08-21 17:28:00-07:00,29.343307316163916,31.2,2.1,709.9455779473471,1350.971685558014,861.3391192676796,1163.6447617941126,1138.2903375932335,False
2021-08-21 17:29:00-07:00,30.634464718020876,31.1,2.0,533.6536007212916,1015.7812206687223,886.5817464624845,900.5730886442703,881.6049459207925,False
2021-08-21 17:30:00-07:00,31.878962253839152,31.1,2.0,639.6524350738982,1217.4831614885506,871.7380744863901,1061.3264269156318,1038.5954051564527,False
2021-08-21 17:31:00-07:00,33.08209470919305,31.2,2.2,669.9854306061407,1274.8463535422068,868.1293777605063,1106.7315716408464,1082.8408875574075,False
2021-08-21 17:32:00-07:00,34.2482488645795,31.2,1.9,667.8120931879237,1270.6488172339646,866.7201334761535,1101.2969124743383,1077.5812554883466,False
2021-08-21 17:33:00-07:00,35.38110773402425,31.1,1.9,655.2032715508512,1247.1388771755428,868.7890862127823,1083.5006454817753,1060.2298357029479,False
2021-08-21 17:34:00-07:00,36.48379885726897,31.1,2.0,408.47495413478305,777.355446570247,901.4459330887738,700.7439058751568,685.8343155443087,False
2021-08-21 17:35:00-07:00,37.55900472597199,31.1,1.8,111.72538019408722,212.03675640215914,902.6257303216865,191.38983210254045,183.6198438676812,False
2021-08-21 17:36:00-07:00,38.60904650088368,31.0,1.7,159.25515153508934,302.468818265599,910.3669352384559,275.3576110896508,266.7208010871718,False
2021-08-21 17:37:00-07:00,39.63594854164917,30.9,1.7,293.15296761180315,557.4474978088242,911.2496864052492,507.973857565682,496.30489046628463,False
2021-08-21 17:38:00-07:00,40.64148884087605,30.9,1.9,291.37859366760426,553.9922871581851,912.0064146897163,505.2445195768922,493.6095046693971,False
2021-08-21 17:39:00-07:00,41.62723895597303,30.9,1.5,469.7093362782896,893.8853220980061,893.5826768976384,798.7604389598441,781.9634134206091,False
2021-08-21 17:40:00-07:00,42.59459664345845,30.9,1.8,575.4396786904965,1095.3498128915803,880.8410212119645,964.8290477717537,944.4106748597517,False
2021-08-21 17:41:00-07:00,43.54480915306788,30.9,1.6,559.8427489140928,1065.7003067263518,881.961333311475,939.9064634308211,920.0777328507694,False
2021-08-21 17:42:00-07:00,44.47899826824188,30.9,1.5,487.63126995522316,928.2062158795642,891.1485108262775,827.1695870207678,809.7938469732002,False
2021-08-21 17:43:00-07:00,45.39817513822634,30.8,1.4,371.85160983560263,707.6311619267506,904.3445550696603,639.942388286074,626.1366260518613,False
2021-08-21 17:44:00-07:00,46.3032554020999,30.8,1.3,90.60560074767716,171.86375285614076,897.7680849326573,154.293792270997,146.864730643162,False
2021-08-21 17:45:00-07:00,47.19507131142155,30.7,1.4,146.8077677305075,278.7695322441089,910.1659339027336,253.72653165858765,245.31450440304727,False
2021-08-21 17:46:00-07:00,48.074381924417864,30.7,1.1,415.6853177411265,791.0936569152243,899.180427375107,711.3359325187675,696.2500049346736,False
2021-08-21 17:47:00-07:00,48.9418817618024,30.7,1.4,284.304490685372,540.5618988836735,911.9638835378313,492.9729285985394,481.52581222795015,False
2021-08-21 17:48:00-07:00,49.798208177701895,30.7,1.6,113.89183322146988,216.16309229112264,904.9087078991924,195.60786454065365,187.78455216786924,False
2021-08-21 17:49:00-07:00,50.64394767631234,30.6,1.4,152.20042990527637,288.9798910841671,911.4287151172186,263.3845708255562,254.86407334913017,False
2021-08-21 17:50:00-07:00,51.479641359243075,30.6,1.4,259.1036275525824,492.5834810473699,913.5601112259167,450.0046197336844,439.17270662998965,False
2021-08-21 17:51:00-07:00,52.305790174145955,30.5,1.2,45.6918461182753,86.51859869456796,874.323189408696,75.6452171538057,68.90852571112576,False
2021-08-21 17:52:00-07:00,53.12285680079593,30.5,1.3,80.68164486142868,152.96019818333778,895.8451757218395,137.0286556199996,129.74485920009823,False
2021-08-21 17:53:00-07:00,53.9312725396555,30.5,1.1,95.53064711374,181.19528269669783,900.8561862390122,163.23089133464688,155.70953968894085,False
2021-08-21 17:54:00-07:00,54.731438210017565,30.5,1.1,284.7256765148976,541.3507914277642,912.1314307292607,493.7830719114242,482.3218986911743,False
2021-08-21 17:55:00-07:00,55.52372745439093,30.6,1.1,378.300019679413,719.8448344259626,903.7107509234128,650.5315158674264,636.5403999795597,False
2021-08-21 17:56:00-07:00,56.308489144002486,30.7,1.1,372.17681801540596,708.172056327163,903.8427887185525,640.0762062832948,626.2742465183898,False
2021-08-21 17:57:00-07:00,57.08604951696599,30.7,0.9,364.56880516101955,693.6615458526578,903.8984532532297,626.9995983774618,613.432374541006,False
2021-08-21 17:58:00-07:00,57.8567140641071,30.8,0.9,355.64490015246565,676.7006259907049,904.212293267066,611.8810248823145,598.5777234070868,False
2021-08-21 17:59:00-07:00,58.620769201570205,30.8,0.8,346.78468067962297,659.9252602868222,904.5463448655108,596.9329820768659,583.8857350386695,False
2021-08-21 18:00:00-07:00,59.37848376355654,30.8,0.8,337.7944262158268,642.7769707586529,905.3748525749319,581.9541051391766,569.153076326644,False
2021-08-21 18:01:00-07:00,60.130110316522035,30.9,0.8,328.72246492782995,625.5306908014671,905.6010429694321,566.4812459991981,553.9371671649504,False
2021-08-21 18:02:00-07:00,60.8758868403646,30.9,0.6,319.79338550323314,608.4411356669242,905.8003042916299,551.1261658306448,538.8324739644974,False
2021-08-21 18:03:00-07:00,61.61603577856032,30.9,0.7,310.4753563879212,590.7079016105581,906.8087445112426,535.6590906323408,523.6036835077989,False
2021-08-21 18:04:00-07:00,62.35076796964086,31.0,0.7,301.42906635854644,573.413772987759,907.0637976439866,520.1228745476435,508.3104267401549,False
2021-08-21 18:05:00-07:00,63.08028147705694,31.0,0.6,292.64697580978276,556.6215684906178,907.4619998842072,505.1129217211803,493.52883870459993,False
2021-08-21 18:06:00-07:00,63.8047628174336,31.0,0.6,284.99111451118523,542.1406375747735,907.7754556920108,492.1419643235973,480.75184804178207,False
2021-08-21 18:07:00-07:00,64.52438761463544,31.1,0.5,267.30359676445113,508.5108775645316,907.8638234521064,461.6586295727216,450.7174491868733,False
2021-08-21 18:08:00-07:00,65.23932116800317,31.1,0.6,230.3896227203012,438.0825487212505,909.5909226341149,398.47590968126684,388.3885240632988,False
2021-08-21 18:09:00-07:00,65.94971894761112,31.1,0.4,178.4828889675222,339.184377937868,908.7002447492498,308.21692724726273,299.2363168778725,False
2021-08-21 18:10:00-07:00,66.6557270273401,31.1,0.4,207.30321116430076,394.10664490605996,909.3079186931669,358.3642930226763,348.78913535620006,False
2021-08-21 18:11:00-07:00,67.35748243999981,31.1,0.5,229.03895750447134,435.4538344823562,909.4986506721486,396.0446748917162,385.9900191447589,False
2021-08-21 18:12:00-07:00,68.055113483504,31.2,0.5,218.88261287659645,416.0913010647761,909.170767970148,378.29804773476053,368.47517336446714,False
2021-08-21 18:13:00-07:00,68.74873996007337,31.2,0.5,208.44326645936107,396.22114792968495,909.1600395872285,360.2284345370495,350.63168614646025,False
2021-08-21 18:14:00-07:00,69.43847381775473,31.2,0.5,198.29154401535644,376.88293927903544,909.0622079961253,342.61003693706954,333.22792240179484,False
2021-08-21 18:15:00-07:00,70.12441743064235,31.2,0.5,180.9983870098001,343.9628075188041,908.5268855492794,312.4994582598453,303.4720850614756,False
2021-08-21 18:16:00-07:00,70.8066664297289,31.2,0.4,169.7050716382322,322.46926531194214,907.7406158105791,292.7184494742474,283.9171432397694,False
2021-08-21 18:17:00-07:00,71.485307858326,31.2,0.4,145.8748299829442,277.0720622370348,905.8262489128628,250.9791468147245,242.62869950004787,False
2021-08-21 18:18:00-07:00,72.16042057530913,31.2,0.3,98.5979818985392,187.0896362453507,897.0808985769532,167.83453899741454,160.30183630020946,False
2021-08-21 18:19:00-07:00,72.83207512943979,31.2,0.2,41.762094699040375,79.09986629005839,865.9841004389319,68.49922655403601,61.85343345750908,False
2021-08-21 18:20:00-07:00,73.50033357153349,31.1,0.2,25.92276872724623,49.02991272581083,845.5932238856464,41.45936196865026,35.07441103045821,False
2021-08-21 18:21:00-07:00,74.1652491816485,31.0,0.2,24.326076963295662,45.996451141044986,843.2947576368205,38.788566117141386,32.42950699101428,False
2021-08-21 18:22:00-07:00,74.82686613139393,31.0,0.2,23.046865935284504,43.58045143413726,840.6007609874083,36.633760639710566,30.300028048368596,False
2021-08-21 18:23:00-07:00,75.48521905745578,31.0,0.2,21.80045054028608,41.20961779439178,838.1476736884742,34.53974528796062,28.22950975596094,False
2021-08-21 18:24:00-07:00,76.1403325469021,30.9,0.2,20.86174420056684,39.43620952210472,836.4890718223362,32.987958299336555,26.69413419480699,False
2021-08-21 18:25:00-07:00,76.7922209706141,30.9,0.2,19.979785578002804,37.758535948380604,834.572146024546,31.51222237718497,25.235767763964336,False
2021-08-21 18:26:00-07:00,77.44088602276153,30.8,0.2,19.195618762921455,36.269525971368324,833.2782903607967,30.22260859361831,23.959166641716322,False
2021-08-21 18:27:00-07:00,78.08631853841112,30.7,0.9,18.509838385124016,34.96829071039279,832.2740744665481,29.103201786669356,22.850351586696004,False
2021-08-21 18:28:00-07:00,78.72849582603757,30.3,2.0,17.82298139689742,33.664184339560364,832.9145149167841,28.039387769254123,21.78788879239808,False
2021-08-21 18:29:00-07:00,79.36738108595522,29.9,2.3,17.845977930214165,33.70441964636241,835.2924807114764,28.153048297350683,21.888105111915984,False
2021-08-21 18:30:00-07:00,80.0029223019823,29.8,2.1,16.842595090374587,31.79879776359829,833.1472454536604,26.49308076547993,20.247313077682254,False
2021-08-21 18:31:00-07:00,80.6350510457605,29.7,2.1,16.251311173370873,30.676879631134035,832.0267662195236,25.523984957198024,19.28863796225168,False
2021-08-21 18:32:00-07:00,81.26368125249061,29.7,2.1,15.758719961725852,29.751875799399063,830.322312085907,24.703646302649773,18.48117085655824,False
2021-08-21 18:33:00-07:00,81.88870800864754,29.6,2.2,15.165682043375641,28.626388795833495,829.0941101423693,23.733970345271064,17.5224140453668,False
2021-08-21 18:34:00-07:00,82.5100064523974,29.6,2.2,14.37214405655119,27.12425618291369,826.4674069703144,22.417313673491194,16.22567074965913,False
2021-08-21 18:35:00-07:00,83.12743093909052,29.6,2.3,13.478005576768844,25.43428293854404,823.2529312785665,20.938847984124816,14.77085925057625,False
2021-08-21 18:36:00-07:00,83.7408150882254,29.6,2.4,12.682838267355848,23.9317470325537,820.187947877186,19.628530487746158,13.482542492819583,False
2021-08-21 18:37:00-07:00,84.34997060783967,29.6,2.4,11.886872878846507,22.423733323048996,817.0435072484789,18.321165719868542,12.1974723873789,False
2021-08-21 18:38:00-07:00,84.95469153728213,29.6,2.4,11.19013235879844,21.107251939543342,813.9774844403871,17.180827837198972,11.07820494215121,False
2021-08-21 18:39:00-07:00,85.55475641111647,29.6,2.6,10.492806534797438,19.786293131042928,810.8646088675392,16.044004840641605,9.962588751101686,False
2021-08-21 18:40:00-07:00,86.1499355699872,29.6,2.7,9.794942271304205,18.466847412736655,807.4139267154435,14.91038978357263,8.851859855521818,False
2021-08-21 18:41:00-07:00,86.74000261441932,29.6,2.7,9.196572678895118,17.336085082635552,804.2164916285769,13.941965523731671,7.90422359827039,False
2021-08-21 18:42:00-07:00,87.32475251751238,29.6,2.8,8.497855992218113,16.011849397584655,800.4063497079161,12.815985928393628,6.80279906663452,False
2021-08-21 18:43:00-07:00,87.90402923306134,29.6,2.8,7.698806886545136,14.504705670144958,795.2559966837637,11.534954164315765,5.553862668958211,False
2021-08-21 18:44:00-07:00,88.47776660088084,29.6,2.9,7.199408546735139,13.558859018089386,791.9865140619135,10.738433488393554,4.777566765576782,False
2021-08-21 18:45:00-07:00,89.0460473850296,29.7,3.0,6.699781112084174,12.616366481485905,787.6870868414787,9.93774896032611,4.002466984133837,False
2021-08-21 18:46:00-07:00,89.60918614818584,29.7,2.9,6.2999651302528115,11.86120564690097,784.5417763804832,9.305611348233905,3.3891633331044173,False
2021-08-21 18:47:00-07:00,,29.8,2.8,,,,,,False
2021-08-21 18:48:00-07:00,,29.7,2.9,,,,,,False
2021-08-21 18:49:00-07:00,,29.8,2.8,,,,,,False
2021-08-21 18:50:00-07:00,,29.8,2.7,,,,,,False
2021-08-21 18:51:00-07:00,,29.9,2.5,,,,,,False
2021-08-21 18:52:00-07:00,,29.9,2.6,,,,,,False
2021-08-21 18:53:00-07:00,,29.9,2.6,,,,,,False
2021-08-21 18:54:00-07:00,,29.9,2.5,,,,,,False
2021-08-21 18:55:00-07:00,,29.8,2.9,,,,,,False
2021-08-21 18:56:00-07:00,,29.4,3.4,,,,,,False
2021-08-21 18:57:00-07:00,,29.2,3.4,,,,,,False
2021-08-21 18:58:00-07:00,,29.2,3.4,,,,,,False
2021-08-21 18:59:00-07:00,,29.1,3.7,,,,,,False
2021-08-21 19:00:00-07:00,,28.8,4.1,,,,,,False
2021-08-21 19:01:00-07:00,,28.3,4.1,,,,,,False
2021-08-21 19:02:00-07:00,,28.2,4.0,,,,,,False
2021-08-21 19:03:00-07:00,,28.1,3.9,,,,,,False
2021-08-21 19:04:00-07:00,,28.1,4.0,,,,,,False
2021-08-21 19:05:00-07:00,,28.2,3.9,,,,,,False
2021-08-21 19:06:00-07:00,,28.2,4.0,,,,,,False
2021-08-21 19:07:00-07:00,,28.1,4.1,,,,,,False
2021-08-21 19:08:00-07:00,,28.3,4.3,,,,,,False
2021-08-21 19:09:00-07:00,,28.6,3.9,,,,,,False
2021-08-21 19:10:00-07:00,,28.9,3.9,,,,,,False
2021-08-21 19:11:00-07:00,,29.1,3.8,,,,,,False
2021-08-21 19:12:00-07:00,,29.2,3.7,,,,,,False
2021-08-21 19:13:00-07:00,,29.3,3.7,,,,,,False
2021-08-21 19:14:00-07:00,,29.3,3.7,,,,,,False
2021-08-21 19:15:00-07:00,,29.1,3.7,,,,,,False
2021-08-21 19:16:00-07:00,,28.7,3.5,,,,,,False
2021-08-21 19:17:00-07:00,,28.4,3.9,,,,,,False
2021-08-21 19:18:00-07:00,,28.4,4.0,,,,,,False
2021-08-21 19:19:00-07:00,,28.2,3.7,,,,,,False
2021-08-21 19:20:00-07:00,,27.9,3.6,,,,,,False
2021-08-21 19:21:00-07:00,,27.9,3.7,,,,,,False
2021-08-21 19:22:00-07:00,,28.0,3.7,,,,,,False
2021-08-21 19:23:00-07:00,,28.1,3.5,,,,,,False
2021-08-21 19:24:00-07:00,,28.2,3.3,,,,,,False
2021-08-21 19:25:00-07:00,,28.3,3.5,,,,,,False
2021-08-21 19:26:00-07:00,,28.3,3.6,,,,,,False
2021-08-21 19:27:00-07:00,,28.1,3.5,,,,,,False
2021-08-21 19:28:00-07:00,,27.9,3.4,,,,,,False
2021-08-21 19:29:00-07:00,,27.8,3.4,,,,,,False
2021-08-21 19:30:00-07:00,,27.8,3.4,,,,,,False
2021-08-21 19:31:00-07:00,,27.7,3.7,,,,,,False
2021-08-21 19:32:00-07:00,,27.5,4.0,,,,,,False
2021-08-21 19:33:00-07:00,,27.6,4.2,,,,,,False
2021-08-21 19:34:00-07:00,,27.6,4.3,,,,,,False
2021-08-21 19:35:00-07:00,,27.6,4.3,,,,,,False
2021-08-21 19:36:00-07:00,,27.5,4.3,,,,,,False
2021-08-21 19:37:00-07:00,,27.2,4.6,,,,,,False
2021-08-21 19:38:00-07:00,,27.1,4.9,,,,,,False
2021-08-21 19:39:00-07:00,,27.2,5.0,,,,,,False
2021-08-21 19:40:00-07:00,,27.4,5.0,,,,,,False
2021-08-21 19:41:00-07:00,,27.3,4.9,,,,,,False
2021-08-21 19:42:00-07:00,,27.5,4.7,,,,,,False
2021-08-21 19:43:00-07:00,,27.6,4.1,,,,,,False
2021-08-21 19:44:00-07:00,,27.7,3.6,,,,,,False
2021-08-21 19:45:00-07:00,,27.6,3.7,,,,,,False
2021-08-21 19:46:00-07:00,,27.5,4.0,,,,,,False
2021-08-21 19:47:00-07:00,,27.4,4.6,,,,,,False
2021-08-21 19:48:00-07:00,,27.2,4.7,,,,,,False
2021-08-21 19:49:00-07:00,,27.0,5.5,,,,,,False
2021-08-21 19:50:00-07:00,,26.9,6.0,,,,,,False
2021-08-21 19:51:00-07:00,,26.8,5.2,,,,,,False
2021-08-21 19:52:00-07:00,,26.7,5.8,,,,,,False
2021-08-21 19:53:00-07:00,,26.8,5.7,,,,,,False
2021-08-21 19:54:00-07:00,,26.9,5.2,,,,,,False
2021-08-21 19:55:00-07:00,,26.9,5.4,,,,,,False
2021-08-21 19:56:00-07:00,,26.8,5.1,,,,,,False
2021-08-21 19:57:00-07:00,,26.7,5.2,,,,,,False
2021-08-21 19:58:00-07:00,,26.7,5.1,,,,,,False
2021-08-21 19:59:00-07:00,,26.7,4.3,,,,,,False
2021-08-21 20:00:00-07:00,,26.5,4.6,,,,,,False
2021-08-21 20:01:00-07:00,,26.3,4.4,,,,,,False
2021-08-21 20:02:00-07:00,,26.2,5.0,,,,,,False
2021-08-21 20:03:00-07:00,,26.2,5.2,,,,,,False
2021-08-21 20:04:00-07:00,,26.2,5.4,,,,,,False
2021-08-21 20:05:00-07:00,,26.4,5.4,,,,,,False
2021-08-21 20:06:00-07:00,,26.4,5.4,,,,,,False
2021-08-21 20:07:00-07:00,,26.6,5.2,,,,,,False
2021-08-21 20:08:00-07:00,,26.6,4.6,,,,,,False
2021-08-21 20:09:00-07:00,,26.5,4.7,,,,,,False
2021-08-21 20:10:00-07:00,,26.5,4.5,,,,,,False
2021-08-21 20:11:00-07:00,,26.5,4.0,,,,,,False
2021-08-21 20:12:00-07:00,,26.4,4.0,,,,,,False
2021-08-21 20:13:00-07:00,,26.5,4.0,,,,,,False
2021-08-21 20:14:00-07:00,,26.6,3.6,,,,,,False
2021-08-21 20:15:00-07:00,,26.5,3.3,,,,,,False
2021-08-21 20:16:00-07:00,,26.5,3.1,,,,,,False
2021-08-21 20:17:00-07:00,,26.5,3.1,,,,,,False
2021-08-21 20:18:00-07:00,,26.5,3.8,,,,,,False
2021-08-21 20:19:00-07:00,,26.6,4.1,,,,,,False
2021-08-21 20:20:00-07:00,,26.8,4.2,,,,,,False
2021-08-21 20:21:00-07:00,,26.9,4.1,,,,,,False
2021-08-21 20:22:00-07:00,,26.9,3.9,,,,,,False
2021-08-21 20:23:00-07:00,,26.9,4.0,,,,,,False
2021-08-21 20:24:00-07:00,,26.9,4.3,,,,,,False
2021-08-21 20:25:00-07:00,,27.0,4.0,,,,,,False
2021-08-21 20:26:00-07:00,,27.0,4.0,,,,,,False
2021-08-21 20:27:00-07:00,,26.9,3.9,,,,,,False
2021-08-21 20:28:00-07:00,,26.8,3.8,,,,,,False
2021-08-21 20:29:00-07:00,,26.8,3.8,,,,,,False
2021-08-21 20:30:00-07:00,,26.9,3.7,,,,,,False
2021-08-21 20:31:00-07:00,,26.8,3.8,,,,,,False
2021-08-21 20:32:00-07:00,,26.7,3.7,,,,,,False
2021-08-21 20:33:00-07:00,,26.6,3.8,,,,,,False
2021-08-21 20:34:00-07:00,,26.6,4.2,,,,,,False
2021-08-21 20:35:00-07:00,,26.6,4.4,,,,,,False
2021-08-21 20:36:00-07:00,,26.6,4.0,,,,,,False
2021-08-21 20:37:00-07:00,,26.5,3.8,,,,,,False
2021-08-21 20:38:00-07:00,,26.4,3.8,,,,,,False
2021-08-21 20:39:00-07:00,,26.5,4.1,,,,,,False
2021-08-21 20:40:00-07:00,,26.5,4.0,,,,,,False
2021-08-21 20:41:00-07:00,,26.5,4.0,,,,,,False
2021-08-21 20:42:00-07:00,,26.7,4.4,,,,,,False
2021-08-21 20:43:00-07:00,,26.8,4.5,,,,,,False
2021-08-21 20:44:00-07:00,,26.9,4.5,,,,,,False
2021-08-21 20:45:00-07:00,,26.9,4.6,,,,,,False
2021-08-21 20:46:00-07:00,,27.1,4.7,,,,,,False
2021-08-21 20:47:00-07:00,,27.1,4.7,,,,,,False
2021-08-21 20:48:00-07:00,,27.1,4.8,,,,,,False
2021-08-21 20:49:00-07:00,,27.1,4.8,,,,,,False
2021-08-21 20:50:00-07:00,,27.2,4.9,,,,,,False
2021-08-21 20:51:00-07:00,,27.3,4.8,,,,,,False
2021-08-21 20:52:00-07:00,,27.2,4.6,,,,,,False
2021-08-21 20:53:00-07:00,,27.1,4.6,,,,,,False
2021-08-21 20:54:00-07:00,,27.2,4.8,,,,,,False
2021-08-21 20:55:00-07:00,,27.3,4.6,,,,,,False
2021-08-21 20:56:00-07:00,,27.3,4.4,,,,,,False
2021-08-21 20:57:00-07:00,,27.2,4.2,,,,,,False
2021-08-21 20:58:00-07:00,,27.1,4.1,,,,,,False
2021-08-21 20:59:00-07:00,,27.2,3.9,,,,,,False
2021-08-21 21:00:00-07:00,,27.2,3.8,,,,,,False
2021-08-21 21:01:00-07:00,,27.3,4.0,,,,,,False
2021-08-21 21:02:00-07:00,,27.4,4.1,,,,,,False
2021-08-21 21:03:00-07:00,,27.4,3.7,,,,,,False
2021-08-21 21:04:00-07:00,,27.3,3.3,,,,,,False
2021-08-21 21:05:00-07:00,,27.2,2.9,,,,,,False
2021-08-21 21:06:00-07:00,,27.1,2.4,,,,,,False
2021-08-21 21:07:00-07:00,,27.0,2.0,,,,,,False
2021-08-21 21:08:00-07:00,,26.8,1.2,,,,,,False
2021-08-21 21:09:00-07:00,,26.6,1.0,,,,,,False
2021-08-21 21:10:00-07:00,,26.3,2.4,,,,,,False
2021-08-21 21:11:00-07:00,,25.7,3.0,,,,,,False
2021-08-21 21:12:00-07:00,,25.5,2.6,,,,,,False
2021-08-21 21:13:00-07:00,,25.3,2.6,,,,,,False
2021-08-21 21:14:00-07:00,,25.2,2.1,,,,,,False
2021-08-21 21:15:00-07:00,,25.3,2.5,,,,,,False
2021-08-21 21:16:00-07:00,,25.5,2.9,,,,,,False
2021-08-21 21:17:00-07:00,,25.6,2.7,,,,,,False
2021-08-21 21:18:00-07:00,,25.5,2.0,,,,,,False
2021-08-21 21:19:00-07:00,,25.3,1.4,,,,,,False
2021-08-21 21:20:00-07:00,,25.1,2.1,,,,,,False
2021-08-21 21:21:00-07:00,,25.3,1.9,,,,,,False
2021-08-21 21:22:00-07:00,,25.7,1.2,,,,,,False
2021-08-21 21:23:00-07:00,,25.9,1.2,,,,,,False
2021-08-21 21:24:00-07:00,,25.9,1.0,,,,,,False
2021-08-21 21:25:00-07:00,,26.0,0.9,,,,,,False
2021-08-21 21:26:00-07:00,,26.1,0.6,,,,,,False
2021-08-21 21:27:00-07:00,,26.2,0.8,,,,,,False
2021-08-21 21:28:00-07:00,,26.2,1.0,,,,,,False
2021-08-21 21:29:00-07:00,,26.2,1.8,,,,,,False
2021-08-21 21:30:00-07:00,,26.3,2.4,,,,,,False
2021-08-21 21:31:00-07:00,,26.3,2.7,,,,,,False
2021-08-21 21:32:00-07:00,,26.4,2.0,,,,,,False
2021-08-21 21:33:00-07:00,,26.3,2.1,,,,,,False
2021-08-21 21:34:00-07:00,,26.3,2.6,,,,,,False
2021-08-21 21:35:00-07:00,,26.7,1.5,,,,,,False
2021-08-21 21:36:00-07:00,,26.8,1.6,,,,,,False
2021-08-21 21:37:00-07:00,,26.8,1.6,,,,,,False
2021-08-21 21:38:00-07:00,,26.5,2.0,,,,,,False
2021-08-21 21:39:00-07:00,,26.2,2.1,,,,,,False
2021-08-21 21:40:00-07:00,,26.1,3.0,,,,,,False
2021-08-21 21:41:00-07:00,,25.9,2.8,,,,,,False
2021-08-21 21:42:00-07:00,,25.7,1.7,,,,,,False
2021-08-21 21:43:00-07:00,,25.5,2.5,,,,,,False
2021-08-21 21:44:00-07:00,,25.4,2.6,,,,,,False
2021-08-21 21:45:00-07:00,,25.4,2.8,,,,,,False
2021-08-21 21:46:00-07:00,,25.6,2.8,,,,,,False
2021-08-21 21:47:00-07:00,,25.9,3.5,,,,,,False
2021-08-21 21:48:00-07:00,,26.2,4.2,,,,,,False
2021-08-21 21:49:00-07:00,,26.7,3.9,,,,,,False
2021-08-21 21:50:00-07:00,,26.8,4.0,,,,,,False
2021-08-21 21:51:00-07:00,,26.7,3.6,,,,,,False
2021-08-21 21:52:00-07:00,,26.6,2.7,,,,,,False
2021-08-21 21:53:00-07:00,,26.2,2.8,,,,,,False
2021-08-21 21:54:00-07:00,,26.0,2.5,,,,,,False
2021-08-21 21:55:00-07:00,,25.8,2.2,,,,,,False
2021-08-21 21:56:00-07:00,,25.7,1.7,,,,,,False
2021-08-21 21:57:00-07:00,,25.6,1.8,,,,,,False
2021-08-21 21:58:00-07:00,,25.7,2.2,,,,,,False
2021-08-21 21:59:00-07:00,,25.7,1.8,,,,,,False
2021-08-21 22:00:00-07:00,,25.7,1.7,,,,,,False
2021-08-21 22:01:00-07:00,,25.7,1.5,,,,,,False
2021-08-21 22:02:00-07:00,,25.5,1.5,,,,,,False
2021-08-21 22:03:00-07:00,,25.4,1.4,,,,,,False
2021-08-21 22:04:00-07:00,,25.3,1.5,,,,,,False
2021-08-21 22:05:00-07:00,,25.2,1.7,,,,,,False
2021-08-21 22:06:00-07:00,,25.3,2.0,,,,,,False
2021-08-21 22:07:00-07:00,,25.6,1.5,,,,,,False
2021-08-21 22:08:00-07:00,,26.0,1.1,,,,,,False
2021-08-21 22:09:00-07:00,,26.2,1.5,,,,,,False
2021-08-21 22:10:00-07:00,,26.4,1.5,,,,,,False
2021-08-21 22:11:00-07:00,,26.5,1.4,,,,,,False
2021-08-21 22:12:00-07:00,,26.5,1.2,,,,,,False
2021-08-21 22:13:00-07:00,,26.5,0.9,,,,,,False
2021-08-21 22:14:00-07:00,,26.5,0.9,,,,,,False
2021-08-21 22:15:00-07:00,,26.6,0.9,,,,,,False
2021-08-21 22:16:00-07:00,,26.5,1.0,,,,,,False
2021-08-21 22:17:00-07:00,,26.5,1.1,,,,,,False
2021-08-21 22:18:00-07:00,,26.4,1.0,,,,,,False
2021-08-21 22:19:00-07:00,,26.2,1.3,,,,,,False
2021-08-21 22:20:00-07:00,,26.0,1.5,,,,,,False
2021-08-21 22:21:00-07:00,,26.0,1.2,,,,,,False
2021-08-21 22:22:00-07:00,,26.0,1.1,,,,,,False
2021-08-21 22:23:00-07:00,,26.2,1.1,,,,,,False
2021-08-21 22:24:00-07:00,,26.3,1.2,,,,,,False
2021-08-21 22:25:00-07:00,,26.4,1.5,,,,,,False
2021-08-21 22:26:00-07:00,,26.6,1.7,,,,,,False
2021-08-21 22:27:00-07:00,,26.8,1.3,,,,,,False
2021-08-21 22:28:00-07:00,,27.0,1.1,,,,,,False
2021-08-21 22:29:00-07:00,,27.1,1.3,,,,,,False
2021-08-21 22:30:00-07:00,,27.2,1.4,,,,,,False
2021-08-21 22:31:00-07:00,,27.3,2.3,,,,,,False
2021-08-21 22:32:00-07:00,,27.2,2.0,,,,,,False
2021-08-21 22:33:00-07:00,,27.0,1.8,,,,,,False
2021-08-21 22:34:00-07:00,,26.7,2.3,,,,,,False
2021-08-21 22:35:00-07:00,,26.7,2.8,,,,,,False
2021-08-21 22:36:00-07:00,,26.6,2.6,,,,,,False
2021-08-21 22:37:00-07:00,,26.7,2.7,,,,,,False
2021-08-21 22:38:00-07:00,,26.9,2.4,,,,,,False
2021-08-21 22:39:00-07:00,,27.0,2.5,,,,,,False
2021-08-21 22:40:00-07:00,,26.9,2.9,,,,,,False
2021-08-21 22:41:00-07:00,,26.9,2.9,,,,,,False
2021-08-21 22:42:00-07:00,,26.9,2.7,,,,,,False
2021-08-21 22:43:00-07:00,,26.9,3.0,,,,,,False
2021-08-21 22:44:00-07:00,,26.8,2.9,,,,,,False
2021-08-21 22:45:00-07:00,,26.8,2.9,,,,,,False
2021-08-21 22:46:00-07:00,,26.9,2.8,,,,,,False
2021-08-21 22:47:00-07:00,,26.9,3.0,,,,,,False
2021-08-21 22:48:00-07:00,,26.8,3.3,,,,,,False
2021-08-21 22:49:00-07:00,,26.7,3.4,,,,,,False
2021-08-21 22:50:00-07:00,,26.8,3.5,,,,,,False
2021-08-21 22:51:00-07:00,,26.8,3.5,,,,,,False
2021-08-21 22:52:00-07:00,,26.7,3.4,,,,,,False
2021-08-21 22:53:00-07:00,,26.7,3.4,,,,,,False
2021-08-21 22:54:00-07:00,,26.7,3.4,,,,,,False
2021-08-21 22:55:00-07:00,,26.6,3.7,,,,,,False
2021-08-21 22:56:00-07:00,,26.4,4.0,,,,,,False
2021-08-21 22:57:00-07:00,,26.2,4.4,,,,,,False
2021-08-21 22:58:00-07:00,,26.1,4.2,,,,,,False
2021-08-21 22:59:00-07:00,,26.2,4.1,,,,,,False
2021-08-21 23:00:00-07:00,,25.8,4.3,,,,,,False
2021-08-21 23:01:00-07:00,,25.6,4.2,,,,,,False
2021-08-21 23:02:00-07:00,,25.3,4.1,,,,,,False
2021-08-21 23:03:00-07:00,,25.2,4.0,,,,,,False
2021-08-21 23:04:00-07:00,,25.3,4.1,,,,,,False
2021-08-21 23:05:00-07:00,,25.4,3.9,,,,,,False
2021-08-21 23:06:00-07:00,,25.4,3.9,,,,,,False
2021-08-21 23:07:00-07:00,,25.4,4.1,,,,,,False
2021-08-21 23:08:00-07:00,,25.3,4.2,,,,,,False
2021-08-21 23:09:00-07:00,,25.1,4.3,,,,,,False
2021-08-21 23:10:00-07:00,,25.0,4.2,,,,,,False
2021-08-21 23:11:00-07:00,,25.0,4.0,,,,,,False
2021-08-21 23:12:00-07:00,,24.8,3.1,,,,,,False
2021-08-21 23:13:00-07:00,,24.5,1.6,,,,,,False
2021-08-21 23:14:00-07:00,,24.4,2.0,,,,,,False
2021-08-21 23:15:00-07:00,,24.7,2.2,,,,,,False
2021-08-21 23:16:00-07:00,,24.8,1.5,,,,,,False
2021-08-21 23:17:00-07:00,,24.9,1.4,,,,,,False
2021-08-21 23:18:00-07:00,,24.8,1.7,,,,,,False
2021-08-21 23:19:00-07:00,,24.8,0.9,,,,,,False
2021-08-21 23:20:00-07:00,,24.8,0.7,,,,,,False
2021-08-21 23:21:00-07:00,,24.8,1.1,,,,,,False
2021-08-21 23:22:00-07:00,,24.8,2.2,,,,,,False
2021-08-21 23:23:00-07:00,,24.9,1.7,,,,,,False
2021-08-21 23:24:00-07:00,,24.9,1.8,,,,,,False
2021-08-21 23:25:00-07:00,,24.9,0.6,,,,,,False
2021-08-21 23:26:00-07:00,,24.7,0.3,,,,,,False
2021-08-21 23:27:00-07:00,,24.7,0.4,,,,,,False
2021-08-21 23:28:00-07:00,,24.6,0.8,,,,,,False
2021-08-21 23:29:00-07:00,,24.6,0.9,,,,,,False
2021-08-21 23:30:00-07:00,,24.5,0.8,,,,,,False
2021-08-21 23:31:00-07:00,,24.5,0.8,,,,,,False
2021-08-21 23:32:00-07:00,,24.5,0.8,,,,,,False
2021-08-21 23:33:00-07:00,,24.5,0.8,,,,,,False
2021-08-21 23:34:00-07:00,,24.5,0.8,,,,,,False
2021-08-21 23:35:00-07:00,,24.6,1.0,,,,,,False
2021-08-21 23:36:00-07:00,,24.7,1.1,,,,,,False
2021-08-21 23:37:00-07:00,,24.6,1.4,,,,,,False
2021-08-21 23:38:00-07:00,,24.4,1.5,,,,,,False
2021-08-21 23:39:00-07:00,,24.2,1.2,,,,,,False
2021-08-21 23:40:00-07:00,,24.1,1.2,,,,,,False
2021-08-21 23:41:00-07:00,,24.1,1.3,,,,,,False
2021-08-21 23:42:00-07:00,,24.1,1.2,,,,,,False
2021-08-21 23:43:00-07:00,,24.2,1.5,,,,,,False
2021-08-21 23:44:00-07:00,,24.2,1.9,,,,,,False
2021-08-21 23:45:00-07:00,,24.3,2.2,,,,,,False
2021-08-21 23:46:00-07:00,,24.5,2.6,,,,,,False
2021-08-21 23:47:00-07:00,,24.8,2.9,,,,,,False
2021-08-21 23:48:00-07:00,,25.0,3.3,,,,,,False
2021-08-21 23:49:00-07:00,,25.1,3.4,,,,,,False
2021-08-21 23:50:00-07:00,,25.2,3.1,,,,,,False
2021-08-21 23:51:00-07:00,,25.1,3.1,,,,,,False
2021-08-21 23:52:00-07:00,,25.1,3.4,,,,,,False
2021-08-21 23:53:00-07:00,,25.0,3.6,,,,,,False
2021-08-21 23:54:00-07:00,,25.1,3.7,,,,,,False
2021-08-21 23:55:00-07:00,,25.2,3.8,,,,,,False
2021-08-21 23:56:00-07:00,,25.2,3.7,,,,,,False
2021-08-21 23:57:00-07:00,,25.2,3.7,,,,,,False
2021-08-21 23:58:00-07:00,,25.1,3.8,,,,,,False
2021-08-21 23:59:00-07:00,,25.1,3.9,,,,,,False
2021-08-22 00:00:00-07:00,,24.9,3.9,,,,,,False
2021-08-22 00:01:00-07:00,,24.7,4.1,,,,,,False
2021-08-22 00:02:00-07:00,,24.6,4.1,,,,,,False
2021-08-22 00:03:00-07:00,,24.6,4.2,,,,,,False
2021-08-22 00:04:00-07:00,,24.6,4.5,,,,,,False
2021-08-22 00:05:00-07:00,,24.6,4.3,,,,,,False
2021-08-22 00:06:00-07:00,,24.7,3.9,,,,,,False
2021-08-22 00:07:00-07:00,,24.7,3.6,,,,,,False
2021-08-22 00:08:00-07:00,,24.7,3.3,,,,,,False
2021-08-22 00:09:00-07:00,,24.1,2.5,,,,,,False
2021-08-22 00:10:00-07:00,,23.3,3.4,,,,,,False
2021-08-22 00:11:00-07:00,,23.0,2.8,,,,,,False
2021-08-22 00:12:00-07:00,,22.8,2.1,,,,,,False
2021-08-22 00:13:00-07:00,,22.8,3.4,,,,,,False
2021-08-22 00:14:00-07:00,,22.8,2.4,,,,,,False
2021-08-22 00:15:00-07:00,,22.8,1.4,,,,,,False
2021-08-22 00:16:00-07:00,,22.7,1.7,,,,,,False
2021-08-22 00:17:00-07:00,,22.8,1.6,,,,,,False
2021-08-22 00:18:00-07:00,,22.9,1.7,,,,,,False
2021-08-22 00:19:00-07:00,,23.1,1.3,,,,,,False
2021-08-22 00:20:00-07:00,,23.2,1.0,,,,,,False
2021-08-22 00:21:00-07:00,,23.2,0.8,,,,,,False
2021-08-22 00:22:00-07:00,,23.3,1.0,,,,,,False
2021-08-22 00:23:00-07:00,,23.3,1.4,,,,,,False
2021-08-22 00:24:00-07:00,,23.3,1.7,,,,,,False
2021-08-22 00:25:00-07:00,,23.1,2.1,,,,,,False
2021-08-22 00:26:00-07:00,,23.0,2.6,,,,,,False
2021-08-22 00:27:00-07:00,,22.9,2.5,,,,,,False
2021-08-22 00:28:00-07:00,,22.8,2.4,,,,,,False
2021-08-22 00:29:00-07:00,,22.7,2.4,,,,,,False
2021-08-22 00:30:00-07:00,,22.6,2.2,,,,,,False
2021-08-22 00:31:00-07:00,,22.6,2.1,,,,,,False
2021-08-22 00:32:00-07:00,,22.6,2.0,,,,,,False
2021-08-22 00:33:00-07:00,,22.7,2.3,,,,,,False
2021-08-22 00:34:00-07:00,,22.8,2.4,,,,,,False
2021-08-22 00:35:00-07:00,,22.8,2.4,,,,,,False
2021-08-22 00:36:00-07:00,,22.9,2.3,,,,,,False
2021-08-22 00:37:00-07:00,,22.8,2.3,,,,,,False
2021-08-22 00:38:00-07:00,,22.8,2.3,,,,,,False
2021-08-22 00:39:00-07:00,,22.8,2.1,,,,,,False
2021-08-22 00:40:00-07:00,,22.8,2.1,,,,,,False
2021-08-22 00:41:00-07:00,,22.8,2.3,,,,,,False
2021-08-22 00:42:00-07:00,,22.8,2.6,,,,,,False
2021-08-22 00:43:00-07:00,,22.8,1.9,,,,,,False
2021-08-22 00:44:00-07:00,,22.7,1.8,,,,,,False
2021-08-22 00:45:00-07:00,,22.7,1.8,,,,,,False
2021-08-22 00:46:00-07:00,,22.8,1.7,,,,,,False
2021-08-22 00:47:00-07:00,,22.8,1.9,,,,,,False
2021-08-22 00:48:00-07:00,,22.9,2.4,,,,,,False
2021-08-22 00:49:00-07:00,,23.1,2.7,,,,,,False
2021-08-22 00:50:00-07:00,,23.2,2.9,,,,,,False
2021-08-22 00:51:00-07:00,,23.3,2.8,,,,,,False
2021-08-22 00:52:00-07:00,,23.4,2.3,,,,,,False
2021-08-22 00:53:00-07:00,,23.5,2.5,,,,,,False
2021-08-22 00:54:00-07:00,,23.5,2.6,,,,,,False
2021-08-22 00:55:00-07:00,,23.7,2.5,,,,,,False
2021-08-22 00:56:00-07:00,,23.9,2.2,,,,,,False
2021-08-22 00:57:00-07:00,,23.9,2.5,,,,,,False
2021-08-22 00:58:00-07:00,,23.7,3.1,,,,,,False
2021-08-22 00:59:00-07:00,,23.6,3.5,,,,,,False
2021-08-22 01:00:00-07:00,,23.4,3.5,,,,,,False
2021-08-22 01:01:00-07:00,,22.8,3.9,,,,,,False
2021-08-22 01:02:00-07:00,,21.8,4.6,,,,,,False
2021-08-22 01:03:00-07:00,,21.7,4.4,,,,,,False
2021-08-22 01:04:00-07:00,,22.0,3.6,,,,,,False
2021-08-22 01:05:00-07:00,,22.4,3.4,,,,,,False
2021-08-22 01:06:00-07:00,,22.3,3.5,,,,,,False
2021-08-22 01:07:00-07:00,,22.0,3.8,,,,,,False
2021-08-22 01:08:00-07:00,,21.6,3.8,,,,,,False
2021-08-22 01:09:00-07:00,,21.5,3.7,,,,,,False
2021-08-22 01:10:00-07:00,,21.6,3.4,,,,,,False
2021-08-22 01:11:00-07:00,,21.8,3.1,,,,,,False
2021-08-22 01:12:00-07:00,,22.0,3.0,,,,,,False
2021-08-22 01:13:00-07:00,,22.3,2.8,,,,,,False
2021-08-22 01:14:00-07:00,,22.5,2.6,,,,,,False
2021-08-22 01:15:00-07:00,,22.6,2.4,,,,,,False
2021-08-22 01:16:00-07:00,,22.8,2.1,,,,,,False
2021-08-22 01:17:00-07:00,,22.9,2.1,,,,,,False
2021-08-22 01:18:00-07:00,,23.1,2.2,,,,,,False
2021-08-22 01:19:00-07:00,,23.3,2.3,,,,,,False
2021-08-22 01:20:00-07:00,,23.5,2.0,,,,,,False
2021-08-22 01:21:00-07:00,,23.5,2.1,,,,,,False
2021-08-22 01:22:00-07:00,,23.6,1.9,,,,,,False
2021-08-22 01:23:00-07:00,,23.6,2.0,,,,,,False
2021-08-22 01:24:00-07:00,,23.5,2.2,,,,,,False
2021-08-22 01:25:00-07:00,,23.5,2.6,,,,,,False
2021-08-22 01:26:00-07:00,,23.4,2.8,,,,,,False
2021-08-22 01:27:00-07:00,,23.2,2.7,,,,,,False
2021-08-22 01:28:00-07:00,,23.1,2.6,,,,,,False
2021-08-22 01:29:00-07:00,,23.1,2.5,,,,,,False
2021-08-22 01:30:00-07:00,,23.3,2.3,,,,,,False
2021-08-22 01:31:00-07:00,,23.5,2.1,,,,,,False
2021-08-22 01:32:00-07:00,,23.6,1.7,,,,,,False
2021-08-22 01:33:00-07:00,,23.7,1.6,,,,,,False
2021-08-22 01:34:00-07:00,,23.9,1.4,,,,,,False
2021-08-22 01:35:00-07:00,,23.9,1.2,,,,,,False
2021-08-22 01:36:00-07:00,,23.9,1.1,,,,,,False
2021-08-22 01:37:00-07:00,,23.9,1.0,,,,,,False
2021-08-22 01:38:00-07:00,,23.8,1.6,,,,,,False
2021-08-22 01:39:00-07:00,,23.6,2.3,,,,,,False
2021-08-22 01:40:00-07:00,,23.5,1.8,,,,,,False
2021-08-22 01:41:00-07:00,,23.5,1.9,,,,,,False
2021-08-22 01:42:00-07:00,,23.5,1.7,,,,,,False
2021-08-22 01:43:00-07:00,,23.5,1.5,,,,,,False
2021-08-22 01:44:00-07:00,,23.5,1.3,,,,,,False
2021-08-22 01:45:00-07:00,,23.6,1.4,,,,,,False
2021-08-22 01:46:00-07:00,,23.6,1.4,,,,,,False
2021-08-22 01:47:00-07:00,,23.7,1.3,,,,,,False
2021-08-22 01:48:00-07:00,,23.7,1.3,,,,,,False
2021-08-22 01:49:00-07:00,,23.7,1.0,,,,,,False
2021-08-22 01:50:00-07:00,,23.7,1.0,,,,,,False
2021-08-22 01:51:00-07:00,,23.8,0.9,,,,,,False
2021-08-22 01:52:00-07:00,,23.8,0.6,,,,,,False
2021-08-22 01:53:00-07:00,,23.8,0.7,,,,,,False
2021-08-22 01:54:00-07:00,,23.8,0.7,,,,,,False
2021-08-22 01:55:00-07:00,,23.8,0.9,,,,,,False
2021-08-22 01:56:00-07:00,,23.8,1.0,,,,,,False
2021-08-22 01:57:00-07:00,,23.8,1.2,,,,,,False
2021-08-22 01:58:00-07:00,,23.8,1.4,,,,,,False
2021-08-22 01:59:00-07:00,,23.8,1.6,,,,,,False
2021-08-22 02:00:00-07:00,,23.9,1.7,,,,,,False
2021-08-22 02:01:00-07:00,,23.9,1.9,,,,,,False
2021-08-22 02:02:00-07:00,,23.9,1.8,,,,,,False
2021-08-22 02:03:00-07:00,,23.9,1.8,,,,,,False
2021-08-22 02:04:00-07:00,,23.8,1.8,,,,,,False
2021-08-22 02:05:00-07:00,,23.7,1.7,,,,,,False
2021-08-22 02:06:00-07:00,,23.6,2.0,,,,,,False
2021-08-22 02:07:00-07:00,,23.3,1.9,,,,,,False
2021-08-22 02:08:00-07:00,,23.1,1.7,,,,,,False
2021-08-22 02:09:00-07:00,,23.1,1.4,,,,,,False
2021-08-22 02:10:00-07:00,,23.1,1.2,,,,,,False
2021-08-22 02:11:00-07:00,,23.1,1.7,,,,,,False
2021-08-22 02:12:00-07:00,,22.8,3.0,,,,,,False
2021-08-22 02:13:00-07:00,,22.6,2.9,,,,,,False
2021-08-22 02:14:00-07:00,,22.7,2.9,,,,,,False
2021-08-22 02:15:00-07:00,,22.7,3.5,,,,,,False
2021-08-22 02:16:00-07:00,,22.6,3.9,,,,,,False
2021-08-22 02:17:00-07:00,,22.6,3.2,,,,,,False
2021-08-22 02:18:00-07:00,,22.6,2.9,,,,,,False
2021-08-22 02:19:00-07:00,,22.6,3.0,,,,,,False
2021-08-22 02:20:00-07:00,,22.6,3.0,,,,,,False
2021-08-22 02:21:00-07:00,,22.6,3.0,,,,,,False
2021-08-22 02:22:00-07:00,,22.6,3.0,,,,,,False
2021-08-22 02:23:00-07:00,,22.6,3.0,,,,,,False
2021-08-22 02:24:00-07:00,,22.6,3.3,,,,,,False
2021-08-22 02:25:00-07:00,,22.5,3.5,,,,,,False
2021-08-22 02:26:00-07:00,,22.5,3.5,,,,,,False
2021-08-22 02:27:00-07:00,,22.5,3.6,,,,,,False
2021-08-22 02:28:00-07:00,,22.5,3.6,,,,,,False
2021-08-22 02:29:00-07:00,,22.6,3.5,,,,,,False
2021-08-22 02:30:00-07:00,,22.6,3.6,,,,,,False
2021-08-22 02:31:00-07:00,,22.6,3.7,,,,,,False
2021-08-22 02:32:00-07:00,,22.5,3.9,,,,,,False
2021-08-22 02:33:00-07:00,,22.6,4.0,,,,,,False
2021-08-22 02:34:00-07:00,,22.6,4.1,,,,,,False
2021-08-22 02:35:00-07:00,,22.7,3.9,,,,,,False
2021-08-22 02:36:00-07:00,,22.8,3.7,,,,,,False
2021-08-22 02:37:00-07:00,,22.8,3.5,,,,,,False
2021-08-22 02:38:00-07:00,,22.9,3.4,,,,,,False
2021-08-22 02:39:00-07:00,,22.9,3.5,,,,,,False
2021-08-22 02:40:00-07:00,,22.9,3.5,,,,,,False
2021-08-22 02:41:00-07:00,,22.9,3.4,,,,,,False
2021-08-22 02:42:00-07:00,,22.9,3.2,,,,,,False
2021-08-22 02:43:00-07:00,,23.0,3.2,,,,,,False
2021-08-22 02:44:00-07:00,,23.0,3.2,,,,,,False
2021-08-22 02:45:00-07:00,,23.0,3.2,,,,,,False
2021-08-22 02:46:00-07:00,,23.1,2.9,,,,,,False
2021-08-22 02:47:00-07:00,,23.2,2.8,,,,,,False
2021-08-22 02:48:00-07:00,,23.2,2.7,,,,,,False
2021-08-22 02:49:00-07:00,,23.3,2.7,,,,,,False
2021-08-22 02:50:00-07:00,,23.3,2.8,,,,,,False
2021-08-22 02:51:00-07:00,,23.3,2.8,,,,,,False
2021-08-22 02:52:00-07:00,,23.2,2.9,,,,,,False
2021-08-22 02:53:00-07:00,,23.2,2.7,,,,,,False
2021-08-22 02:54:00-07:00,,23.2,2.6,,,,,,False
2021-08-22 02:55:00-07:00,,23.0,2.5,,,,,,False
2021-08-22 02:56:00-07:00,,23.0,2.3,,,,,,False
2021-08-22 02:57:00-07:00,,23.0,2.1,,,,,,False
2021-08-22 02:58:00-07:00,,23.0,2.1,,,,,,False
2021-08-22 02:59:00-07:00,,22.9,2.1,,,,,,False
2021-08-22 03:00:00-07:00,,22.9,2.0,,,,,,False
2021-08-22 03:01:00-07:00,,22.9,1.9,,,,,,False
2021-08-22 03:02:00-07:00,,22.8,1.7,,,,,,False
2021-08-22 03:03:00-07:00,,22.8,1.6,,,,,,False
2021-08-22 03:04:00-07:00,,22.8,1.8,,,,,,False
2021-08-22 03:05:00-07:00,,22.6,2.4,,,,,,False
2021-08-22 03:06:00-07:00,,22.6,2.6,,,,,,False
2021-08-22 03:07:00-07:00,,22.6,2.6,,,,,,False
2021-08-22 03:08:00-07:00,,22.7,2.4,,,,,,False
2021-08-22 03:09:00-07:00,,22.8,2.3,,,,,,False
2021-08-22 03:10:00-07:00,,22.9,2.3,,,,,,False
2021-08-22 03:11:00-07:00,,23.0,2.1,,,,,,False
2021-08-22 03:12:00-07:00,,23.1,1.8,,,,,,False
2021-08-22 03:13:00-07:00,,23.2,1.3,,,,,,False
2021-08-22 03:14:00-07:00,,23.2,1.5,,,,,,False
2021-08-22 03:15:00-07:00,,23.3,1.2,,,,,,False
2021-08-22 03:16:00-07:00,,23.3,1.5,,,,,,False
2021-08-22 03:17:00-07:00,,23.3,1.6,,,,,,False
2021-08-22 03:18:00-07:00,,23.4,1.8,,,,,,False
2021-08-22 03:19:00-07:00,,23.4,1.6,,,,,,False
2021-08-22 03:20:00-07:00,,23.5,1.7,,,,,,False
2021-08-22 03:21:00-07:00,,23.5,1.8,,,,,,False
2021-08-22 03:22:00-07:00,,23.5,1.9,,,,,,False
2021-08-22 03:23:00-07:00,,23.5,1.6,,,,,,False
2021-08-22 03:24:00-07:00,,23.5,1.2,,,,,,False
2021-08-22 03:25:00-07:00,,23.5,1.2,,,,,,False
2021-08-22 03:26:00-07:00,,23.6,1.4,,,,,,False
2021-08-22 03:27:00-07:00,,23.7,1.5,,,,,,False
2021-08-22 03:28:00-07:00,,23.7,1.7,,,,,,False
2021-08-22 03:29:00-07:00,,23.7,2.1,,,,,,False
2021-08-22 03:30:00-07:00,,23.6,2.5,,,,,,False
2021-08-22 03:31:00-07:00,,23.5,2.8,,,,,,False
2021-08-22 03:32:00-07:00,,23.5,2.7,,,,,,False
2021-08-22 03:33:00-07:00,,23.5,2.8,,,,,,False
2021-08-22 03:34:00-07:00,,23.5,2.8,,,,,,False
2021-08-22 03:35:00-07:00,,23.5,2.8,,,,,,False
2021-08-22 03:36:00-07:00,,23.6,2.7,,,,,,False
2021-08-22 03:37:00-07:00,,23.7,2.8,,,,,,False
2021-08-22 03:38:00-07:00,,23.6,2.8,,,,,,False
2021-08-22 03:39:00-07:00,,23.6,3.2,,,,,,False
2021-08-22 03:40:00-07:00,,23.5,3.1,,,,,,False
2021-08-22 03:41:00-07:00,,23.3,3.4,,,,,,False
2021-08-22 03:42:00-07:00,,23.3,3.5,,,,,,False
2021-08-22 03:43:00-07:00,,23.3,3.4,,,,,,False
2021-08-22 03:44:00-07:00,,23.4,3.3,,,,,,False
2021-08-22 03:45:00-07:00,,23.4,3.1,,,,,,False
2021-08-22 03:46:00-07:00,,23.7,3.1,,,,,,False
2021-08-22 03:47:00-07:00,,23.7,3.5,,,,,,False
2021-08-22 03:48:00-07:00,,23.5,3.8,,,,,,False
2021-08-22 03:49:00-07:00,,23.5,3.3,,,,,,False
2021-08-22 03:50:00-07:00,,24.0,2.3,,,,,,False
2021-08-22 03:51:00-07:00,,24.4,1.5,,,,,,False
2021-08-22 03:52:00-07:00,,24.5,1.5,,,,,,False
2021-08-22 03:53:00-07:00,,24.1,2.9,,,,,,False
2021-08-22 03:54:00-07:00,,23.8,2.9,,,,,,False
2021-08-22 03:55:00-07:00,,23.9,2.8,,,,,,False
2021-08-22 03:56:00-07:00,,23.9,2.4,,,,,,False
2021-08-22 03:57:00-07:00,,23.6,3.1,,,,,,False
2021-08-22 03:58:00-07:00,,23.2,3.5,,,,,,False
2021-08-22 03:59:00-07:00,,23.2,3.3,,,,,,False
2021-08-22 04:00:00-07:00,,22.8,3.4,,,,,,False
2021-08-22 04:01:00-07:00,,22.6,3.9,,,,,,False
2021-08-22 04:02:00-07:00,,22.6,4.2,,,,,,False
2021-08-22 04:03:00-07:00,,22.8,4.2,,,,,,False
2021-08-22 04:04:00-07:00,,23.2,4.3,,,,,,False
2021-08-22 04:05:00-07:00,,23.6,4.1,,,,,,False
2021-08-22 04:06:00-07:00,,23.7,4.3,,,,,,False
2021-08-22 04:07:00-07:00,,23.6,4.4,,,,,,False
2021-08-22 04:08:00-07:00,,23.6,3.9,,,,,,False
2021-08-22 04:09:00-07:00,,23.7,3.9,,,,,,False
2021-08-22 04:10:00-07:00,,23.6,4.0,,,,,,False
2021-08-22 04:11:00-07:00,,23.3,3.8,,,,,,False
2021-08-22 04:12:00-07:00,,23.1,3.8,,,,,,False
2021-08-22 04:13:00-07:00,,23.1,3.8,,,,,,False
2021-08-22 04:14:00-07:00,,23.0,3.6,,,,,,False
2021-08-22 04:15:00-07:00,,23.0,3.6,,,,,,False
2021-08-22 04:16:00-07:00,,23.0,4.0,,,,,,False
2021-08-22 04:17:00-07:00,,22.7,3.8,,,,,,False
2021-08-22 04:18:00-07:00,,22.4,3.6,,,,,,False
2021-08-22 04:19:00-07:00,,22.2,3.3,,,,,,False
2021-08-22 04:20:00-07:00,,21.9,3.6,,,,,,False
2021-08-22 04:21:00-07:00,,21.7,3.9,,,,,,False
2021-08-22 04:22:00-07:00,,21.4,4.0,,,,,,False
2021-08-22 04:23:00-07:00,,21.3,3.9,,,,,,False
2021-08-22 04:24:00-07:00,,21.3,3.8,,,,,,False
2021-08-22 04:25:00-07:00,,21.4,3.6,,,,,,False
2021-08-22 04:26:00-07:00,,21.4,3.6,,,,,,False
2021-08-22 04:27:00-07:00,,21.5,3.5,,,,,,False
2021-08-22 04:28:00-07:00,,21.8,3.5,,,,,,False
2021-08-22 04:29:00-07:00,,22.0,3.7,,,,,,False
2021-08-22 04:30:00-07:00,,22.1,3.4,,,,,,False
2021-08-22 04:31:00-07:00,,22.2,3.4,,,,,,False
2021-08-22 04:32:00-07:00,,22.3,3.8,,,,,,False
2021-08-22 04:33:00-07:00,,22.4,3.7,,,,,,False
2021-08-22 04:34:00-07:00,,22.4,3.6,,,,,,False
2021-08-22 04:35:00-07:00,,22.6,3.6,,,,,,False
2021-08-22 04:36:00-07:00,,22.5,3.9,,,,,,False
2021-08-22 04:37:00-07:00,,22.6,3.7,,,,,,False
2021-08-22 04:38:00-07:00,,22.9,3.2,,,,,,False
2021-08-22 04:39:00-07:00,,23.1,3.1,,,,,,False
2021-08-22 04:40:00-07:00,,23.1,3.8,,,,,,False
2021-08-22 04:41:00-07:00,,22.9,3.9,,,,,,False
2021-08-22 04:42:00-07:00,,22.8,3.9,,,,,,False
2021-08-22 04:43:00-07:00,,22.7,4.6,,,,,,False
2021-08-22 04:44:00-07:00,,22.6,4.6,,,,,,False
2021-08-22 04:45:00-07:00,,22.6,4.5,,,,,,False
2021-08-22 04:46:00-07:00,,22.8,4.3,,,,,,False
2021-08-22 04:47:00-07:00,,22.9,4.1,,,,,,False
2021-08-22 04:48:00-07:00,,23.2,3.5,,,,,,False
2021-08-22 04:49:00-07:00,,23.3,3.1,,,,,,False
2021-08-22 04:50:00-07:00,,23.3,2.8,,,,,,False
2021-08-22 04:51:00-07:00,,23.3,3.5,,,,,,False
2021-08-22 04:52:00-07:00,,23.0,4.1,,,,,,False
2021-08-22 04:53:00-07:00,,22.8,3.9,,,,,,False
2021-08-22 04:54:00-07:00,,22.7,3.5,,,,,,False
2021-08-22 04:55:00-07:00,,22.5,3.2,,,,,,False
2021-08-22 04:56:00-07:00,,22.3,3.2,,,,,,False
2021-08-22 04:57:00-07:00,,22.1,2.3,,,,,,False
2021-08-22 04:58:00-07:00,,21.7,1.9,,,,,,False
2021-08-22 04:59:00-07:00,,21.4,1.8,,,,,,False
2021-08-22 05:00:00-07:00,,21.3,2.1,,,,,,False
2021-08-22 05:01:00-07:00,,21.3,2.6,,,,,,False
2021-08-22 05:02:00-07:00,,21.6,2.7,,,,,,False
2021-08-22 05:03:00-07:00,,21.9,2.6,,,,,,False
2021-08-22 05:04:00-07:00,,22.0,2.5,,,,,,False
2021-08-22 05:05:00-07:00,,21.8,2.7,,,,,,False
2021-08-22 05:06:00-07:00,,21.7,2.3,,,,,,False
2021-08-22 05:07:00-07:00,,21.8,2.3,,,,,,False
2021-08-22 05:08:00-07:00,,21.9,2.1,,,,,,False
2021-08-22 05:09:00-07:00,,22.0,1.9,,,,,,False
2021-08-22 05:10:00-07:00,,22.2,1.7,,,,,,False
2021-08-22 05:11:00-07:00,,22.3,2.3,,,,,,False
2021-08-22 05:12:00-07:00,,22.0,2.4,,,,,,False
2021-08-22 05:13:00-07:00,,21.9,3.0,,,,,,False
2021-08-22 05:14:00-07:00,,21.9,2.3,,,,,,False
2021-08-22 05:15:00-07:00,,22.1,1.9,,,,,,False
2021-08-22 05:16:00-07:00,,22.3,3.2,,,,,,False
2021-08-22 05:17:00-07:00,,22.0,3.9,,,,,,False
2021-08-22 05:18:00-07:00,,22.2,3.0,,,,,,False
2021-08-22 05:19:00-07:00,,22.3,3.0,,,,,,False
2021-08-22 05:20:00-07:00,,22.5,3.4,,,,,,False
2021-08-22 05:21:00-07:00,,22.1,3.7,,,,,,False
2021-08-22 05:22:00-07:00,89.71829748722809,21.9,4.0,5.1008525659988875,9.572402116698003,820.3170155168862,7.852404335697229,1.754135189244698,False
2021-08-22 05:23:00-07:00,89.15649602447847,22.1,3.5,5.299851839098783,9.947584760842899,821.0197965314351,8.167164016326442,2.0639619747978473,False
2021-08-22 05:24:00-07:00,88.58966022388728,22.0,3.6,5.799553175092529,10.88772523252363,826.1319208500552,8.994697360032362,2.861391488396775,False
2021-08-22 05:25:00-07:00,88.01741889943771,21.8,3.6,5.999101845165079,11.262748703109034,828.994838269801,9.336760539607285,3.187051551832118,False
2021-08-22 05:26:00-07:00,87.4396515235919,22.0,3.6,6.498389519822666,12.201676679457934,831.9257429871348,10.150888937246838,3.9824386994780308,False
2021-08-22 05:27:00-07:00,86.8564002575514,21.8,4.0,6.997419247583758,13.140136155709644,836.8246412984286,10.995989725114235,4.7982567794679145,False
2021-08-22 05:28:00-07:00,86.26780691177184,21.9,3.8,7.902770050167161,14.844130857361135,842.3352330139087,12.503734424624243,6.270546130259392,False
2021-08-22 05:29:00-07:00,85.67406862050343,22.3,3.3,12.44074131899291,23.40095659986837,862.1124955336052,20.174257092186107,13.801531485625166,False
2021-08-22 05:30:00-07:00,85.07540963635837,22.6,2.7,20.951119665399876,39.46332302653565,885.0887721261396,34.92854412157365,28.358115593926033,False
2021-08-22 05:31:00-07:00,84.47205926227765,22.8,3.1,28.158634884272313,53.069791863888604,897.7366546232059,47.6426974094372,40.93291809049443,False
2021-08-22 05:32:00-07:00,83.86424088694507,22.6,3.0,26.60206158500328,50.12860177158272,896.227540072881,44.926633453038654,38.2405035183501,False
2021-08-22 05:33:00-07:00,83.25216394378728,22.6,2.6,16.9390652656828,31.887438316484868,875.1628007177151,27.906699824768275,21.4263211071632,False
2021-08-22 05:34:00-07:00,82.6360195860055,22.7,2.5,12.20343202449163,22.959909832691498,858.652402059443,19.71458172890878,13.36250187306896,False
2021-08-22 05:35:00-07:00,82.01597858161432,22.6,2.2,16.910939659843915,31.833963927390542,875.0298121308971,27.8556674747663,21.376264516416477,False
2021-08-22 05:36:00-07:00,81.39219062999761,22.5,1.9,24.67063387641624,46.47410671939486,893.2086970701453,41.51107631032957,34.860588153205455,False
2021-08-22 05:37:00-07:00,80.76478458408042,22.3,2.1,18.35653127470595,34.55624142429865,880.6464656774439,30.43183187740509,23.90891276657512,False
2021-08-22 05:38:00-07:00,80.13386921127685,22.1,2.3,15.240266294481223,28.678971798021013,872.8995674485648,25.03386207736213,18.579906883873303,False
2021-08-22 05:39:00-07:00,79.49953424510211,21.7,2.7,15.870819727718237,29.86152354467584,877.2616920722907,26.196370672658873,19.713110606867126,False
2021-08-22 05:40:00-07:00,78.86185115665633,21.6,2.6,16.42075014106272,30.89251430690347,879.5810738539726,27.172470908115365,20.671785634159296,False
2021-08-22 05:41:00-07:00,78.22087609011966,21.5,2.6,17.634885938267153,33.17971389486826,883.557755002957,29.316193520590218,22.783086805450935,False
2021-08-22 05:42:00-07:00,77.57664849468253,21.5,2.6,41.15484928248033,77.56742811183892,921.5891458385704,71.48529981848435,64.49525974736551,False
2021-08-22 05:43:00-07:00,76.92919396116747,21.6,2.1,83.31039053368212,157.27033447408752,946.8955784734455,148.91858433855333,141.2022866842732,False
2021-08-22 05:44:00-07:00,76.27852482680163,21.6,2.1,109.41666885638439,206.6449484955574,954.7978049461757,197.3041432267737,189.105447410516,False
2021-08-22 05:45:00-07:00,75.62464111687552,21.7,2.1,118.55012189510344,223.9083543628542,956.3479915665442,214.13430498988572,205.76310767764198,False
2021-08-22 05:46:00-07:00,74.9675313696637,21.7,2.2,128.00740849105006,241.87419275293544,957.9092441985567,231.69352517110042,223.13576738259104,False
2021-08-22 05:47:00-07:00,74.30717336375149,21.7,2.2,137.78280000546192,260.3409224899866,959.5474679777403,249.80947298625577,241.05153763285801,False
2021-08-22 05:48:00-07:00,73.64353474538851,21.7,2.3,146.7930876234887,277.36942339551564,960.925562829408,266.5313692880042,257.5829664754006,False
2021-08-22 05:49:00-07:00,72.97657355515416,21.7,2.4,155.02211650918994,292.9738748823567,961.8639663481124,281.8010133307193,272.67566142752196,False
2021-08-22 05:50:00-07:00,72.30623867663418,21.7,2.6,164.20878878370928,310.44316040175704,962.7476341272811,298.8784182077876,289.550309334975,False
2021-08-22 05:51:00-07:00,71.6324697423443,21.7,2.8,173.95297753230568,328.8343072219615,963.9591752603288,316.9828475869836,307.43030786804877,False
2021-08-22 05:52:00-07:00,70.95519921827119,21.7,2.5,183.3241258036486,346.62940142983246,963.9136937581826,334.12082669741767,324.35939155878947,False
2021-08-22 05:53:00-07:00,70.27434990711141,21.8,2.3,193.4759554592737,365.81461149244296,963.6337833669703,352.5113180833812,342.52087307628983,False
2021-08-22 05:54:00-07:00,69.58983688583416,21.8,2.2,203.72457720511005,385.24770127641864,963.6809927053087,371.25588720349737,361.0217066877911,False
2021-08-22 05:55:00-07:00,68.90156713636688,21.9,2.2,213.39112348876984,403.5870065199537,963.2632315482866,388.7605241113101,378.2963043543317,False
2021-08-22 05:56:00-07:00,68.20943955140365,21.9,2.1,224.10162164478223,424.034609196208,962.744189142136,408.2368559988058,397.50975991870024,False
2021-08-22 05:57:00-07:00,67.51334488661578,22.0,1.7,234.49856863596875,443.80202321345814,961.1878883574345,426.577129541301,415.60581879922006,False
2021-08-22 05:58:00-07:00,66.81316565326028,22.0,1.5,246.0261520534022,465.58879181762666,960.618510920463,447.253211897106,435.98690976317954,False
2021-08-22 05:59:00-07:00,66.10877594606453,22.1,1.4,256.42311697370053,485.3764636880445,959.3930935634004,465.66682704053653,454.13778870769653,False
2021-08-22 06:00:00-07:00,65.40004122554176,22.2,1.4,267.0805532128927,505.732217190844,958.1773995746927,484.58118074906656,472.7748771944732,False
2021-08-22 06:01:00-07:00,64.68681802758663,22.2,1.5,277.27540260341755,525.0784655950282,957.91568328741,502.9808971499662,490.88824658802685,False
2021-08-22 06:02:00-07:00,63.96895313530773,22.2,1.6,287.75797666114846,544.953460779921,957.618309479207,521.8574118569113,509.4639675273018,False
2021-08-22 06:03:00-07:00,63.246285099060565,22.3,1.5,298.32384248489336,565.0558502577218,956.1142981280092,540.2579776722872,527.5777388073055,False
2021-08-22 06:04:00-07:00,62.51864086516158,22.3,1.4,308.44746596301957,584.2333336540522,955.1920620706808,558.055042703442,545.0851623404927,False
2021-08-22 06:05:00-07:00,61.78583715760679,22.3,1.5,318.6794151609424,603.6389027307001,954.742542282969,576.3197406140106,563.0402734207291,False
2021-08-22 06:06:00-07:00,61.04767936671522,22.3,1.3,329.30022209111473,623.8450713504761,953.2144348470783,594.6581271194793,581.0736526675892,False
2021-08-22 06:07:00-07:00,60.303960841139016,22.4,1.2,339.98352665185655,644.2455035785345,951.3126277017169,612.8788828943115,598.9896068654098,False
2021-08-22 06:08:00-07:00,59.554462086750576,22.5,1.2,351.6394997977737,666.3507236782625,949.7960570041996,632.8972899315088,618.658970628272,False
2021-08-22 06:09:00-07:00,58.79894986645403,22.5,1.4,362.75933744890165,687.3928386711203,949.5024558473399,652.6811884501031,638.0751863940234,False
2021-08-22 06:10:00-07:00,58.03717618080958,22.5,1.6,373.8689325963162,708.411835206335,949.1931217919929,672.4196413738961,657.4388940198194,False
2021-08-22 06:11:00-07:00,57.268877137980674,22.7,1.8,385.88695313340844,731.4604834301317,947.4109997680083,692.9937078973318,677.63279783841,False
2021-08-22 06:12:00-07:00,56.49377166906791,22.8,1.8,397.6952386949752,753.9404869794597,945.6409716364358,712.9570146633038,697.220091136995,False
2021-08-22 06:13:00-07:00,55.711560092128394,22.8,2.0,409.36247911041386,775.8532536151783,945.4253623272484,733.5113434119046,717.357580750761,False
2021-08-22 06:14:00-07:00,54.92192196420318,22.8,1.7,420.3389286637584,796.9488243831627,942.8039992293972,751.3665388096124,734.8771204243188,False
2021-08-22 06:15:00-07:00,54.124516375947294,22.8,1.7,431.661177639617,818.5862730641098,941.3580578935303,770.5827842299335,753.7066028804453,False
2021-08-22 06:16:00-07:00,53.318976726084195,22.9,1.8,443.213147783129,840.3058323423058,940.1730771766485,790.0329201627505,772.7540601203206,False
2021-08-22 06:17:00-07:00,52.50491050012496,22.9,1.9,456.1950970439004,865.1854360634874,938.7865140348547,812.224419515767,794.4775914393307,False
2021-08-22 06:18:00-07:00,51.68189610360559,23.1,1.8,467.9635288120042,887.345791428322,936.1804857907359,830.7158140837316,812.5932396042434,False
2021-08-22 06:19:00-07:00,50.84947985839787,23.1,1.6,480.4211501229478,911.1391859129463,933.6156882139036,850.6538381147714,832.1157444300725,False
2021-08-22 06:20:00-07:00,50.00717256677786,23.2,1.5,492.6782708604529,934.7016308301455,930.8164427284362,870.0356470217843,851.0915761827342,False
2021-08-22 06:21:00-07:00,49.15444559176994,23.3,1.4,504.20920982280705,956.4456459528012,928.4981960322153,888.058056870043,868.7262191318474,False
2021-08-22 06:22:00-07:00,48.290726334462484,23.3,1.1,516.3023155356926,979.8820099498503,924.9662287762534,906.3577673890082,886.6450019589716,False
2021-08-22 06:23:00-07:00,47.41539302053724,23.3,0.9,529.0555583152168,1004.1666685289297,922.1155679975537,925.9577179147652,905.8160260819304,False
2021-08-22 06:24:00-07:00,46.52776865509903,23.4,0.8,540.9604996207238,1026.9301484338293,919.2614338534638,944.0172807166326,923.4782622105088,False
2021-08-22 06:25:00-07:00,45.62711336102863,23.4,0.5,553.5318561222772,1050.7776531224697,915.814953850987,962.3178879020029,941.3798655929714,False
2021-08-22 06:26:00-07:00,44.71261856036993,23.5,0.2,565.8326578948979,1074.4611088312956,911.491223224008,979.3618703952617,958.0662173691634,False
2021-08-22 06:27:00-07:00,43.78339362366183,23.6,0.2,577.8726366948433,1097.5153166220164,908.9713837174623,997.6100160010229,975.8908570926973,False
2021-08-22 06:28:00-07:00,42.83845675880466,23.7,0.9,589.3138111545967,1119.0301633718489,910.9265131268809,1019.3542448041222,997.0366732867005,False
2021-08-22 06:29:00-07:00,41.876720673040914,23.7,1.5,602.3171308829258,1143.2697359900212,912.6899235356785,1043.4507679213878,1020.4642044850599,False
2021-08-22 06:30:00-07:00,40.89697606019388,23.7,0.8,614.7028191412358,1167.2423540767822,906.4265523285344,1058.0194627376602,1034.7534029120236,False
2021-08-22 06:31:00-07:00,39.89787162928525,23.8,0.5,627.6033460804574,1191.7523813219195,902.0583454242585,1075.0301812506707,1051.381835060637,False
2021-08-22 06:32:00-07:00,38.87788970295899,23.7,1.0,640.3946982940937,1215.8022304625974,903.7536057424109,1098.785649650238,1074.452430805955,False
2021-08-22 06:33:00-07:00,37.83531616123211,23.7,0.8,652.6039547444132,1239.294538072228,900.3310785913694,1115.7753881549622,1091.0313071499395,False
2021-08-22 06:34:00-07:00,36.76820303059616,23.6,0.8,665.1874701644574,1263.163284113566,898.787419222102,1135.3152681845468,1110.0476597822715,False
2021-08-22 06:35:00-07:00,35.67432138387085,23.7,0.8,678.0166071403838,1287.565464693029,896.1734076563743,1153.8819300746147,1128.1323767445754,False
2021-08-22 06:36:00-07:00,34.5511005737527,23.8,0.6,690.1900044055113,1310.8467212739797,892.2195530280259,1169.5630757433232,1143.4360202091445,False
2021-08-22 06:37:00-07:00,33.395553705196704,23.8,1.0,704.7145152161953,1338.0155959844492,892.7715131599305,1194.5422082586228,1167.670614630583,False
2021-08-22 06:38:00-07:00,32.20417134013971,23.8,1.4,716.4037312785803,1359.934696795854,893.6947909088735,1215.3665545026934,1187.8546014667982,False
2021-08-22 06:39:00-07:00,30.972788538722867,23.7,1.4,728.2812566909502,1382.3437500157565,892.3166587693754,1233.4883562847888,1205.455904374396,False
2021-08-22 06:40:00-07:00,29.696398835440334,23.7,1.3,740.5718496892507,1405.7331994132064,889.5598013084242,1250.4837455626673,1221.9878632287937,False
2021-08-22 06:41:00-07:00,28.36889587316112,23.7,1.5,752.9578263723425,1428.8639748049134,889.114249689812,1270.423320867473,1241.3192044892467,False
2021-08-22 06:42:00-07:00,26.982703246529923,23.6,1.5,765.2096669878387,1452.4724434043246,887.3335564115813,1288.8275387957788,1259.1839781102328,False
2021-08-22 06:43:00-07:00,25.528227172491714,23.5,2.0,776.852214369563,1474.0364898699897,889.6773224061303,1311.4168374364635,1281.0049439367879,False
2021-08-22 06:44:00-07:00,23.993015854340626,23.3,2.2,788.0240540584566,1494.7321262921166,890.4810862181747,1331.030687425806,1299.9686672253201,False
2021-08-22 06:45:00-07:00,22.360407112768975,23.0,2.1,799.0068061921384,1515.2746763401506,889.5983482322955,1347.9858491904242,1316.3898796440938,False
2021-08-22 06:46:00-07:00,20.60722302105426,22.8,2.2,810.3675627896421,1536.705546808428,889.4522083286752,1366.8261421596806,1334.6115902469442,False
2021-08-22 06:47:00-07:00,18.699533405951378,22.7,2.3,822.2553707158012,1558.8931910349868,888.8782282405547,1385.6662176634434,1352.8354459621082,False
2021-08-22 06:48:00-07:00,16.584056766349132,22.6,2.3,833.306038494625,1579.8429552307528,887.5288424577905,1402.1561893210448,1368.7996729261602,False
2021-08-22 06:49:00-07:00,14.167959682554745,22.4,1.8,846.9260336646493,1605.8623739184409,882.3910196792833,1416.9985375864876,1383.2554903865384,False
2021-08-22 06:50:00-07:00,11.25927703734217,22.4,1.5,862.0542391542631,1634.7554667213678,877.3327718659255,1434.2245449416325,1400.0088191906802,False
2021-08-22 06:51:00-07:00,7.2904055255414555,22.4,1.9,875.2793475632694,1659.490029593692,878.3512554330863,1457.615150872309,1422.564087768135,False
2021-08-22 06:52:00-07:00,1.2358424565666908,22.5,1.9,886.8012658786888,1681.1270542575394,875.9848761435005,1472.6418744052787,1437.1203821601703,False
2021-08-22 06:53:00-07:00,1.0813565510577192,22.5,1.6,891.0104941481904,1689.6049669188124,872.591554845085,1474.3350251576649,1438.8355800047912,False
2021-08-22 06:54:00-07:00,0.927025120581955,22.6,1.6,894.0156337733991,1695.1582441229586,871.654566703264,1477.5924247744633,1442.0008258851633,False
2021-08-22 06:55:00-07:00,0.772849957385531,22.7,1.6,896.9018339706108,1700.9437263352397,870.503094558472,1480.6767774446448,1445.004192649992,False
2021-08-22 06:56:00-07:00,0.6188328582861412,22.7,2.0,900.7969027599917,1707.4178675361936,873.5099056659101,1491.4464204038297,1455.3192867817045,False
2021-08-22 06:57:00-07:00,0.4649756235662974,22.8,2.8,902.7193691515137,1710.7316792137876,879.0491376103004,1503.817207295501,1467.1125721330345,False
2021-08-22 06:58:00-07:00,0.3112800573398043,22.8,2.7,904.6346111154367,1714.3828419742981,877.9644643057018,1505.167213468851,1468.4407036837833,False
2021-08-22 06:59:00-07:00,0.15774786497707635,22.8,2.8,907.5407979235548,1719.9342293173409,878.2106133464126,1510.4644944442714,1473.5413210570864,False
2021-08-22 07:00:00-07:00,0.004381063742927611,22.8,3.0,910.3076500437585,1724.6305923290602,879.5266472854586,1516.8585626771132,1479.6719717903543,False
2021-08-22 07:01:00-07:00,0.14881863311896376,22.6,2.8,913.2913054252209,1730.5780211957067,878.3378099727299,1520.0321091239775,1482.7600081832986,False
2021-08-22 07:02:00-07:00,0.30184940565069557,22.5,2.4,916.3813947064773,1736.696705229787,875.0772462238982,1519.7437703385995,1482.5629088247179,False
2021-08-22 07:03:00-07:00,0.45470942972419476,22.4,1.4,919.8209105460937,1743.8845096317839,866.4500570561212,1510.9888328697455,1474.336607175586,False
2021-08-22 07:04:00-07:00,0.6073968767585084,22.4,1.0,923.034145837047,1750.5628125039927,862.1145559787409,1509.1856818147753,1472.7048596948332,False
2021-08-22 07:05:00-07:00,0.759909914792803,22.5,1.3,927.002676761161,1757.9246241847684,863.6037432067202,1518.150285721233,1481.3111411496634,False
2021-08-22 07:06:00-07:00,0.9122467067087232,22.5,1.7,930.5418681190188,1764.3172672827955,866.5323910301119,1528.838060154274,1491.5402336908337,False
2021-08-22 07:07:00-07:00,1.064405411324463,22.4,1.7,931.7050181377103,1766.4223864778958,866.8555492304906,1531.2330480033304,1493.840293395826,False
2021-08-22 07:08:00-07:00,1.2163841830409166,22.4,1.9,933.6956024744809,1769.60509360573,868.4647639403317,1536.839669885909,1499.202764807149,False
2021-08-22 07:09:00-07:00,1.3681811715070853,22.4,2.3,935.8007759252354,1773.1098276002258,871.6108737663017,1545.4618061182491,1507.430697971889,False
2021-08-22 07:10:00-07:00,1.519794624302873,22.1,2.0,937.7900435848542,1777.2257896998472,870.0834649384632,1546.3347730800397,1508.3101346148985,False
2021-08-22 07:11:00-07:00,1.6712224786223002,22.0,1.6,940.6651336486228,1782.8441406527872,866.6029755731433,1545.0180372728491,1507.1292970492505,False
2021-08-22 07:12:00-07:00,1.8224629723840635,22.0,1.5,944.0560100843134,1789.6060405969404,864.9686646269961,1547.9531471435412,1509.9981776178638,False
2021-08-22 07:13:00-07:00,1.973514237067816,22.1,1.5,948.9070181903596,1798.6366156417403,863.6890651061284,1553.4627770292657,1515.3381378821355,False
2021-08-22 07:14:00-07:00,2.1243743991244597,22.2,1.8,950.9027349792542,1801.9851914640021,865.6420824713854,1559.874213721497,1521.464127360078,False
2021-08-22 07:15:00-07:00,2.275041581044504,22.2,2.1,950.9229854229167,1801.7682888019326,868.2900788952707,1564.4575296348269,1525.8107165581366,False
2021-08-22 07:16:00-07:00,2.4255138996107486,22.2,2.0,953.648447149707,1807.1631789702797,866.8610784388433,1566.5594222371449,1527.871230178432,False
2021-08-22 07:17:00-07:00,2.5757894669697605,22.1,2.0,956.0871854655582,1811.3712790465556,867.1080225264067,1570.6545678351872,1531.80821614817,False
2021-08-22 07:18:00-07:00,2.7258663903031097,22.2,1.3,959.9327946164221,1819.5747770213948,859.4132114370744,1563.7666025698559,1525.371531240517,False
2021-08-22 07:19:00-07:00,2.8757427714900774,22.4,1.3,964.2919997418702,1827.874470911628,857.6313297831357,1567.6424131645847,1529.149840016358,False
2021-08-22 07:20:00-07:00,3.025416708170089,22.6,1.7,968.9854181397365,1836.6150934742298,859.4362883280153,1578.4536590227028,1539.5143764049353,False
2021-08-22 07:21:00-07:00,3.174886392181142,22.6,2.6,969.9999364558162,1837.2884430700853,867.4670746977293,1593.7872310859527,1554.0671683966605,False
2021-08-22 07:22:00-07:00,3.32414970983399,22.6,2.5,969.2414959299924,1836.481847149219,866.4798724383622,1591.274556653223,1551.674518564702,False
2021-08-22 07:23:00-07:00,3.4732048429770446,22.6,1.2,969.7674270973363,1838.579163576091,854.6002956617692,1571.2502967896955,1532.70201659383,False
2021-08-22 07:24:00-07:00,3.6220498675966564,22.7,0.7,972.818184822276,1844.722133902598,848.7255519212223,1565.6628112377773,1527.4705338244303,False
2021-08-22 07:25:00-07:00,3.7706828551820757,22.9,0.7,978.7323259815103,1856.0017599972716,846.6049739040114,1571.3003215882895,1532.9549528057883,False
2021-08-22 07:26:00-07:00,3.9191018710116428,22.8,1.3,982.6547216657957,1862.9283137037073,852.2042162550624,1587.5953635192332,1548.5024774267592,False
2021-08-22 07:27:00-07:00,4.067304975207971,22.7,1.0,983.8910726605005,1865.5433418812606,849.5483572486688,1584.8692814714166,1545.946430985581,False
2021-08-22 07:28:00-07:00,4.215290222422601,22.8,1.0,983.4147796816042,1864.5631537850672,849.1904080470013,1583.369145392145,1544.5112289958872,False
2021-08-22 07:29:00-07:00,4.363055661499392,22.9,0.5,985.9194900790116,1869.711328912492,843.2561131896479,1576.6455080053995,1538.1891204919752,False
2021-08-22 07:30:00-07:00,4.510599336545818,23.0,0.6,989.5724270927689,1876.3520637940885,843.1756171161837,1582.0943093168057,1543.4387701558842,False
2021-08-22 07:31:00-07:00,4.657919285212225,23.0,0.6,992.9954255317348,1882.7041790170874,842.5797101687806,1586.3283414897694,1547.5314227175134,False
2021-08-22 07:32:00-07:00,4.805013638334826,23.2,1.7,996.5280082974423,1888.3545098080156,851.7625661781693,1608.4296831281943,1568.567903071494,False
2021-08-22 07:33:00-07:00,4.951880225192486,23.2,1.5,995.8991943332379,1887.832217093279,849.7582803045951,1604.201058300796,1564.5507593148093,False
2021-08-22 07:34:00-07:00,5.098517165033898,23.2,1.6,992.6031418149944,1881.5665302851094,851.2807760401308,1601.7414160722444,1562.1436909350061,False
2021-08-22 07:35:00-07:00,5.244922473408941,23.1,0.6,994.6323725473376,1886.4309505423741,841.503652642985,1587.4385353401858,1548.6282954455057,False
2021-08-22 07:36:00-07:00,5.391094159213575,23.2,0.3,995.9752437112941,1889.160080288903,837.7020517587825,1582.5532753588004,1544.0219608405343,False
2021-08-22 07:37:00-07:00,5.537030225732845,23.3,1.4,996.2363915285517,1888.5716399978517,848.249297307813,1601.9795665436418,1562.452014080693,False
2021-08-22 07:38:00-07:00,5.682728670322954,23.1,1.9,995.6809475156801,1886.6569798663845,854.2299282494059,1611.6388565425027,1571.591318367349,False
2021-08-22 07:39:00-07:00,5.828187484107675,23.1,1.0,997.4855442607354,1890.6813209055945,845.3443087459871,1598.2766942798894,1558.9634302520124,False
2021-08-22 07:40:00-07:00,5.973404653013374,23.1,1.3,998.6510800848624,1893.312155526321,847.7662072744292,1605.0860652771235,1565.4546109070757,False
2021-08-22 07:41:00-07:00,6.1183781561141375,23.2,1.0,1000.9051027739342,1897.312567768503,844.1495073296772,1601.6154693321866,1562.208540403544,False
2021-08-22 07:42:00-07:00,6.2631059666651465,23.4,0.7,1003.6655153663226,1902.963836008271,839.5643216369074,1597.6605420778512,1558.5207705343796,False
2021-08-22 07:43:00-07:00,6.407586051801021,23.5,0.6,1004.7446402797245,1905.3484324815536,837.7377717561874,1596.1823502462414,1557.1451395584866,False
2021-08-22 07:44:00-07:00,6.551816468863483,23.6,0.9,1009.2979723880693,1913.8295611469505,839.394581325146,1606.4581632066324,1566.9942951724106,False
2021-08-22 07:45:00-07:00,6.6957949797325,23.6,1.0,1011.0449845271391,1916.5984086296091,840.2709957628729,1610.4620532967392,1570.8251437679762,False
2021-08-22 07:46:00-07:00,6.839519629490872,23.7,1.2,1012.6369253727819,1919.8233212041036,841.3178696341305,1615.1816666693576,1575.339849663266,False
2021-08-22 07:47:00-07:00,6.982988360419957,23.6,1.0,1011.0198271284364,1916.5576655132331,840.2727198547904,1610.431122359352,1570.7953284246885,False
2021-08-22 07:48:00-07:00,7.126199108505375,23.7,1.2,1012.3381602193882,1919.3389233073483,841.3379150894165,1614.8126080853697,1574.9841555171286,False
2021-08-22 07:49:00-07:00,7.269149803131084,23.7,1.3,1013.497667469972,1920.8382497544183,842.3773843308379,1618.0707005507513,1578.092110755652,False
2021-08-22 07:50:00-07:00,7.411838368116613,23.6,1.9,1013.8871105169765,1921.2353619416135,848.4937033081255,1630.1561071803662,1589.5577310344524,False
2021-08-22 07:51:00-07:00,7.554262720086435,23.4,1.9,1014.3953402881207,1921.987486506292,849.4593618434712,1632.650263758772,1591.9311950947279,False
2021-08-22 07:52:00-07:00,7.696420769503635,23.2,1.3,1016.0814990666825,1926.107048150563,844.147068051831,1625.9176174502645,1585.5955187016307,False
2021-08-22 07:53:00-07:00,7.838310420380183,23.2,1.1,1018.3751719952602,1930.2723487793032,841.8811567414793,1625.0599178164118,1584.8303080718429,False
2021-08-22 07:54:00-07:00,7.979929569976125,23.2,0.9,1018.3986020758678,1930.7402675388282,839.7450803319088,1621.329641064444,1581.2975319699767,False
2021-08-22 07:55:00-07:00,8.121276204524989,23.2,1.9,1019.7321428473788,1932.3899248377518,849.328209442484,1641.233274807144,1600.1895998691448,False
2021-08-22 07:56:00-07:00,8.262348018669394,23.2,1.9,1019.2541077043959,1930.8040103940932,849.7138443315139,1640.6308983226693,1599.5999985921228,False
2021-08-22 07:57:00-07:00,8.403142985198958,23.2,2.0,1018.1884206060623,1928.9720772627036,850.7298024654264,1641.0340342510233,1599.9605446239325,False
2021-08-22 07:58:00-07:00,8.543658975440561,23.3,1.6,1016.9123972045232,1927.186726705716,846.5433919325966,1631.4471885129349,1590.8514568280486,False
2021-08-22 07:59:00-07:00,8.683893853844916,23.3,2.2,1018.7742837059652,1929.6891565717597,852.104698900918,1644.297197732946,1603.0617036100887,False
2021-08-22 08:00:00-07:00,8.823845479015612,23.1,1.9,1019.8396864644544,1931.9678546088603,850.0659155863856,1642.3000232115457,1601.195738210211,False
2021-08-22 08:01:00-07:00,8.963511702117517,23.1,1.4,1020.7535696464947,1934.3193199781815,844.987587418847,1634.4758154860285,1593.806109574329,False
2021-08-22 08:02:00-07:00,9.102890367899505,23.1,1.1,1020.086129940015,1933.2591297328734,842.1525977813551,1628.099198289061,1587.7472283680297,False
2021-08-22 08:03:00-07:00,9.241979314417433,23.3,1.6,1023.9973575165997,1939.984322145671,845.5119787519837,1640.2799829652124,1599.3747511273853,False
2021-08-22 08:04:00-07:00,9.380776372759195,23.5,1.2,1024.353527580808,1941.8522370173466,840.1631862862994,1631.4727627496723,1591.0455916391577,False
2021-08-22 08:05:00-07:00,9.519279368048942,23.6,1.2,1023.2958940292215,1939.9213128956274,839.8469664630945,1629.2370298124965,1588.9030796765485,False
2021-08-22 08:06:00-07:00,9.657486210480489,23.7,1.3,1023.9174751739295,1940.3287103327277,840.5410746188466,1630.9259792968717,1590.5095249696217,False
2021-08-22 08:07:00-07:00,9.795394525798498,23.8,1.4,1025.7133719857354,1944.2647078394652,840.4469423240356,1634.0513287722129,1593.5186395485364,False
2021-08-22 08:08:00-07:00,9.933002211117058,23.9,1.6,1025.0470202979427,1942.5068659751612,842.189606677619,1635.9590934241958,1595.3073918521395,False
2021-08-22 08:09:00-07:00,10.0703070637287,24.1,1.2,1027.6804530609427,1948.0311261096751,836.6921692820101,1629.9023887335811,1589.6269729134274,False
2021-08-22 08:10:00-07:00,10.207306874894218,24.2,2.1,1028.131848410827,1948.117492348154,844.8819142802861,1645.929236178019,1604.8245634872935,False
2021-08-22 08:11:00-07:00,10.343999428301032,24.2,1.8,1024.3197676911386,1941.5154567396357,842.5648272941087,1635.8526354966737,1595.1949919689118,False
2021-08-22 08:12:00-07:00,10.480382501078868,24.3,1.0,1026.4712295103936,1946.0459867216161,833.8704262404132,1622.7501964309995,1582.8197631502537,False
2021-08-22 08:13:00-07:00,10.616453863528955,24.4,2.2,1030.5122257089342,1952.7643410259304,844.3315207703475,1648.7804857645292,1607.581183183889,False
2021-08-22 08:14:00-07:00,10.752211278878832,24.3,2.1,1031.078102531891,1953.4888300501186,843.9593508817093,1648.665164963768,1607.4802810851866,False
2021-08-22 08:15:00-07:00,10.88765250427337,24.2,2.8,1032.0867034939995,1954.662605457446,850.7652273108823,1662.9589758480859,1621.03905828875,False
2021-08-22 08:16:00-07:00,11.022775289513719,24.1,3.1,1030.1919887135255,1950.7886234493014,854.2477926847274,1666.4568755760438,1624.3066824648533,False
2021-08-22 08:17:00-07:00,11.157577467352565,24.1,2.9,1029.1129234568127,1948.7913779261708,852.7241337941525,1661.781439687607,1619.8541979249037,False
2021-08-22 08:18:00-07:00,11.292056593373674,24.0,3.4,1030.6374845686269,1951.4974872548312,857.1999293346759,1672.8235081716387,1630.3447365693366,False
2021-08-22 08:19:00-07:00,11.426210487116927,23.7,2.8,1029.482339210847,1949.867197978956,853.5684664501629,1664.3451539603739,1622.295504415591,False
2021-08-22 08:20:00-07:00,11.560036871528766,23.7,2.1,1031.4067010694534,1954.009626593724,846.8395678777096,1654.732667813514,1613.2369056618531,False
2021-08-22 08:21:00-07:00,11.693533461975038,23.8,1.3,1033.2643942415182,1958.1649282585147,838.2528035131993,1641.437240853923,1600.6818056181207,False
2021-08-22 08:22:00-07:00,11.826697967239893,24.0,0.9,1032.2233906793203,1956.8610650071869,833.273680384285,1630.60082163925,1590.3897617362088,False
2021-08-22 08:23:00-07:00,11.959528089290382,24.2,2.3,1031.4070596017305,1954.239791263523,846.1278068261137,1653.5366285941268,1612.1061288558717,False
2021-08-22 08:24:00-07:00,12.092021523026926,24.0,3.3,1031.61701758674,1953.2354811614503,856.261276688429,1672.4799067724416,1630.0401159995358,False
2021-08-22 08:25:00-07:00,12.224175957287486,23.8,2.7,1031.9483685088546,1954.9135299550833,851.6305593445389,1664.8641029858545,1622.8467956692205,False
2021-08-22 08:26:00-07:00,12.35598907337522,23.8,1.9,1033.4117702703365,1958.0401324867214,844.0645112470003,1652.7121874294162,1611.3689622689856,False
2021-08-22 08:27:00-07:00,12.48745854605942,24.0,2.2,1033.3723508506316,1957.453590408418,846.0634461616498,1656.1299304024408,1614.601201620915,False
2021-08-22 08:28:00-07:00,12.618582043341949,24.0,2.5,1032.6729719590344,1956.2019083708828,848.8297017147357,1660.4822823762534,1618.7106926120146,False
2021-08-22 08:29:00-07:00,12.749357313806634,23.9,2.4,1031.4305975450784,1954.0064603450035,848.5803857930097,1658.1315559615962,1616.457631135423,False
2021-08-22 08:30:00-07:00,12.879781837064554,23.8,2.4,1033.5413832594659,1957.6459155665113,848.8429114540249,1661.733858565558,1619.913448824034,False
2021-08-22 08:31:00-07:00,13.009853348487766,23.8,2.9,1033.4274312363373,1957.262456792079,853.2898174366551,1670.1121244317321,1627.8455693910425,False
2021-08-22 08:32:00-07:00,13.139569489178493,23.9,3.1,1029.6271018421005,1949.4773608247897,855.4137289719636,1667.6096987695555,1625.3829801884547,False
2021-08-22 08:33:00-07:00,13.268927893573384,24.0,3.3,1031.3186941816998,1952.7501583169883,856.2772777921266,1672.095589771815,1629.6703803678574,False
2021-08-22 08:34:00-07:00,13.397926189217616,24.0,3.2,1033.3610207470456,1957.0308710389852,854.9172345948522,1673.0994202854042,1630.6720117236766,False
2021-08-22 08:35:00-07:00,13.526561997757051,24.0,3.1,1033.2517127356216,1956.4818501315365,854.2473350919903,1671.3194066307121,1628.9797301902956,False
2021-08-22 08:36:00-07:00,13.654832933517369,23.9,2.9,1032.8165298949523,1956.055802710077,852.9358976673491,1668.3902119719467,1626.200357896463,False
2021-08-22 08:37:00-07:00,13.782736604504903,24.0,3.2,1032.9283232509024,1955.8206900890166,855.1619513782666,1672.5434378825119,1630.1310868053756,False
2021-08-22 08:38:00-07:00,13.910270612186173,24.1,2.5,1030.7563926788005,1952.8758369808468,848.554250603212,1657.121092370403,1615.4869217232435,False
2021-08-22 08:39:00-07:00,14.037432551533065,24.2,2.3,1029.3768122773063,1950.4421249890531,846.468938616957,1650.9886753732858,1609.6470855388663,False
2021-08-22 08:40:00-07:00,14.164220095703374,24.3,2.5,1028.936984262364,1949.4900223437862,847.8849273050271,1652.9432058768368,1611.4882732530943,False
2021-08-22 08:41:00-07:00,14.290630657199088,24.5,2.7,1030.20660715697,1951.9004929119867,848.4375627744027,1656.0656969844015,1614.4754346806944,False
2021-08-22 08:42:00-07:00,14.416661896612439,24.4,2.6,1031.6526242070856,1954.0724231225995,848.0428706647953,1657.1371871918016,1615.516190890066,False
2021-08-22 08:43:00-07:00,14.542311383271551,24.4,2.7,1028.5971964184714,1948.6854039756074,849.2736285007419,1654.9671238407984,1613.3967387996322,False
2021-08-22 08:44:00-07:00,14.667576680198833,24.6,2.7,1025.4532590914012,1942.64314377454,848.8968934463257,1649.103729825011,1607.7694313564564,False
2021-08-22 08:45:00-07:00,14.792455343920711,24.5,3.2,1026.5224240739597,1944.336556031452,853.5661414880078,1659.6198518858482,1617.7536810627944,False
2021-08-22 08:46:00-07:00,14.916944925442431,24.4,3.0,1029.5190074022528,1950.003676928089,851.8628435046062,1661.1356770723994,1619.2567733198568,False
2021-08-22 08:47:00-07:00,15.041042968902682,24.5,3.2,1030.17387488256,1950.7813601457408,853.147929414558,1664.3050781488537,1622.2683778690696,False
2021-08-22 08:48:00-07:00,15.164747012553605,24.6,3.2,1031.1842168329893,1953.02865324016,852.3477524080186,1664.65958297771,1622.6307869454358,False
2021-08-22 08:49:00-07:00,15.288054588580485,24.6,3.1,1033.6288147839332,1957.9541400829626,850.9622982504602,1666.1451549140013,1624.0961919251104,False
2021-08-22 08:50:00-07:00,15.410963222933272,24.6,2.8,1033.6794247527039,1957.7074182355323,848.546419138746,1661.2056194651204,1619.4136860360145,False
2021-08-22 08:51:00-07:00,15.533470518301327,24.5,3.0,1035.0560860510857,1960.108040356186,850.5905709452009,1667.249417160847,1625.1676173610904,False
2021-08-22 08:52:00-07:00,15.655573824477484,24.5,1.9,1034.1016960025172,1959.7552556088986,840.3837114876203,1646.9463953159761,1605.9233551286795,False
2021-08-22 08:53:00-07:00,15.777270732235035,24.6,2.4,1032.7480593764494,1956.7611747959902,844.8578399518484,1653.1850194397814,1611.8022468764714,False
2021-08-22 08:54:00-07:00,15.898558744290211,24.8,1.9,1033.6368183326406,1959.1555506146542,838.8986063557068,1643.5328610446807,1602.6801608702037,False
2021-08-22 08:55:00-07:00,16.01943535742662,25.0,1.2,1034.51726965925,1961.3119488837854,830.9125238174241,1629.6786614402965,1589.565183148019,False
2021-08-22 08:56:00-07:00,16.13989806346332,25.4,1.2,1030.4809204498988,1953.890092273251,829.6390098379931,1621.0234414858448,1581.2698259438016,False
2021-08-22 08:57:00-07:00,16.259944347974244,25.5,2.1,1029.191695895693,1950.4255873252596,838.2820405810269,1635.0067413444663,1594.495370560059,False
2021-08-22 08:58:00-07:00,16.37957169126269,25.5,2.7,1027.4495008207937,1946.5699172830475,844.1416862165704,1643.180812313762,1602.2012476617838,False
2021-08-22 08:59:00-07:00,16.498777568202858,25.3,2.6,1024.1414524709987,1940.7424066747667,844.6302707091365,1639.2097843264094,1598.3689951458764,False
2021-08-22 09:00:00-07:00,16.61755944810753,25.4,2.6,1025.914269922077,1943.9053147047848,843.9213007524661,1640.503101725294,1599.6318335450103,False
2021-08-22 09:01:00-07:00,16.735914795679754,25.3,3.5,1029.4229184953997,1949.7626275038158,851.7144012487213,1660.6409088615464,1618.7851975977808,False
2021-08-22 09:02:00-07:00,16.853841148708902,25.2,3.6,1030.155103504504,1950.7103538180047,853.0755003249194,1664.103211072295,1622.0763161696107,False
2021-08-22 09:03:00-07:00,16.971335803005136,25.0,3.5,1029.953425936296,1950.4499908467913,853.2089259763857,1664.1413418610418,1622.1093515025952,False
2021-08-22 09:04:00-07:00,17.088396286747862,25.1,2.9,1028.8590118542547,1949.1832833736091,847.5670737559709,1652.0635717030254,1610.6510780615415,False
2021-08-22 09:05:00-07:00,17.20502004374292,25.2,3.3,1029.616646974767,1950.379292467389,850.414517325785,1658.6308646058606,1616.8881126924466,False
2021-08-22 09:06:00-07:00,17.3212045136125,25.1,3.0,1029.837143725809,1951.1537401912828,848.1955118513655,1654.9598453622514,1613.4187888421088,False
2021-08-22 09:07:00-07:00,17.43694713057847,25.3,2.5,1029.8411946276158,1951.4187510354816,842.8063397137388,1644.66809480897,1603.6673492340033,False
2021-08-22 09:08:00-07:00,17.552245324432043,25.2,2.6,1029.0643420300362,1950.2717568333367,844.1608598518192,1646.3430831931475,1605.2418716407276,False
2021-08-22 09:09:00-07:00,17.667096520412834,25.2,2.1,1025.482472229747,1943.7651033574211,840.2409650202776,1633.2310662177795,1592.7350389689107,False
2021-08-22 09:10:00-07:00,17.781498139097362,25.3,2.5,1025.7680173375616,1943.4909516467776,843.6167061035649,1639.5614349703371,1598.7342748679846,False
2021-08-22 09:11:00-07:00,17.895447597352042,25.3,2.9,1028.9831953989485,1949.7681495391962,846.4290298106432,1650.340363170155,1609.0247836097249,False
2021-08-22 09:12:00-07:00,18.00894230716216,25.2,2.2,1028.4274778670838,1948.9476009990976,840.7847225740408,1638.6453680173688,1597.928762035602,False
2021-08-22 09:13:00-07:00,18.121979676592396,25.2,1.8,1031.6059719515797,1955.365119143262,836.3842284284804,1635.4365464706007,1594.9593971447914,False
2021-08-22 09:14:00-07:00,18.234557185022215,25.5,3.4,1029.5969029908285,1950.5742976560064,849.6939547611548,1657.391189030794,1615.7158317749231,False
2021-08-22 09:15:00-07:00,18.34667208139025,25.5,4.0,1026.124988842745,1943.0843438950155,855.4753965888312,1662.2608496991372,1620.240570186778,False
2021-08-22 09:16:00-07:00,18.45832183809737,25.5,3.3,1022.5562382841243,1937.4313054445074,849.9814412768726,1646.7806533766552,1605.5065950201677,False
2021-08-22 09:17:00-07:00,18.569503847600366,25.4,3.1,1019.9316168183515,1932.6393208318136,849.1794403326876,1641.1575768289051,1600.1207774878396,False
2021-08-22 09:18:00-07:00,18.68021549900844,25.4,3.6,1021.290570752054,1934.5283959920223,853.3316102858254,1650.7942312955274,1609.2756883768207,False
2021-08-22 09:19:00-07:00,18.790454178001873,25.4,3.2,1025.7307189716914,1943.259250002331,849.1793539590674,1650.1756344919615,1608.7924968913048,False
2021-08-22 09:20:00-07:00,18.900217266754222,25.4,3.1,1033.0294739017972,1956.8856090583067,847.1797508992917,1657.8338628204249,1616.2092474579724,False
2021-08-22 09:21:00-07:00,19.009502144875768,25.4,2.7,1035.36854626915,1961.777669547292,843.1495084762678,1654.0718778185174,1612.7009706302395,False
2021-08-22 09:22:00-07:00,19.118306188324826,25.6,2.5,1034.6730309107031,1960.729594517566,840.4361947360617,1647.8681193227244,1606.8083681785943,False
2021-08-22 09:23:00-07:00,19.226626770354308,25.6,2.1,1034.196834985815,1959.93662278641,836.8849043821352,1640.2413731556499,1599.568083224735,False
2021-08-22 09:24:00-07:00,19.33446126144796,25.8,1.7,1033.3496651471555,1959.039947013793,832.0700705186546,1630.058506860628,1589.8999310362562,False
2021-08-22 09:25:00-07:00,19.441807101080624,25.9,2.9,1032.8708299580533,1957.413623952593,842.7390727450371,1649.5889424283112,1608.4013704651595,False
2021-08-22 09:26:00-07:00,19.54866151104959,25.7,3.5,1033.7658429960175,1958.1067369479545,849.0024514915933,1662.4374199510178,1620.5854353241577,False
2021-08-22 09:27:00-07:00,19.65502192632763,25.5,2.8,1031.824037427004,1954.8773202516272,844.2318949997683,1650.3697845681002,1609.112116087541,False
2021-08-22 09:28:00-07:00,19.76088570774902,25.5,2.7,1030.3405499739301,1952.5846990823052,843.4036886348321,1646.8171375779498,1605.7180540899449,False
2021-08-22 09:29:00-07:00,19.866250214104586,25.5,2.8,1031.3992965952873,1954.188680189251,844.2558902728103,1649.8353039542244,1608.5975246591847,False
2021-08-22 09:30:00-07:00,19.9711128021025,25.6,2.6,1030.2437348771123,1952.6292708063047,841.9698366246387,1644.054948129272,1603.100067980301,False
2021-08-22 09:31:00-07:00,20.07547082730401,25.7,2.8,1029.0157748158292,1949.8823871615905,843.6151155369495,1644.950255328788,1603.9170419209313,False
2021-08-22 09:32:00-07:00,20.179321643114978,25.7,2.5,1027.612336562847,1947.7411329343233,841.032690796863,1638.1139660074841,1597.4110006811475,False
2021-08-22 09:33:00-07:00,20.282662601726276,25.7,1.6,1026.9106149438426,1947.1029245333214,832.6855416833109,1621.3244534281878,1581.4790304349958,False
2021-08-22 09:34:00-07:00,20.385491054083282,25.7,2.4,1026.138873427035,1944.9493036847884,840.4127483884223,1634.5601897858812,1594.0090594971678,False
2021-08-22 09:35:00-07:00,20.487804349866472,25.6,2.1,1025.8388778737506,1944.270901118499,838.3167965836923,1629.9149535165488,1589.595923597751,False
2021-08-22 09:36:00-07:00,20.589599906509275,25.6,2.2,1023.1119818662572,1939.450519970664,839.5548674643381,1628.2751242476124,1587.9853818373142,False
2021-08-22 09:37:00-07:00,20.690874935526697,25.8,2.8,1022.0936713422872,1937.1037457659086,844.1897236071869,1635.2830757365691,1594.6038507106873,False
2021-08-22 09:38:00-07:00,20.791626853030085,25.7,2.6,1020.3574481401538,1933.7264804605618,843.2957699980669,1630.7033613056412,1590.222189654138,False
2021-08-22 09:39:00-07:00,20.891853006320748,26.0,2.6,1026.8838630239081,1946.2966155204167,840.6136213165987,1636.0834461288573,1595.4690037146097,False
2021-08-22 09:40:00-07:00,20.99155074231719,26.1,2.4,1031.36976596453,1954.6740126252637,837.6322003790171,1637.2978942189825,1596.7167160711813,False
2021-08-22 09:41:00-07:00,21.09071740848518,26.3,2.9,1031.0392357536684,1953.5559597887502,841.2916258602394,1643.5102696196382,1602.5943767895021,False
2021-08-22 09:42:00-07:00,21.189350351910814,26.2,2.6,1028.414383300005,1949.1520466149052,839.3977925704352,1636.1139253126973,1595.530723621846,False
2021-08-22 09:43:00-07:00,21.287446920234395,26.2,2.2,1025.469704657652,1944.0715056879726,836.1669787739245,1625.5683974315864,1585.4708558186833,False
2021-08-22 09:44:00-07:00,21.385004461658383,26.2,3.2,1021.2339707640965,1935.534479279648,845.7401752597489,1636.9592697272562,1596.174805150152,False
2021-08-22 09:45:00-07:00,21.482020324960466,26.0,1.9,1021.2745708308067,1936.470278763108,835.0231840303784,1616.9975779529645,1577.2532060003277,False
2021-08-22 09:46:00-07:00,21.578491860416534,26.1,3.2,1021.9370169726595,1936.081997238935,846.4454574880025,1638.787811887196,1597.9146978898937,False
2021-08-22 09:47:00-07:00,21.674416483059147,26.1,1.8,1020.6024084007472,1935.5475473274798,833.593027000274,1613.45893887967,1573.8850312315708,False
2021-08-22 09:48:00-07:00,21.769791416670426,26.3,4.5,1022.7490325979618,1936.7496805655385,855.9715144168028,1657.8025571199432,1615.941898606291,False
2021-08-22 09:49:00-07:00,21.864614079762628,26.0,4.4,1020.7218075823781,1932.9279512532214,856.9831065238747,1656.4866003518146,1614.6496673713657,False
2021-08-22 09:50:00-07:00,21.958881827942978,25.8,4.0,1017.412319405866,1927.421634103547,855.0915720537125,1648.1219951159378,1606.6592531422457,False
2021-08-22 09:51:00-07:00,22.052592019335563,25.7,2.8,1013.5151713327381,1920.4384341908033,846.3406691498199,1625.3451494540766,1584.9866820913892,False
2021-08-22 09:52:00-07:00,22.145742013744457,25.8,1.6,1011.2930186770722,1917.3586663422952,835.1349465041293,1601.2532272450014,1562.0950747036718,False
2021-08-22 09:53:00-07:00,22.238329173575323,26.0,3.3,1013.7551783692587,1920.7181742862574,849.0792145514516,1630.8418787976736,1590.2018404710316,False
2021-08-22 09:54:00-07:00,22.330350863878287,26.0,3.7,1014.4904033945002,1922.0181820403998,852.2058523577705,1637.9551430728716,1596.9602166985896,False
2021-08-22 09:55:00-07:00,22.421804452404167,26.0,3.4,1015.0122379064048,1923.12451833721,849.6677312646699,1634.0168464350384,1593.2400948495188,False
2021-08-22 09:56:00-07:00,22.51268731050709,26.2,3.5,1014.7912904490988,1922.6945195350468,849.5513183314723,1633.4276638196957,1592.676494167524,False
2021-08-22 09:57:00-07:00,22.602996812355403,26.4,3.6,1016.3509156810328,1925.6646245699997,849.119444101697,1635.1192755411814,1594.3150289637058,False
2021-08-22 09:58:00-07:00,22.6927303358428,26.5,3.2,1016.0866892060782,1925.6981727391587,845.2047628804286,1627.6092674692752,1587.1949642132247,False
2021-08-22 09:59:00-07:00,22.781885322242722,26.6,2.6,1014.9385319232763,1924.2692026705759,839.5425487143192,1615.505870822526,1575.698574500445,False
2021-08-22 10:00:00-07:00,22.870459037527265,26.7,3.1,1013.2101242773277,1920.2153940644464,843.9182133983115,1620.5047446988024,1580.3936029529725,False
2021-08-22 10:01:00-07:00,22.958448931978175,26.9,3.7,1012.7703706719698,1919.1106964740377,847.9961817030803,1627.3985428755232,1586.9182565839444,False
2021-08-22 10:02:00-07:00,23.045852399909478,26.8,2.8,1013.6124908260767,1921.6401446834475,840.5649632547805,1615.2633776047535,1575.4382977386706,False
2021-08-22 10:03:00-07:00,23.132666840550634,27.0,3.2,1010.0727404584543,1914.8250033496665,843.5822268339416,1615.3123403230218,1575.406017419124,False
2021-08-22 10:04:00-07:00,23.218889658128074,27.1,3.8,1008.5176175655237,1911.589711229556,848.2820071249696,1621.567157041249,1581.300594616384,False
2021-08-22 10:05:00-07:00,23.304518261955277,27.1,3.3,1004.9904409787086,1905.3827490705921,844.6879040418592,1609.4537607099542,1569.7388630576922,False
2021-08-22 10:06:00-07:00,23.389550067319643,27.1,3.5,1003.0921426233773,1901.691452601192,846.6497609480743,1610.0666137417957,1570.277225113561,False
2021-08-22 10:07:00-07:00,23.47398249478181,27.1,2.9,1000.2186328311741,1896.1547742946188,842.3061482987033,1597.1428245142977,1557.950973181935,False
2021-08-22 10:08:00-07:00,23.557812971069033,27.2,3.2,1000.8316855933163,1897.2282536249268,844.2187223310448,1601.6756122455952,1562.2646272001327,False
2021-08-22 10:09:00-07:00,23.641038929173792,27.3,2.4,999.7195961619309,1895.9167389586,836.8848831527873,1586.6640585507814,1548.0019795138842,False
2021-08-22 10:10:00-07:00,23.723657863660193,27.3,2.2,999.1806160197245,1894.7532465379777,835.3057531485352,1582.6982876300376,1544.223452590034,False
2021-08-22 10:11:00-07:00,23.805667110336117,27.2,3.2,999.7872583403249,1895.5222810069379,844.2737485444497,1600.3397016352533,1560.9772397087943,False
2021-08-22 10:12:00-07:00,23.88706417801527,27.0,1.6,1002.6316954782087,1901.9608465712172,830.4656114492394,1579.5130774002791,1541.280252335015,False
2021-08-22 10:13:00-07:00,23.967846527379972,27.2,2.1,1001.6820172214865,1899.9338829610238,834.2731858513113,1585.0638934447459,1546.528454312172,False
2021-08-22 10:14:00-07:00,24.04801162670267,27.4,1.8,997.9708698025111,1893.0495828786502,831.2274121524572,1573.5547058525087,1535.5208209772256,False
2021-08-22 10:15:00-07:00,24.12755695197085,27.6,1.8,996.3027512432875,1889.8996509371284,830.5540380685352,1569.6637866301471,1531.7894690998332,False
2021-08-22 10:16:00-07:00,24.20647998774863,27.6,1.8,994.8526580754617,1887.5431516492547,830.6433782584114,1567.8752200944662,1530.063917825953,False
2021-08-22 10:17:00-07:00,24.28477822656701,27.5,1.0,991.6264445134349,1882.021693817655,824.0598989660995,1550.8986068593845,1513.87046360031,False
2021-08-22 10:18:00-07:00,24.362449169792388,27.7,1.9,992.545726593461,1883.1831387930465,831.4616048696329,1565.794474844299,1528.038160724939,False
2021-08-22 10:19:00-07:00,24.43949032775777,27.7,1.7,995.847792107633,1889.3249124083586,829.1223819381142,1566.4815716310372,1528.7599735335095,False
2021-08-22 10:20:00-07:00,24.515899219901417,27.7,2.4,1000.4696501256251,1897.5584379188756,834.7205512518941,1583.9310253323267,1545.4258306118336,False
2021-08-22 10:21:00-07:00,24.591673426215618,27.6,2.5,1002.0905480884492,1900.8014527651999,835.7057049753473,1588.5106181013057,1549.8107501114623,False
2021-08-22 10:22:00-07:00,24.66681038385407,27.6,2.6,1000.780534432329,1897.7606349432158,837.0330783023026,1588.4884261474522,1549.75500714356,False
2021-08-22 10:23:00-07:00,24.74130769286519,27.6,4.4,999.5886410233576,1894.5216675925387,851.9431429750164,1614.0247439230566,1573.9471219456293,False
2021-08-22 10:24:00-07:00,24.81516291265916,27.6,4.7,992.8368969995581,1881.5018950639255,855.3003596286618,1609.2492474901846,1569.263868844854,False
2021-08-22 10:25:00-07:00,24.88837361318529,27.5,3.7,994.4943396275401,1885.38973743175,847.7178691261804,1598.2785706880118,1558.9034281789484,False
2021-08-22 10:26:00-07:00,24.96093737576786,27.5,3.2,992.1001936244229,1881.0448445393902,844.081254379584,1587.754691923058,1548.8660297937606,False
2021-08-22 10:27:00-07:00,25.03285179257891,27.5,1.7,995.1196507211562,1887.7879662733956,830.2925499990673,1567.4162843746908,1529.6306974720321,False
2021-08-22 10:28:00-07:00,25.1041144674802,27.8,1.7,993.8291341488563,1885.8248908821981,828.859986470963,1563.084793543224,1525.4935443838651,False
2021-08-22 10:29:00-07:00,25.174723016177147,27.8,1.6,987.8195510092474,1874.8525060775564,828.8586282178983,1553.9876762983322,1516.726419287649,False
2021-08-22 10:30:00-07:00,25.244675066386726,27.9,1.1,985.8336764526894,1871.3777047319847,823.9971592621423,1542.0099126056637,1505.3028477576609,False
2021-08-22 10:31:00-07:00,25.313968258652196,28.2,0.9,983.6420775496725,1867.5625417195736,820.9081639343585,1533.0973371555992,1496.7863112987843,False
2021-08-22 10:32:00-07:00,25.38260029166399,28.4,1.6,980.4634454900488,1860.78676183743,827.3355555372717,1539.4950493411711,1502.7941753848067,False
2021-08-22 10:33:00-07:00,25.450568739425396,28.5,1.6,980.4079746585157,1861.2608599855719,826.6031630050966,1538.52411404166,1501.8764350060233,False
2021-08-22 10:34:00-07:00,25.51787132756667,28.5,1.9,978.3672810459243,1856.5956219357652,829.9897685465353,1540.9553705349765,1504.135357703662,False
2021-08-22 10:35:00-07:00,25.584505748982522,28.2,2.6,974.6917403303078,1848.9794849566965,838.3463872580318,1550.0852713276627,1512.7250662217716,False
2021-08-22 10:36:00-07:00,25.65046971087297,28.0,2.5,975.7398936538468,1851.5295559103529,838.0470382810483,1551.6688606204957,1514.258811007239,False
2021-08-22 10:37:00-07:00,25.715760934302278,28.3,3.7,979.3845324243417,1856.9124743168018,846.2659075356412,1571.4417202919612,1533.0998311781234,False
2021-08-22 10:38:00-07:00,25.7803771549948,28.2,3.8,982.2714615884513,1862.179008281884,847.1325431705643,1577.5124391246718,1538.9244020813978,False
2021-08-22 10:39:00-07:00,25.844316123518695,28.3,2.7,981.8245900205831,1862.8396230555534,837.3109181919141,1559.7759552249247,1522.0898865792708,False
2021-08-22 10:40:00-07:00,25.90757560546793,28.3,3.2,983.8876984981455,1865.9318107998886,841.3929820621005,1569.9819306134532,1531.818483369279,False
2021-08-22 10:41:00-07:00,25.970153382235118,28.5,3.0,984.6416435160389,1868.0976428863157,838.3579137074278,1566.134442491935,1528.1895776831695,False
2021-08-22 10:42:00-07:00,26.03204725072567,28.6,3.4,983.5103264265996,1865.3711579298626,841.5199877517543,1569.7471139736138,1531.5890347170002,False
2021-08-22 10:43:00-07:00,26.09325502367404,28.6,3.2,980.8483409503801,1860.3276243911023,840.3815110065138,1563.3849399529531,1525.488974782926,False
2021-08-22 10:44:00-07:00,26.153774570872557,28.6,2.9,982.1068368230001,1863.3846857139708,837.4495527654828,1560.4906716812147,1522.775032587362,False
2021-08-22 10:45:00-07:00,26.21360365702824,28.3,1.4,984.9811188916834,1869.5899165361445,825.0750298925005,1542.5519562727773,1505.7983123614274,False
2021-08-22 10:46:00-07:00,26.272740186130566,28.4,3.0,983.7775242143747,1866.1114581948154,839.1444516535745,1565.937076311341,1527.9793449591684,False
2021-08-22 10:47:00-07:00,26.331182038292365,28.4,3.4,982.412977741412,1863.504661750139,842.5726518899862,1570.1380646601665,1531.938687003661,False
2021-08-22 10:48:00-07:00,26.388927111310313,28.3,3.0,979.4410350017464,1857.95649679802,840.3329626692539,1561.3020874648687,1523.4834471215306,False
2021-08-22 10:49:00-07:00,26.445973320860475,28.1,2.6,977.7288175348153,1854.9367027672138,838.2167265901066,1554.8389710253794,1517.309526032208,False
2021-08-22 10:50:00-07:00,26.502318600691666,28.3,2.1,976.3026465975,1852.8604054799143,832.9844165152224,1543.4038437428449,1506.420379051005,False
2021-08-22 10:51:00-07:00,26.55796090334913,28.4,1.2,975.089462107294,1851.1832923031882,824.4121551137883,1526.1380075183092,1489.9870133669046,False
2021-08-22 10:52:00-07:00,26.612898199845866,28.6,1.2,969.6943248907667,1841.1852963888273,824.3310480313802,1517.7462049921694,1481.8946393868875,False
2021-08-22 10:53:00-07:00,26.667128480382882,28.7,2.3,962.7002303455624,1827.2216231561017,835.0586298357883,1525.8371850390597,1489.4316123437643,False
2021-08-22 10:54:00-07:00,26.720649754543725,28.5,1.7,963.4734166459693,1828.7006162963796,830.7431522146293,1519.1805144388898,1483.1191108180435,False
2021-08-22 10:55:00-07:00,26.77346008667413,28.7,1.3,966.1357200949569,1834.3220056735618,825.4625194661605,1514.164064315519,1478.4110150235852,False
2021-08-22 10:56:00-07:00,26.825557455385848,28.8,2.8,965.468167763913,1832.0665646261064,838.3951568785425,1535.995734861637,1499.1429054596365,False
2021-08-22 10:57:00-07:00,26.876939965754353,28.7,2.9,962.331720394853,1826.217885340848,840.16863291218,1534.3309841265923,1497.4935692701063,False
2021-08-22 10:58:00-07:00,26.92760570787224,28.8,2.2,963.1889831849345,1828.2220320370836,833.614758716218,1524.0328681162673,1487.727583447818,False
2021-08-22 10:59:00-07:00,26.97755279269846,28.8,3.0,964.8162309928496,1830.432995003702,840.290478260509,1538.0954167954765,1501.1194840410533,False
2021-08-22 11:00:00-07:00,27.026779352258053,28.6,3.1,967.4055148763044,1835.4286991733743,841.5764018740495,1544.6534805466954,1507.40843978387,False
2021-08-22 11:01:00-07:00,27.075283540299512,28.4,2.7,966.139963006718,1832.8783701138098,839.6166377089502,1538.9151744444175,1501.9266235501534,False
2021-08-22 11:02:00-07:00,27.123063532032443,28.5,2.6,964.2784193542398,1830.0388981713993,838.3187599883789,1534.155939845547,1497.37113211662,False
2021-08-22 11:03:00-07:00,27.17011752478819,28.5,1.8,966.3338122629642,1834.5270113949198,830.9245603412627,1524.3535503774945,1488.1037991018288,False
2021-08-22 11:04:00-07:00,27.216443738203843,28.5,2.0,969.0976474273086,1839.0306038100978,832.5023375264235,1530.9972764545362,1494.4711597677383,False
2021-08-22 11:05:00-07:00,27.26204041443426,28.6,2.5,968.3143301249079,1837.3450574390763,836.4741490945926,1536.8916435145065,1500.0547781039263,False
2021-08-22 11:06:00-07:00,27.30690584859829,28.8,3.6,967.8072917170832,1836.0680987748722,844.4795939313123,1550.5220424836407,1512.9908865767961,False
2021-08-22 11:07:00-07:00,27.351038268712024,28.6,2.1,968.7479720794776,1838.6210188471246,832.8237555747515,1531.2472619949385,1494.704171528753,False
2021-08-22 11:08:00-07:00,27.39443601680394,28.6,1.6,971.4621674891021,1843.9417046954727,827.8942527845679,1526.5887397871609,1490.3349181969577,False
2021-08-22 11:09:00-07:00,27.43709742829005,28.5,1.2,971.4089295482653,1844.1955633089658,824.6087243673242,1520.7397509440855,1484.775363413221,False
2021-08-22 11:10:00-07:00,27.47902086248554,28.6,1.8,966.3306386499846,1834.3114099927277,830.535200589198,1523.4601948413647,1487.2519190179532,False
2021-08-22 11:11:00-07:00,27.520204703191006,28.8,1.5,965.1028220759201,1831.9686314772468,827.1429716833717,1515.2999778708095,1479.4652226762898,False
2021-08-22 11:12:00-07:00,27.56064735848936,28.9,1.7,967.656158148672,1836.704688387513,828.0194125744714,1520.8271371514059,1484.7749304596944,False
2021-08-22 11:13:00-07:00,27.6003472613285,28.9,0.7,969.3092804287188,1840.6027733124977,818.2003579093301,1505.9818478931911,1470.6956544928432,False
2021-08-22 11:14:00-07:00,27.639302869699158,29.1,1.4,969.4936020623891,1840.5880490210723,823.8585821661995,1516.3842604185522,1480.5925291753788,False
2021-08-22 11:15:00-07:00,27.67751266682314,29.2,2.7,965.4686957475695,1832.1388955956825,835.6143491359849,1530.9615507699082,1494.3589363433478,False
2021-08-22 11:16:00-07:00,27.714975161696973,29.0,2.9,968.564084747331,1837.8476675750362,837.7487899477206,1539.6546596192272,1502.6863853767761,False
2021-08-22 11:17:00-07:00,27.75168891327899,29.2,4.3,970.6619800086594,1840.5919126054825,847.6945092919634,1560.259658162861,1522.2917703323026,False
2021-08-22 11:18:00-07:00,27.78765243305678,29.1,4.0,970.4102420087005,1840.2328861063538,845.9656278349368,1556.7737688574593,1518.9772346526659,False
2021-08-22 11:19:00-07:00,27.82286433292815,28.9,3.5,969.1257812424187,1838.1893368729347,843.1882504662926,1549.9396509836845,1512.462306558377,False
2021-08-22 11:20:00-07:00,27.857323226411076,28.8,2.3,966.782736055722,1834.9471864868185,833.8709829936307,1530.1092141371603,1493.580654706518,False
2021-08-22 11:21:00-07:00,27.891027753997232,28.9,0.7,964.983133144828,1832.7942071361867,818.8399935495986,1500.7651967491367,1465.6456820161277,False
2021-08-22 11:22:00-07:00,27.923976583013385,29.1,3.2,961.8921098145508,1824.9135962497612,840.8932336140589,1534.5574950167227,1497.6937920892829,False
2021-08-22 11:23:00-07:00,27.95616840809907,28.9,3.7,962.6487672042028,1826.1561435300443,845.6557542046073,1544.2994508522768,1506.9644514551794,False
2021-08-22 11:24:00-07:00,27.987601951375865,28.8,2.6,961.6543571869906,1825.1161201948846,837.2920135027988,1528.155151154391,1491.6110835943098,False
2021-08-22 11:25:00-07:00,28.01827596267274,29.0,2.9,959.5947920941319,1821.1090523819134,839.1417181102205,1528.1685790818344,1491.5778912946612,False
2021-08-22 11:26:00-07:00,28.048189219687565,29.1,2.6,959.2346956326707,1820.527928075209,836.2535014840101,1522.4228544023238,1486.1093119372617,False
2021-08-22 11:27:00-07:00,28.077340528417835,29.0,3.0,956.4096004526164,1814.9691868429804,840.5163025822708,1525.5111902260126,1488.9813363442447,False
2021-08-22 11:28:00-07:00,28.10572872305166,28.8,2.3,958.1542053374353,1818.3222492227735,835.4919539735931,1519.193608956794,1483.013927512366,False
2021-08-22 11:29:00-07:00,28.133352684654035,28.7,1.7,954.5934648106315,1812.5078805484663,831.066860906132,1506.31523465504,1470.7006429725698,False
2021-08-22 11:30:00-07:00,28.16021126773503,29.0,1.7,951.5223926278549,1806.851750405479,830.0824735475128,1499.835970310233,1464.4732746251323,False
2021-08-22 11:31:00-07:00,28.186303411543427,29.2,1.3,958.188686267611,1819.8023970411818,824.2366628411241,1499.9478547675021,1464.7245447548078,False
2021-08-22 11:32:00-07:00,28.211628065841346,29.3,1.0,960.1316743986292,1823.2644888266307,820.7584409541737,1496.4597192964536,1461.4434011614985,False
2021-08-22 11:33:00-07:00,28.236184209590437,29.5,2.3,953.9786307103676,1811.2584874224985,832.4312833872962,1507.7482272312434,1472.049534670607,False
2021-08-22 11:34:00-07:00,28.25997085132105,29.5,2.3,948.1010066797384,1800.3750346930808,833.3259897595848,1500.2993077240587,1464.8408411109056,False
2021-08-22 11:35:00-07:00,28.28298702926493,29.3,1.6,955.282396678507,1814.0011403865753,827.0741071385621,1500.31337353356,1465.0076956813687,False
2021-08-22 11:36:00-07:00,28.305231811497706,29.4,2.6,961.2640840180132,1824.4774719778707,834.4062826328674,1522.3554651404665,1486.0902392262587,False
2021-08-22 11:37:00-07:00,28.32670429626152,29.5,4.3,960.1777957588863,1821.4660016342123,847.559613436681,1543.8010202331502,1506.4361387902204,False
2021-08-22 11:38:00-07:00,28.34740361188068,29.5,3.7,959.628786061234,1820.741674621846,843.102155029878,1535.071229626387,1498.1337184611532,False
2021-08-22 11:39:00-07:00,28.367328917102903,29.2,3.0,961.1175418961952,1824.0113568854838,838.7051937219774,1529.8077984277263,1493.169297167023,False
2021-08-22 11:40:00-07:00,28.386479413772932,29.2,1.9,965.4685565892692,1832.4875290193322,828.7334114865068,1518.6436414306704,1482.651133289289,False
2021-08-22 11:41:00-07:00,28.40485429611668,29.5,3.1,962.9350399200969,1827.4839337153026,837.7265603392642,1530.9318298665885,1494.2774973809933,False
2021-08-22 11:42:00-07:00,28.422452828059303,29.5,3.0,961.2902341190818,1824.446110856039,837.1746534472726,1527.3800405891288,1490.8666198600613,False
2021-08-22 11:43:00-07:00,28.439274291279613,29.6,3.0,960.3498043177851,1822.6955586828371,836.8333143193424,1525.2923653677042,1488.8620408812083,False
2021-08-22 11:44:00-07:00,28.455317998584547,29.7,2.9,960.1213098146322,1822.5409897536167,835.4645839950626,1522.6684498184552,1486.3657677120534,False
2021-08-22 11:45:00-07:00,28.470583293988867,29.7,2.6,961.9891169119011,1825.8096713737568,832.8475142996341,1520.6210463878651,1484.4562504174125,False
2021-08-22 11:46:00-07:00,28.485069552819773,29.8,2.9,960.4358775417319,1822.852339282759,835.0577636343936,1522.1869978771836,1485.9115780345337,False
2021-08-22 11:47:00-07:00,28.498776181942347,29.9,3.0,957.901048450321,1818.0556004822545,835.7895147665388,1519.5118081456517,1483.3134283852455,False
2021-08-22 11:48:00-07:00,28.511702619704018,29.8,1.8,957.53569022542,1818.6264154076514,825.8281975832658,1501.8729747134166,1466.5432138675692,False
2021-08-22 11:49:00-07:00,28.52384833614419,30.0,3.4,959.8439987528033,1821.6000508107115,838.1632235041925,1526.798170522907,1490.2809115621544,False
2021-08-22 11:50:00-07:00,28.535212833073498,30.0,2.1,960.2282690286197,1822.9688095233562,827.3020701518492,1508.145869940925,1472.5595335841656,False
2021-08-22 11:51:00-07:00,28.545795650980512,30.0,2.6,960.9856376800578,1824.01136478628,831.5171417561921,1516.6967165778988,1480.7042080067704,False
2021-08-22 11:52:00-07:00,28.555596341332894,29.9,2.3,956.6450646289646,1816.0360591935414,830.1571249120016,1507.5952736366319,1471.9579884361438,False
2021-08-22 11:53:00-07:00,28.564614509115835,30.0,3.0,952.3152265377474,1807.4350905907188,836.2539125563729,1511.474666198171,1475.5500196840735,False
2021-08-22 11:54:00-07:00,28.572849784091336,30.1,2.6,953.1783978028991,1809.7540023606123,832.1155745612887,1505.924491488893,1470.2978581291825,False
2021-08-22 11:55:00-07:00,28.580301828189352,30.1,1.8,951.931247638192,1808.0530518522896,825.3402756216117,1492.2590041542646,1457.277129952332,False
2021-08-22 11:56:00-07:00,28.586970335574016,30.4,2.4,948.1596176744731,1800.1960921539574,829.9072414931252,1493.9957729861944,1458.841823256434,False
2021-08-22 11:57:00-07:00,28.59285503273789,30.6,2.3,948.9379197095438,1801.9316981299023,827.8598069480217,1491.7468277473417,1456.721348230953,False
2021-08-22 11:58:00-07:00,28.597955678486315,30.6,3.1,950.6307651646603,1804.9929087682524,834.0622209574087,1505.4763942996224,1469.817666105673,False
2021-08-22 11:59:00-07:00,28.602272064035976,30.5,3.4,951.0918415972425,1804.9453414155537,837.2073811713169,1511.1135624438841,1475.1781692683057,False
2021-08-22 12:00:00-07:00,28.60580401303488,30.3,4.4,952.9675241484379,1808.2655792710077,845.3204428266276,1528.5638602175168,1491.8048789912257,False
2021-08-22 12:01:00-07:00,28.608551381592573,30.5,3.3,954.8529775093916,1812.8011526807747,835.4886128975752,1514.574720512386,1478.5591347699074,False
2021-08-22 12:02:00-07:00,28.610514059385498,30.4,2.9,956.3825732439129,1815.4260875698465,832.7137559902211,1511.730276102919,1475.883989955189,False
2021-08-22 12:03:00-07:00,28.611691964903113,30.4,2.8,953.4960131278366,1810.342229291233,832.2239475354174,1506.6101564508178,1470.9566954789539,False
2021-08-22 12:04:00-07:00,28.612085053386238,30.5,3.0,952.3507989974869,1807.6989049322317,833.7340288104699,1507.1400908854243,1471.4307691245422,False
2021-08-22 12:05:00-07:00,28.611693311030375,30.6,3.1,951.2887952015958,1806.0767165493996,834.0287119822951,1506.3198376449086,1470.6321953619522,False
2021-08-22 12:06:00-07:00,28.610516756586286,30.5,3.4,949.2343755331173,1801.883709064983,837.2984959274731,1508.7145194363268,1472.8617856030112,False
2021-08-22 12:07:00-07:00,28.608555441332545,30.2,3.5,949.3845879792228,1801.8275020997546,839.6421196775858,1512.8902631564076,1476.8317609248597,False
2021-08-22 12:08:00-07:00,28.60580944908646,30.2,3.8,954.2612399757218,1810.7983728133452,841.2214317356127,1523.2823997625599,1486.8146776893695,False
2021-08-22 12:09:00-07:00,28.602278896174944,30.1,3.6,956.3898675101135,1815.1149692167962,839.7363980030166,1524.218106211469,1487.7538894479646,False
2021-08-22 12:10:00-07:00,28.597963931428353,30.0,2.4,958.5386893678378,1820.0528547382999,829.9809941761989,1510.6092778289233,1474.8700519425981,False
2021-08-22 12:11:00-07:00,28.59286473614067,30.1,2.6,957.4609916260308,1817.548151604716,831.5345262447917,1511.3540411717245,1475.5501693709964,False
2021-08-22 12:12:00-07:00,28.586981524018448,30.4,3.2,957.3223937839306,1816.7425222565316,835.1310641720032,1517.2181159386266,1481.1175784440497,False
2021-08-22 12:13:00-07:00,28.580314541178907,30.6,2.8,953.078242076419,1809.2431898963127,831.4654248231369,1504.3231574955048,1468.768890646027,False
2021-08-22 12:14:00-07:00,28.572864060828287,30.4,2.1,950.7999630541366,1805.4452007033226,826.847541903343,1492.8279262427302,1457.7894419562356,False
2021-08-22 12:15:00-07:00,28.564630403708673,30.4,3.0,949.9509229413983,1803.1976077099382,834.5972300363794,1504.9437286029404,1469.290620079096,False
2021-08-22 12:16:00-07:00,28.55561390809807,30.5,1.8,951.2567519305153,1806.8638108566738,823.4759414484259,1487.9088777142902,1453.123726308665,False
2021-08-22 12:17:00-07:00,28.545814949116625,30.9,3.1,954.0419846702482,1811.2178388348498,832.1532946588093,1507.2108919312284,1471.5379940805465,False
2021-08-22 12:18:00-07:00,28.53523393404381,30.7,2.3,958.3957065040229,1819.9848526059093,825.6850512279451,1502.7342862579944,1467.3778468479559,False
2021-08-22 12:19:00-07:00,28.52387130216664,30.6,4.8,961.9703772563367,1824.9213173835906,845.459233509446,1542.8965782101789,1505.617342167381,False
2021-08-22 12:20:00-07:00,28.511727524717404,30.2,3.7,962.5666978163241,1826.6341905117808,839.090173462123,1532.7107997683747,1495.9585718656615,False
2021-08-22 12:21:00-07:00,28.49880310480217,30.4,3.4,961.5142341765682,1825.055422781886,835.819181555867,1525.4163297636528,1489.006834137587,False
2021-08-22 12:22:00-07:00,28.485098577219922,30.5,1.7,964.0747440381103,1830.6784540396795,820.5467367429035,1502.1572314878024,1466.947182260404,False
2021-08-22 12:23:00-07:00,28.470614508505435,30.7,1.5,966.5337852640333,1835.4712110887754,817.2979226125833,1500.1268078380585,1465.0673992530399,False
2021-08-22 12:24:00-07:00,28.455351496721953,30.9,3.1,965.4731519715754,1832.7584406361093,830.3087584285514,1521.7553853440156,1485.61334430429,False
2021-08-22 12:25:00-07:00,28.43931016036731,30.9,3.4,966.4072744575997,1834.5398986186738,832.4972059311615,1527.2493397692822,1490.8572155908198,False
2021-08-22 12:26:00-07:00,28.42249118182785,30.7,2.7,964.7863353256062,1831.898425861665,827.9813421936509,1516.7777174073774,1480.8699352561107,False
2021-08-22 12:27:00-07:00,28.404895242595273,30.7,4.1,961.2625387465989,1824.2428259301505,839.8071860457471,1532.0122343085413,1495.2671481757425,False
2021-08-22 12:28:00-07:00,28.38652306583039,30.5,3.4,963.079691804804,1827.8960960323564,835.1355032852977,1526.5409261132124,1490.1083169629237,False
2021-08-22 12:29:00-07:00,28.367375405606452,30.4,1.9,965.5122910876188,1833.2514715230438,822.5928087668185,1508.0194771360439,1472.5536371496785,False
2021-08-22 12:30:00-07:00,28.34745304680867,30.6,2.7,967.530553652136,1836.6065550610383,828.2224247966114,1521.1187344300047,1485.051139005789,False
2021-08-22 12:31:00-07:00,28.326756805029326,30.6,3.9,971.2332350015167,1842.7140809433308,837.4123029411478,1543.111442184835,1506.0270103179384,False
2021-08-22 12:32:00-07:00,28.305287526244193,30.6,2.7,976.5963921248413,1853.9454263239172,826.6071101876414,1532.484471299208,1496.0526535351296,False
2021-08-22 12:33:00-07:00,28.283046086924596,30.7,2.9,978.5971370210393,1857.2487508924614,827.6393893053569,1537.1322219767733,1500.5083761583035,False
2021-08-22 12:34:00-07:00,28.260033393690648,30.6,3.8,980.5495853406193,1860.4862186780533,835.0975402547381,1553.687464895881,1516.2789108053714,False
2021-08-22 12:35:00-07:00,28.236250383202062,30.8,2.4,979.4969021160006,1859.1573464911783,822.7542019132629,1529.629518843529,1493.395766936095,False
2021-08-22 12:36:00-07:00,28.211698005312638,31.2,3.1,984.4857058038504,1868.5568311991126,825.7770161999,1543.0112846675436,1506.2234761567195,False
2021-08-22 12:37:00-07:00,28.186377289079942,31.2,2.5,968.4163479956582,1838.5361476574385,823.3959618687879,1513.8432397309323,1478.1526266104663,False
2021-08-22 12:38:00-07:00,28.16028924406714,31.2,4.0,984.9701903407772,1869.1671531276722,832.8568322433227,1556.7486340871828,1519.2858660323227,False
2021-08-22 12:39:00-07:00,28.133434925337635,31.1,3.9,967.0948500115543,1835.6432604755742,835.3059536180758,1533.3237441941435,1496.6442148938115,False
2021-08-22 12:40:00-07:00,28.105815417086927,31.0,3.1,985.5854915364556,1870.7912482314007,826.496253560812,1546.2019578576076,1509.2813467468725,False
2021-08-22 12:41:00-07:00,28.077431832511156,31.0,1.2,991.6229528446537,1882.9149816996328,808.5468324867632,1522.42494429511,1486.8003702535782,False
2021-08-22 12:42:00-07:00,28.048285313395535,31.4,1.5,994.1463634596776,1888.2008349021576,808.7165988632668,1527.0193571728537,1491.2285879447093,False
2021-08-22 12:43:00-07:00,28.018377030220332,31.9,3.2,990.1251356602432,1879.1244735282244,822.2929612230819,1545.1908278442884,1508.4126063277997,False
2021-08-22 12:44:00-07:00,27.987708181759082,31.8,4.4,991.9445798865343,1881.895481187961,832.0343379017135,1565.8016606904519,1528.0304564600563,False
2021-08-22 12:45:00-07:00,27.95627999490687,31.5,4.5,992.3956115354915,1882.821366805847,834.1184194105979,1570.4959825125948,1532.4999598734694,False
2021-08-22 12:46:00-07:00,27.924093724523228,31.3,3.1,991.5021888596578,1881.8471762414295,824.1150816424946,1550.8586392869038,1513.83053947361,False
2021-08-22 12:47:00-07:00,27.89115063064822,31.4,1.5,991.3978021192727,1882.9570444466588,809.2311436062054,1523.7474824389299,1488.0592911662523,False
2021-08-22 12:48:00-07:00,27.85745206748092,31.5,1.7,978.2300648059575,1858.0940604670473,812.8928340545127,1510.4313467529153,1475.1201891818246,False
2021-08-22 12:49:00-07:00,27.822999350379874,31.3,2.8,974.9153627320933,1850.824403171513,824.2887835275836,1525.6137958134127,1489.48449733539,False
2021-08-22 12:50:00-07:00,27.787793843558646,31.4,4.2,998.0581912138116,1893.378666157724,831.5525655138359,1574.4438873326203,1536.3690835216842,False
2021-08-22 12:51:00-07:00,27.751836938058858,31.6,4.1,995.5456187586244,1888.4920732365015,830.2875874404567,1567.9915273879608,1530.1850805379818,False
2021-08-22 12:52:00-07:00,27.71513005126257,31.6,2.9,993.0720899811355,1884.7458213404354,820.7850429923,1546.971179998467,1510.167109198531,False
2021-08-22 12:53:00-07:00,27.677674627036716,31.5,2.6,992.6319188015384,1884.6742860116838,818.5036864901444,1542.6128509337439,1506.0225254426632,False
2021-08-22 12:54:00-07:00,27.639472135223063,31.5,3.0,994.6662469692114,1887.9495994696726,821.7458945024605,1551.4148323917677,1514.426680278575,False
2021-08-22 12:55:00-07:00,27.600524071467483,31.2,2.4,999.6941316564603,1897.8082788008169,817.1332992662936,1550.7623402313977,1513.9144516482504,False
2021-08-22 12:56:00-07:00,27.560831957026082,31.2,1.9,1005.8771154135984,1909.4055891511925,811.6650180643344,1549.7977220105438,1513.1228536943224,False
2021-08-22 12:57:00-07:00,27.520397338222526,31.3,2.7,1014.055362670317,1924.1925793599326,817.0922650470551,1572.2428730559427,1534.6195693840664,False
2021-08-22 12:58:00-07:00,27.479221786629353,31.3,2.1,985.4625561454388,1871.464955317254,816.2617764515959,1527.6053089941681,1491.605529805825,False
2021-08-22 12:59:00-07:00,27.437306870156792,31.3,3.1,875.7863614003643,1664.0886754166813,842.3943758760295,1401.818941130004,1369.5108646412789,False
2021-08-22 13:00:00-07:00,27.39465426578272,31.1,1.8,432.5005601762881,823.0033399802654,898.2451873577819,739.2587893166537,723.630758229094,False
2021-08-22 13:01:00-07:00,27.351265590736126,31.1,1.5,207.53808043240542,394.3979728353439,911.9221178624686,359.66023466867114,350.04548385428916,False
2021-08-22 13:02:00-07:00,27.307142513808564,31.1,3.9,220.9314725908302,419.8223122398575,916.7713318168805,384.88106031857643,374.9031349718903,False
2021-08-22 13:03:00-07:00,27.26228672774694,30.9,4.2,258.1623373309042,490.6037525093205,918.634347504799,450.6854580698056,439.79252813754385,False
2021-08-22 13:04:00-07:00,27.21669994861903,30.8,2.2,294.13622874089765,559.1669582127479,913.2672701931009,510.668881509136,498.9363481745843,False
2021-08-22 13:05:00-07:00,27.170383915634826,30.8,1.6,595.8889356006584,1133.972859695981,877.5631227665351,995.1327638873031,974.0136747883777,False
2021-08-22 13:06:00-07:00,27.12334039095227,30.9,1.1,291.1230755118954,553.8049811465331,909.3451868111412,503.59989403763467,492.01877417628924,False
2021-08-22 13:07:00-07:00,27.075571159042347,31.0,1.1,998.576456614422,1896.2667768624779,806.2350814808357,1528.8367993531215,1493.0438334031724,False
2021-08-22 13:08:00-07:00,27.02707802684893,31.2,1.2,1045.8048639330952,1984.9003576394991,797.7593247540523,1583.4727690145642,1545.9393515682013,False
2021-08-22 13:09:00-07:00,26.977862823497603,31.4,1.7,337.06404422202746,641.2781919911182,905.5369396690857,580.7010914521616,567.9193755042073,False
2021-08-22 13:10:00-07:00,26.927927365838475,31.5,2.3,170.789926146071,324.4824329680314,909.5818950744768,295.1433462974389,286.30027838068503,False
2021-08-22 13:11:00-07:00,26.877273593041583,31.4,4.0,190.92115165889217,362.7130399166124,914.2519863474456,331.6111172178832,322.31383008885774,False
2021-08-22 13:12:00-07:00,26.825903364914748,31.2,4.3,375.19403855554856,713.3929588220071,912.0098724451275,650.6214213785108,636.5245207166118,False
2021-08-22 13:13:00-07:00,26.77381859563392,31.1,3.1,579.6662638579093,1102.6706352309375,886.3468048393665,977.3485943271363,956.527200915705,False
2021-08-22 13:14:00-07:00,26.72102121984002,31.2,2.7,1082.6319373787567,2052.642155941913,806.1756269108922,1654.7900768901975,1614.388480832106,False
2021-08-22 13:15:00-07:00,26.667513192429613,31.4,2.1,1067.1251337388067,2024.4007960443469,801.9398556428075,1623.447682142988,1584.3361083974953,False
2021-08-22 13:16:00-07:00,26.613296488365435,31.7,2.4,972.6836725471668,1846.8402945251562,819.2973142472364,1513.1112931480352,1477.5478199053211,False
2021-08-22 13:17:00-07:00,26.558373101965298,31.8,3.8,1077.7522975057047,2043.055458052869,813.890721710144,1662.8238812484983,1621.9079660776767,False
2021-08-22 13:18:00-07:00,26.50274504721101,31.8,3.2,1092.8546277910127,2071.191973450367,806.3057935109778,1670.0140876664661,1629.029495964275,False
2021-08-22 13:19:00-07:00,26.44641435706174,31.8,2.8,1100.161789019022,2085.385646418468,801.2542750046272,1670.924164226085,1630.0424042514758,False
2021-08-22 13:20:00-07:00,26.38938308322733,31.8,3.2,1099.6246355127917,2084.2587187805293,805.035944723802,1677.9031867223046,1636.6511571555695,False
2021-08-22 13:21:00-07:00,26.331653257050636,31.9,2.4,1104.782827109318,2094.585241278247,796.0021759699264,1667.2944098119779,1626.6938281836328,False
2021-08-22 13:22:00-07:00,26.273227044081462,32.2,4.5,857.6600684753214,1629.4159322311725,850.4164815609718,1385.6821640874246,1353.7250020851893,False
2021-08-22 13:23:00-07:00,26.21410651214729,32.3,2.7,1095.4287182429014,2076.538681904465,798.686361685805,1658.5031247501147,1618.1631954922295,False
2021-08-22 13:24:00-07:00,26.154293785001396,32.2,2.6,923.160249336404,1754.0712552195216,826.4231487902825,1449.6050899410404,1416.0646991561616,False
2021-08-22 13:25:00-07:00,26.093791003649308,32.1,3.0,1060.0280323468005,2010.2911092479878,808.2625136949819,1624.842945219452,1585.5118946060932,False
2021-08-22 13:26:00-07:00,26.032600326161827,32.0,1.7,1089.8688142404167,2066.838228817174,791.2062218071861,1635.2952661090924,1596.0280058623398,False
2021-08-22 13:27:00-07:00,25.970723926905674,32.3,3.4,1092.3658247459166,2070.9328891881464,805.4693011312663,1668.0728669441303,1627.1851814334455,False
2021-08-22 13:28:00-07:00,25.908163996941948,32.7,3.4,1046.7088246731846,1985.6072851485194,810.8398659834381,1610.009544985564,1571.162087972004,False
2021-08-22 13:29:00-07:00,25.84492274324419,32.3,2.7,505.23706405618066,961.8938575270581,887.2920287329223,853.48075227092,835.5798627334616,False
2021-08-22 13:30:00-07:00,25.78100238852329,32.0,2.1,405.35620529202606,771.5613644518162,897.5611599790344,692.5235132723788,677.8233788115211,False
2021-08-22 13:31:00-07:00,25.716405171042297,31.9,1.3,841.5231907766126,1600.7255543159044,830.7704094941431,1329.835424246763,1300.1196596252043,False
2021-08-22 13:32:00-07:00,25.651133299831365,32.0,1.4,1126.8016896209049,2136.109372614323,781.4277488218229,1669.2151382792072,1628.9384171457148,False
2021-08-22 13:33:00-07:00,25.585189130641872,32.1,2.7,950.0954612690947,1804.835956087512,823.3147870599655,1485.9481308643592,1451.2349347390991,False
2021-08-22 13:34:00-07:00,25.518574902536507,32.1,3.3,970.6364917895762,1842.623107790554,825.1695470417051,1520.4764752241103,1484.507483194705,False
2021-08-22 13:35:00-07:00,25.451292912353406,32.6,3.5,680.4446059053266,1294.5387225168472,867.2910309045766,1122.74182319753,1098.4248656455038,False
2021-08-22 13:36:00-07:00,25.38334547095456,32.6,3.7,685.0968788291375,1303.4157126440177,867.6987831917232,1130.9722278541872,1106.4182684910513,False
2021-08-22 13:37:00-07:00,25.314734902455502,32.3,3.3,259.6633100694977,493.8893810409765,909.067053977222,448.9785646135542,438.20661565397586,False
2021-08-22 13:38:00-07:00,25.245463544657568,32.0,3.5,253.334266224656,481.6423982788347,911.4216841262423,438.9793257858979,428.3246766229819,False
2021-08-22 13:39:00-07:00,25.175533748251762,31.8,1.7,238.62376731854658,453.79890862289534,908.4264305219239,412.24292273504153,401.9840551587173,False
2021-08-22 13:40:00-07:00,25.104947876659246,31.8,1.4,226.2948636170084,430.2746758069667,907.9791925191466,390.6804527006472,380.7099351112775,False
2021-08-22 13:41:00-07:00,25.033708305838573,31.8,1.3,601.6114580001323,1145.6272532494265,869.6064623599246,996.2448628813513,975.2337945185053,False
2021-08-22 13:42:00-07:00,24.961817423484934,32.0,1.6,1129.2567615121243,2140.3114069511016,783.2256492859791,1676.3467913834638,1635.750768841661,False
2021-08-22 13:43:00-07:00,24.889277629519523,32.2,1.6,1068.201072830437,2026.3636138420477,793.0425576145664,1606.9925829783929,1568.723486967013,False
2021-08-22 13:44:00-07:00,24.816091285962827,32.1,2.2,479.44646575141473,912.8906475194914,889.1092477841352,811.659516925227,794.6508409412947,False
2021-08-22 13:45:00-07:00,24.742260913542758,32.1,2.5,878.6484808439075,1670.2686414296547,833.2540248990514,1391.7580681339302,1359.9920086017244,False
2021-08-22 13:46:00-07:00,24.667788897046538,32.1,3.1,468.775076573554,892.297746407871,894.2224336294993,797.9126623149643,781.1244865020097,False
2021-08-22 13:47:00-07:00,24.59267768037135,32.1,2.4,730.0877635627783,1389.2173083034425,855.7753808376095,1188.8579710795773,1162.8876991165362,False
2021-08-22 13:48:00-07:00,24.516929718202352,32.4,3.0,1120.431383077911,2123.4881252214136,796.7164086427413,1691.8178329219127,1650.259476733733,False
2021-08-22 13:49:00-07:00,24.440547475171087,32.5,2.6,1069.6210475711587,2028.5228076413118,801.0281178615922,1624.9038066442329,1585.7622278887493,False
2021-08-22 13:50:00-07:00,24.363533425703615,32.6,2.0,1029.706569806385,1954.385505008483,801.5558462087295,1566.5491272851498,1529.5298882115637,False
2021-08-22 13:51:00-07:00,24.28589005389247,32.5,2.6,857.122997214236,1629.8093179471848,835.3951391845102,1361.5347820107002,1330.7048682832612,False
2021-08-22 13:52:00-07:00,24.20761985262274,32.4,2.1,1101.652480436449,2088.8900047584925,791.1388524428423,1652.6020412439575,1612.688634589168,False
2021-08-22 13:53:00-07:00,24.128725324168713,32.4,3.2,837.0195393291938,1591.3482022041635,843.48818710345,1342.2834101275241,1311.8922037964703,False
2021-08-22 13:54:00-07:00,24.049208979333546,32.3,3.9,586.8232707529711,1116.5615856231555,883.1067267126101,986.0430470527065,965.0585218303545,False
2021-08-22 13:55:00-07:00,23.969073283368793,32.2,3.1,633.6868076766389,1205.8911408879549,873.4152571791411,1053.2437209487011,1030.696579120198,False
2021-08-22 13:56:00-07:00,23.888320871222785,32.3,3.3,297.42881934148005,565.7219492338795,908.0517062181722,513.7047812468944,501.9816578351356,False
2021-08-22 13:57:00-07:00,23.806954224232953,32.2,2.7,254.97642664904924,484.9570498963124,908.358813374121,440.51501038122876,429.86943954276535,False
2021-08-22 13:58:00-07:00,23.72497588529758,32.2,2.7,271.49150705774076,516.3965250922004,907.9679122221612,468.87147476674414,457.8245374965956,False
2021-08-22 13:59:00-07:00,23.642388404458202,32.2,3.2,261.8229993776439,497.9114448254664,909.471240194449,452.8361392324269,442.00521681515096,False
2021-08-22 14:00:00-07:00,23.559194338819506,32.1,2.5,245.07320228490656,465.9767802456054,908.806167580104,423.48257183632495,413.0679957679943,False
2021-08-22 14:01:00-07:00,23.47539625225198,32.0,3.9,332.9796990123865,633.3936271587548,909.2756541216272,575.9294046512468,563.1847012677806,False
2021-08-22 14:02:00-07:00,23.390996715296474,31.9,3.3,319.5993021542277,607.921734151743,908.948284182936,552.5694171747417,540.2164991910673,False
2021-08-22 14:03:00-07:00,23.305998304276514,31.9,3.0,349.66548265062454,665.1776128228005,906.1923480106128,602.7788628079878,589.61078549579,False
2021-08-22 14:04:00-07:00,23.220403601987456,31.9,3.3,793.7737138938919,1509.2716266800278,853.2516436093731,1287.7884961177258,1258.9024384062682,False
2021-08-22 14:05:00-07:00,23.13421519679119,32.1,3.1,876.3647379739762,1665.1724053329656,838.4282245865068,1396.1275434337615,1364.0990779752408,False
2021-08-22 14:06:00-07:00,23.04743562433495,32.3,3.4,876.0580347883403,1664.662014725382,839.6027576519506,1397.6548181218827,1365.5489237750178,False
2021-08-22 14:07:00-07:00,22.96006759976823,32.5,3.4,1091.4539980216882,2068.943429594205,804.7551592181287,1664.9928990963856,1624.2420573921158,False
2021-08-22 14:08:00-07:00,22.872113669342973,32.5,3.9,1160.0454083358738,2196.6782402733793,798.2428020399497,1753.482593696008,1709.4662078725166,False
2021-08-22 14:09:00-07:00,22.783576441877273,32.7,3.3,1109.254745291305,2102.2122591186885,799.9933889936642,1681.7559095563868,1640.4941903796637,False
2021-08-22 14:10:00-07:00,22.69445853069035,32.7,2.8,744.7925868810028,1417.3860214929286,852.9906715925158,1209.0170543790975,1182.5142892384758,False
2021-08-22 14:11:00-07:00,22.60476255335684,32.6,3.2,626.7519629575513,1192.6395542322568,872.9810511172664,1041.1517316577035,1018.9300124081517,False
2021-08-22 14:12:00-07:00,22.514491131637648,32.6,3.4,235.33879717763057,447.55788914523913,907.9671072898016,406.36784195193246,396.19176942541196,False
2021-08-22 14:13:00-07:00,22.423646890554377,32.5,2.9,438.7256735556666,835.0146580234139,894.762792219581,747.1400469573083,731.4005088949359,False
2021-08-22 14:14:00-07:00,22.332232459205365,32.4,2.9,279.3864338511558,531.5106349718812,907.0565362472973,482.1101955361962,470.87781478105137,False
2021-08-22 14:15:00-07:00,22.240250469814786,32.4,2.3,315.4133929775739,600.2076902051724,903.6547679515978,542.3805410151197,530.2526084301874,False
2021-08-22 14:16:00-07:00,22.14770355770315,32.4,3.1,661.7072225386191,1259.4171915007175,868.3796442443338,1093.652252710591,1070.1141375531681,False
2021-08-22 14:17:00-07:00,22.054594298595834,32.5,2.7,268.85990837225546,511.4311380166577,906.4853626788477,463.6048406302858,452.6496745062291,False
2021-08-22 14:18:00-07:00,21.96092545784725,32.5,3.1,756.0965814108149,1438.5358234984183,854.3158744804574,1228.963990023516,1201.844296327945,False
2021-08-22 14:19:00-07:00,21.86669961661322,32.4,3.2,1135.4225073996756,2151.47452917329,796.08688386074,1712.760653635318,1670.4087031873678,False
2021-08-22 14:20:00-07:00,21.771919420325844,32.7,1.8,1044.3622163454966,1982.3277102031864,796.4756754579333,1578.8758019630613,1541.5421101407035,False
2021-08-22 14:21:00-07:00,21.676587516407125,33.1,1.9,1071.8561458596782,2033.604456606252,790.784093437134,1608.1420566270904,1569.8900366244118,False
2021-08-22 14:22:00-07:00,21.58070655423453,33.2,2.2,982.2757531600959,1865.6830961258272,808.3316344535924,1508.0906664638287,1472.9738935330156,False
2021-08-22 14:23:00-07:00,21.484279184205064,33.2,2.7,897.6702307395929,1706.6791340184175,826.1220980218477,1409.9253468454053,1377.723569265043,False
2021-08-22 14:24:00-07:00,21.38730805861031,33.1,3.4,934.7504274310483,1775.8860159502856,826.365818204258,1467.5315006082576,1433.3801622834317,False
2021-08-22 14:25:00-07:00,21.28979583071196,32.9,3.2,721.5361190855724,1372.9238828565458,858.0759881423166,1178.0730174263165,1152.3688608705727,False
2021-08-22 14:26:00-07:00,21.19174515473372,32.8,3.6,1000.5664794458107,1898.951539423642,819.3657579551465,1555.9358674199445,1518.8451424342004,False
2021-08-22 14:27:00-07:00,21.093158685822573,32.8,3.3,558.2585156876621,1062.7087467539707,881.1208093331425,936.3747910252681,916.6448977895728,False
2021-08-22 14:28:00-07:00,20.99403907914123,32.8,3.4,828.3235140244869,1575.000986243315,844.161211148404,1329.5547401070876,1299.5544221787218,False
2021-08-22 14:29:00-07:00,20.894388923762598,32.7,2.2,817.5887870797726,1555.27805022303,837.7056009431145,1302.865133695719,1273.843536112031,False
2021-08-22 14:30:00-07:00,20.79421100939959,32.7,3.1,725.7331527726561,1380.6110485238298,858.0172663784135,1184.5881177862516,1158.6970935820887,False
2021-08-22 14:31:00-07:00,20.693507925457965,32.7,3.2,757.0713925255973,1440.1057784988616,853.9846152561794,1229.828179179551,1202.6894920361449,False
2021-08-22 14:32:00-07:00,20.592282327980328,32.7,2.5,1033.1067486518907,1960.5816131107833,805.0925691138468,1578.4496878567306,1540.9093575636075,False
2021-08-22 14:33:00-07:00,20.49053687205855,32.7,2.6,1005.8740248895726,1909.351255473285,810.5607617052126,1547.64520799923,1511.0753022726788,False
2021-08-22 14:34:00-07:00,20.388274212808035,32.9,3.4,820.8389735810484,1560.8847074914884,844.7799418254074,1318.6040923908274,1288.9367038552393,False
2021-08-22 14:35:00-07:00,20.285497004407553,32.9,3.1,961.8873282446984,1827.1069318421987,820.680249683392,1499.470573022512,1464.3511310489691,False
2021-08-22 14:36:00-07:00,20.182207900130738,32.9,1.8,1023.6502357427642,1943.7852805963182,798.9743390615004,1553.0345598419165,1516.5655353465606,False
2021-08-22 14:37:00-07:00,20.07840955236964,33.0,1.5,1019.573190177671,1936.0451746695098,796.4174302652406,1541.9001228877096,1505.891592762868,False
2021-08-22 14:38:00-07:00,19.974104611687018,33.0,2.0,1029.2774406248045,1954.0296875181277,799.4959141966578,1562.2387513897152,1525.42707833682,False
2021-08-22 14:39:00-07:00,19.869295727827527,33.0,2.7,1035.4647092141852,1965.360994649062,804.8597529186925,1581.8399645492796,1544.182431459394,False
2021-08-22 14:40:00-07:00,19.76398547797071,33.2,3.2,1040.0405672482443,1973.6039040444005,807.591497809624,1593.8657329501389,1555.6982220021262,False
2021-08-22 14:41:00-07:00,19.658176649595266,33.1,1.7,1045.2745599039029,1983.5851564928503,793.5922558274212,1574.1578189669497,1537.0687221048593,False
2021-08-22 14:42:00-07:00,19.55187181680377,33.3,2.3,1057.0122384267006,2005.6725872255356,796.2019034725162,1596.9203316916173,1558.9375494193641,False
2021-08-22 14:43:00-07:00,19.44507362150487,33.4,2.0,1061.530573778114,2014.6798261500176,791.9106551044296,1595.4464209521389,1557.6292531730799,False
2021-08-22 14:44:00-07:00,19.33778470402793,33.6,1.0,1062.0426094593483,2016.1323289994443,780.7616231528378,1574.1187496805173,1537.3609863764148,False
2021-08-22 14:45:00-07:00,19.23000770214636,33.7,1.7,1070.6836274030848,2031.7939695319455,785.9610225417041,1596.9108658873959,1559.1954237821722,False
2021-08-22 14:46:00-07:00,19.121745251155037,33.7,2.3,263.92119511253225,502.3693357604976,899.1499620064046,451.7053691622342,440.9950906483331,False
2021-08-22 14:47:00-07:00,19.01299998392499,33.4,2.6,557.0891701977349,1060.924016592259,874.7403607141546,928.0330569642224,908.6063501819104,False
2021-08-22 14:48:00-07:00,18.90377452996263,33.2,1.9,834.9266481592039,1588.387622322301,830.1015475966308,1318.523023473075,1289.1773976886006,False
2021-08-22 14:49:00-07:00,18.79407151645063,33.3,2.7,1077.9341507568117,2044.6415972827467,796.4310524126706,1628.416059130622,1589.2658101202005,False
2021-08-22 14:50:00-07:00,18.683893567361128,33.4,2.8,1069.5488847866752,2028.730291878363,798.336086037567,1619.6086008440234,1580.7348706532289,False
2021-08-22 14:51:00-07:00,18.57324322911914,33.3,1.5,1048.6414253836458,1990.4244391895602,789.8781679302238,1572.192809430593,1535.2698620588897,False
2021-08-22 14:52:00-07:00,18.462123267820044,33.3,2.3,1072.6457825196692,2035.0440779396897,793.4999989753588,1614.8074737599536,1576.238833399634,False
2021-08-22 14:53:00-07:00,18.350536223078365,33.3,3.2,897.4115658432937,1705.6692883753683,829.6587872937758,1415.1235133177456,1382.6670841057917,False
2021-08-22 14:54:00-07:00,18.238484705604982,33.1,4.5,584.9228727177489,1112.9715518660157,882.0926637521707,981.7440408658812,960.8844927169669,False
2021-08-22 14:55:00-07:00,18.125971322249576,32.9,4.2,187.84622956292287,357.0404892387843,906.4242319311734,323.63015122659544,314.4937838582179,False
2021-08-22 14:56:00-07:00,18.01299867607107,32.7,3.9,215.0665208763109,408.93927587938305,908.069829245619,371.34541841961845,361.62043918878845,False
2021-08-22 14:57:00-07:00,17.89956936643477,32.7,3.5,1028.5604115558447,1951.8928512621887,814.4440880782026,1589.707593272596,1551.5146251094586,False
2021-08-22 14:58:00-07:00,17.785685988053714,32.7,3.2,1083.6638430915616,2055.04132651539,803.0287001077679,1650.257165099397,1610.1118589444472,False
2021-08-22 14:59:00-07:00,17.671351132142842,32.8,2.3,1076.9971798150411,2042.4388976115238,795.4865193464607,1624.7326096388133,1585.7442954343705,False
2021-08-22 15:00:00-07:00,17.556567385485028,33.1,2.3,915.961321318805,1740.84098709834,820.6820904305827,1428.6770203991048,1395.977502488288,False
2021-08-22 15:01:00-07:00,17.441337330507633,33.2,2.6,1077.6240813575823,2043.9080672372852,796.1116865529657,1627.1790985674875,1588.0833311649878,False
2021-08-22 15:02:00-07:00,17.325663467704434,33.3,2.4,1088.0571220461518,2063.6973168653512,791.8858692082861,1634.2127435487264,1594.9676839679737,False
2021-08-22 15:03:00-07:00,17.209548525223553,33.3,2.8,1101.701656576127,2088.852430118601,793.4658017670641,1657.4329682371365,1617.2746783528914,False
2021-08-22 15:04:00-07:00,17.092994994669798,33.5,3.3,1072.187141890922,2033.3605376743637,801.9622988523487,1630.6784911889804,1591.296878043765,False
2021-08-22 15:05:00-07:00,16.976005440109628,33.5,3.2,1118.9519536788528,2120.90084291245,793.3815792764186,1682.683660238567,1641.5677783405256,False
2021-08-22 15:06:00-07:00,16.858582420783677,33.3,3.3,967.8265902429184,1837.9168421063587,819.5273415144859,1506.2231035361235,1470.8957920102016,False
2021-08-22 15:07:00-07:00,16.74072849123349,33.2,3.1,943.8199430462888,1792.8190369223146,822.2296891234273,1474.1090393831971,1439.8311137490132,False
2021-08-22 15:08:00-07:00,16.62244620032728,33.1,3.4,285.7517108313367,543.6823775769245,904.4792598601869,491.74943446980336,480.4001832435601,False
2021-08-22 15:09:00-07:00,16.503738092504395,33.0,3.1,241.9769900650628,460.33823296548763,905.1229676279565,416.66270753433184,406.3764777517974,False
2021-08-22 15:10:00-07:00,16.384606706799204,33.0,3.1,599.3043187427828,1141.0861903214902,873.7202231998127,996.9900808979165,975.8898414492154,False
2021-08-22 15:11:00-07:00,16.265054577007838,33.0,2.5,929.775523019574,1766.8817403453538,820.5024093363645,1449.7307249657918,1416.3266405434333,False
2021-08-22 15:12:00-07:00,16.145084231793295,33.2,3.7,1183.4803923196341,2240.4867053296607,789.1625262978988,1768.1081485148113,1723.7691066663251,False
2021-08-22 15:13:00-07:00,16.02469819374561,33.4,4.5,1195.1889905742644,2262.149403337499,793.6275318413329,1795.304047627083,1749.739640558015,False
2021-08-22 15:14:00-07:00,15.90389889949696,33.3,4.4,1185.9886648073482,2245.0384603572625,794.6713841583584,1784.0678207808555,1738.9279496044626,False
2021-08-22 15:15:00-07:00,15.782689023047556,33.4,4.8,1197.4570190739803,2265.4221227198677,796.2332789659329,1803.8044850152041,1757.8175104145307,False
2021-08-22 15:16:00-07:00,15.661070989896304,33.4,4.7,864.4815173560992,1642.8459644561212,844.6021085980905,1387.5511656815036,1355.6646945570137,False
2021-08-22 15:17:00-07:00,15.539047300941172,33.2,4.4,383.20187223537613,729.3378927545574,901.0662998358658,657.1817963544365,643.1015314012465,False
2021-08-22 15:18:00-07:00,15.416620450641453,33.1,3.6,258.97591480129455,492.72935702346257,905.4859841239925,446.159526751172,435.4635077947742,False
2021-08-22 15:19:00-07:00,15.293792928312074,33.1,3.1,209.01438606901965,397.4892850822858,904.3478075090226,359.46856347249394,349.92471779430844,False
2021-08-22 15:20:00-07:00,15.170567217158593,33.0,3.7,205.0353536469932,389.8807273522053,905.7968258607415,353.1527252999048,343.6728031518346,False
2021-08-22 15:21:00-07:00,15.046945794455556,32.9,3.9,232.29929858766963,441.7011761418591,907.5364933104584,400.8599364868879,390.76076791383986,False
2021-08-22 15:22:00-07:00,14.922931131691755,32.8,3.1,289.82085618986264,551.4688219107153,905.0371236218623,499.0997563492108,487.6334986004688,False
2021-08-22 15:23:00-07:00,14.798525693642212,32.7,3.1,277.45245994648855,527.8667761822377,906.0415274682581,478.26922019189976,467.1043514897427,False
2021-08-22 15:24:00-07:00,14.673731939637499,32.7,3.6,219.01543358056568,416.4393867263442,907.6948960734777,377.9999058554718,368.19448740356444,False
2021-08-22 15:25:00-07:00,14.54855223856976,32.5,3.1,227.04254681263544,431.7684832802474,907.8079352187207,391.96285529916014,381.97733305834686,False
2021-08-22 15:26:00-07:00,14.42298920508668,32.5,2.8,709.421404940158,1349.8814644247684,859.4492627131324,1160.1546293499907,1134.936373168261,False
2021-08-22 15:27:00-07:00,14.29704519612599,32.6,2.4,639.1758813530402,1216.8394368077782,866.5827473355216,1054.4920622150933,1032.0343503462,False
2021-08-22 15:28:00-07:00,14.170722645438467,32.8,2.7,230.61059544160923,438.6356789682316,905.4169187890001,397.1481649223373,387.11778382990184,False
2021-08-22 15:29:00-07:00,14.044023981144294,32.7,3.5,201.32295416120624,382.6983959269101,907.0724262725635,347.1351625240405,337.7164960052231,False
2021-08-22 15:30:00-07:00,13.916951624755129,32.6,3.3,192.4988641425532,365.9758909429602,906.632982669696,331.80581359081543,322.57275847836377,False
2021-08-22 15:31:00-07:00,13.789507991380889,32.5,3.8,188.02676866516057,357.4336389116783,907.7131533718785,324.4472154977049,315.2902834570284,False
2021-08-22 15:32:00-07:00,13.661695489910187,32.4,3.6,187.19180661391871,355.74181062547217,908.1167066311187,323.0550814761949,313.9107234521745,False
2021-08-22 15:33:00-07:00,13.533516521794747,32.4,3.6,294.7422360571538,560.5589971855163,908.4656261937598,509.24858039668607,497.58999776046363,False
2021-08-22 15:34:00-07:00,13.404973483407561,32.5,3.5,1044.2671161558847,1981.2444161165363,812.9523471916596,1610.6572984423071,1571.7303410509028,False
2021-08-22 15:35:00-07:00,13.27606876362039,32.8,2.8,1215.6839716172483,2299.93044107911,777.0923242762575,1787.258292131884,1742.5021361897375,False
2021-08-22 15:36:00-07:00,13.146804658160226,33.1,3.0,1218.759556657721,2305.650425603396,777.1418055539622,1791.8173347296845,1746.8764146041271,False
2021-08-22 15:37:00-07:00,13.01718371657789,33.1,3.4,1223.7326609587583,2314.4227097589983,780.4635598925443,1806.322587154657,1760.6976091920235,False
2021-08-22 15:38:00-07:00,12.88720822111519,33.0,4.6,1241.3342617994526,2347.0061012065394,789.5239133240968,1853.0174416201182,1805.1995134549368,False
2021-08-22 15:39:00-07:00,12.75688053468041,33.0,3.7,1247.1131052849105,2357.8702406000752,780.0220732776259,1839.1908335924852,1792.233180100213,False
2021-08-22 15:40:00-07:00,12.626203013244666,33.1,4.4,1240.4485870961607,2345.049635545446,787.4435277112993,1846.594157672003,1799.1065357225075,False
2021-08-22 15:41:00-07:00,12.495178006092177,33.1,3.7,1220.4851053618515,2308.8423701566335,783.7688591189685,1809.5987503431995,1763.7429793147994,False
2021-08-22 15:42:00-07:00,12.3638078560362,33.3,3.8,1198.0953217156548,2267.539437259237,787.2841400842913,1785.1978359698558,1740.227463152935,False
2021-08-22 15:43:00-07:00,12.232094898435836,33.3,3.9,1182.156959216177,2237.748616105859,790.8346837083254,1769.6892190368198,1725.238685714373,False
2021-08-22 15:44:00-07:00,12.100041462632088,33.3,3.7,1163.9811095065256,2204.231975425626,791.8207356114673,1745.3565842398368,1701.8458523169056,False
2021-08-22 15:45:00-07:00,11.96764987095794,33.2,4.0,1148.375013739429,2175.330137085745,797.4448874130566,1734.705896254571,1691.4560356969005,False
2021-08-22 15:46:00-07:00,11.834922438985497,33.4,3.0,1135.655853166007,2151.6623659725733,789.3968386035812,1698.5154694410508,1656.9014427715306,False
2021-08-22 15:47:00-07:00,11.701861386404795,33.6,3.1,1123.5515862618986,2129.3320642701897,791.2728424951853,1684.8826351112139,1643.7404901395348,False
2021-08-22 15:48:00-07:00,11.568469193175886,33.6,3.6,1111.9367920072307,2107.476233639585,797.7509817802503,1681.241234464523,1640.0607337969743,False
2021-08-22 15:49:00-07:00,11.43474806562178,33.5,4.0,1105.7073838972954,2095.5197785659752,802.8157208700032,1682.3162216267933,1640.9555862018224,False
2021-08-22 15:50:00-07:00,11.300700292134902,33.4,3.2,1101.6387954379072,2088.2450948617025,796.8327546744113,1663.9820913739777,1623.4847191398687,False
2021-08-22 15:51:00-07:00,11.166328154301437,33.7,2.9,1095.426593937685,2076.9017373191828,793.569531057469,1648.1659377368267,1608.3538436502533,False
2021-08-22 15:52:00-07:00,11.031633927134719,33.6,3.7,1091.343758923888,2069.2109692190766,801.8409380516196,1659.178064585325,1618.7272194711315,False
2021-08-22 15:53:00-07:00,10.896619878102472,33.7,3.9,1089.1831993209225,2065.0237417629146,803.4566226248478,1659.1570011969575,1618.6632415198233,False
2021-08-22 15:54:00-07:00,10.761288268581001,33.7,2.9,1085.1385353483654,2058.2972217005286,795.0351439473374,1636.4186279410847,1597.0072653301715,False
2021-08-22 15:55:00-07:00,10.625641352913123,33.7,3.2,1080.3227139151277,2048.9839951598688,798.6310778634579,1636.3822965794998,1596.8762951908977,False
2021-08-22 15:56:00-07:00,10.489681378609037,33.7,4.0,1073.556521092282,2035.4323160757765,806.8934904922878,1642.3770861791852,1602.4251760184104,False
2021-08-22 15:57:00-07:00,10.353410586635071,33.5,4.2,1064.5380366590744,2018.7225696259966,810.8351408228456,1636.8511990249513,1597.0018645470484,False
2021-08-22 15:58:00-07:00,10.21683121038964,33.3,3.9,1055.7107187817012,2002.4023293597106,810.6665983532603,1623.2806848766816,1583.9442645785357,False
2021-08-22 15:59:00-07:00,10.079945385336991,33.4,4.5,1048.8826508353009,1989.1847387552416,816.1855970897772,1623.5439337228195,1584.0515761956449,False
2021-08-22 16:00:00-07:00,9.942755515400963,33.6,2.8,1047.906656422129,1988.3217228763529,800.9031686642418,1592.4531681756157,1554.5112478317967,False
2021-08-22 16:01:00-07:00,9.805263722425888,33.6,4.4,1047.0128729078547,1985.8001533209158,814.6735441359947,1617.7788488517522,1578.5417526458382,False
2021-08-22 16:02:00-07:00,9.667472213453735,33.4,4.4,1045.888775113929,1983.9602781712977,815.7073508132996,1618.3309826259263,1579.0460214246116,False
2021-08-22 16:03:00-07:00,9.529383187984234,33.4,3.5,1044.1713072405212,1981.0457525229183,808.6003695744593,1601.8743276339444,1563.3861386073831,False
2021-08-22 16:04:00-07:00,9.390998839552143,33.4,4.1,1045.9822202904786,1984.2697231695965,813.2744323171253,1613.755832674813,1574.7053452774592,False
2021-08-22 16:05:00-07:00,9.252321354693608,33.3,3.6,1048.029320846691,1987.9290682046872,809.4442546080828,1609.1177628266837,1570.3399713151446,False
2021-08-22 16:06:00-07:00,9.113352913250315,33.5,3.2,1045.853440345377,1984.3846448486672,805.2363390455852,1597.8986266762142,1559.6444794712324,False
2021-08-22 16:07:00-07:00,8.974095688594671,33.5,3.1,1043.7120118635903,1980.5002465447203,804.6754689521939,1593.6599646483082,1555.5758308466418,False
2021-08-22 16:08:00-07:00,8.834551846661352,33.5,3.8,1045.3104216105746,1983.0609000821282,810.4547822680821,1607.1811900004084,1568.4485428682553,False
2021-08-22 16:09:00-07:00,8.694723547487243,33.4,4.2,1045.1306993978096,1982.4604459427014,814.2874267804608,1614.292615220727,1575.1955049625622,False
2021-08-22 16:10:00-07:00,8.554612850168676,33.4,3.9,1039.6537302496497,1972.4133250999034,812.6569602304394,1602.895417093701,1564.2635205071679,False
2021-08-22 16:11:00-07:00,8.414222089125197,33.4,4.7,1039.8245821834043,1972.2873598142908,819.0571780565928,1615.4161192461809,1576.1515642158843,False
2021-08-22 16:12:00-07:00,8.273553310673654,33.3,4.9,1046.3058098032025,1983.7618254488586,820.3543536997568,1627.3876502103485,1587.6407151032588,False
2021-08-22 16:13:00-07:00,8.132608647616458,33.3,3.9,1066.656848361574,2022.7296671168806,809.01390529934,1636.4164273590616,1596.6320385384793,False
2021-08-22 16:14:00-07:00,7.991390227004073,33.4,3.3,1099.3740897568723,2084.6237376526824,797.8656261368229,1663.2496237019418,1622.752020057047,False
2021-08-22 16:15:00-07:00,7.849900169071335,33.5,4.1,1114.785583306137,2112.75021817206,802.1307652888712,1694.7019493665841,1652.8828042403206,False
2021-08-22 16:16:00-07:00,7.708140587570808,33.4,3.5,1128.5728775926002,2138.5172964512544,795.1482239788893,1700.438230221351,1658.5905631001433,False
2021-08-22 16:17:00-07:00,7.566113590030253,33.5,3.1,1147.8228545508396,2174.9053998579348,787.6271397023082,1713.01451921321,1670.889036367482,False
2021-08-22 16:18:00-07:00,7.423821276741101,33.6,3.6,1157.4067531214298,2192.478692833052,790.3302096368625,1732.7821449311,1689.8091247718148,False
2021-08-22 16:19:00-07:00,7.2812657423421205,33.5,3.7,1150.6905437941698,2179.4478312180927,793.0032127159994,1728.309132102865,1685.4361599494405,False
2021-08-22 16:20:00-07:00,7.138449074856832,33.4,4.8,1153.9616194027417,2185.2279940557464,802.6561529360863,1753.9866949970265,1709.8240133136665,False
2021-08-22 16:21:00-07:00,6.995373259885737,33.3,3.6,1160.4009438990397,2197.121479853823,791.6419896785275,1739.3336198769114,1696.0657440829755,False
2021-08-22 16:22:00-07:00,6.852040564900525,33.4,3.3,1151.9953475845302,2181.9592420572876,789.5673419159538,1722.803758920122,1680.2428810883882,False
2021-08-22 16:23:00-07:00,6.7084529625216005,33.5,3.5,1146.396078380091,2171.603208422587,791.8194715606683,1719.517704932625,1677.0218399151165,False
2021-08-22 16:24:00-07:00,6.564612515765472,33.6,3.0,1149.0712744729888,2176.8882667760386,786.1057915103611,1711.264473983596,1669.2493410643801,False
2021-08-22 16:25:00-07:00,6.420521281163751,33.5,3.5,1016.1173612238235,1928.5158486962189,812.5463006483446,1567.008418599815,1529.6914713443934,False
2021-08-22 16:26:00-07:00,6.2761813090336,33.5,3.6,661.2949325790069,1258.5931475902014,865.7888840919711,1089.675956777922,1066.2934341167602,False
2021-08-22 16:27:00-07:00,6.131594643815762,33.3,4.6,466.1630662274618,887.1862973380321,894.2448739339416,793.3617986189688,776.6701668012136,False
2021-08-22 16:28:00-07:00,5.986763323021709,33.2,4.5,158.09591239682894,300.47493806151186,902.3448587508755,271.13201554329294,262.6041323779368,False
2021-08-22 16:29:00-07:00,5.841689378877543,33.0,4.7,121.88236243976817,231.47962439655097,897.6959709707235,207.79832618260016,199.91905418308227,False
2021-08-22 16:30:00-07:00,5.696374837300408,32.9,3.6,115.30526054831695,218.972716508833,895.6197656580476,196.11629304514716,188.35554193467775,False
2021-08-22 16:31:00-07:00,5.550821718195573,32.7,3.5,118.76914866928873,225.52978401699386,897.4752176066434,202.40739198743083,194.57786299798403,False
2021-08-22 16:32:00-07:00,5.405031937941159,32.6,3.0,126.00327670528586,239.31247712970668,898.9084532226201,215.12000865353826,207.16538126255844,False
2021-08-22 16:33:00-07:00,5.259007699533083,32.5,3.3,119.1894020056421,226.34214738867283,898.3329010860331,203.33059790170896,195.48661287764438,False
2021-08-22 16:34:00-07:00,5.112750907681581,32.5,4.5,110.52445320715857,209.88029414192147,897.2421604405394,188.31344854979352,180.60850576744264,False
2021-08-22 16:35:00-07:00,4.966263558671986,32.5,3.5,189.70766920362212,360.5610903641784,907.5411923877488,327.2240418777333,318.0364512125725,False
2021-08-22 16:36:00-07:00,4.819547642999766,32.5,4.0,100.25663903371964,190.3204991249684,893.9971848772583,170.14599044215646,162.61580443504175,False
2021-08-22 16:37:00-07:00,4.672605145659004,32.4,4.3,95.08278666310511,180.4399141987437,893.2529062956456,161.17847776976473,153.7256631374538,False
2021-08-22 16:38:00-07:00,4.525438045110185,32.4,3.2,93.11585795243377,176.7043812911734,891.7028219903538,157.5677954553988,150.15411873367492,False
2021-08-22 16:39:00-07:00,4.378048314983445,32.3,3.3,94.53037666755378,179.39033873430753,892.7950724122692,160.1588104603576,152.71722556959568,False
2021-08-22 16:40:00-07:00,4.230437922996311,32.3,3.1,92.74887300940058,176.01850072773374,891.9475100832835,156.99926345269475,149.58839290899124,False
2021-08-22 16:41:00-07:00,4.0826088312954925,32.3,2.9,87.79804331152162,166.60950262862718,889.976933878031,148.27861430436934,140.94866118354417,False
2021-08-22 16:42:00-07:00,3.9345629964990665,32.2,3.0,78.11239715686264,148.16400074958676,886.748018428224,131.38413406709395,124.20151530810598,False
2021-08-22 16:43:00-07:00,3.7863023700061635,32.1,2.9,69.48810514343636,131.79639660747603,882.8041668347387,116.35040809888363,109.29968996612271,False
2021-08-22 16:44:00-07:00,3.637828797345164,32.1,2.7,64.57212716586683,122.4254513652608,880.1205049980999,107.74915008021364,100.77387618014046,False
2021-08-22 16:45:00-07:00,3.4891444182199836,32.0,3.1,62.524560786581084,118.55176381009491,879.5027750388609,104.26660525673009,97.31837649813697,False
2021-08-22 16:46:00-07:00,3.3402510681244744,31.9,2.5,60.45893171058982,114.6352485326802,878.3200877979464,100.68644155596307,93.76909499401337,False
2021-08-22 16:47:00-07:00,3.1911506767465676,31.9,2.7,56.381899244174775,106.85813507373756,875.9197869809498,93.59915491096976,86.74224820327717,False
2021-08-22 16:48:00-07:00,3.0418451688127033,31.8,2.1,53.90856319192417,102.16648878993861,874.282285902281,89.32235136187731,82.50238235523939,False
2021-08-22 16:49:00-07:00,2.89233646303838,31.8,1.7,53.37342885130635,101.14840398040361,873.6880747000262,88.3721543326193,81.56171676905993,False
2021-08-22 16:50:00-07:00,2.74262647383539,31.7,1.9,53.46178725497565,101.32310304813336,874.3219840250669,88.58901648462027,81.77338413867564,False
2021-08-22 16:51:00-07:00,2.5927171102513142,31.7,2.0,54.57334145209286,103.43360776334353,875.2071851551582,90.52583670099864,83.69270286461507,False
2021-08-22 16:52:00-07:00,2.4426102763099498,31.7,1.7,56.3031503788505,106.71468262009749,876.3256576280859,93.5168144256294,86.65794838468425,False
2021-08-22 16:53:00-07:00,2.292307871329967,31.7,1.9,58.175798229233486,110.26925795349068,877.7437414517076,96.78815104320037,89.89964737928199,False
2021-08-22 16:54:00-07:00,2.1418117888877597,31.7,1.9,61.80424408304705,117.15185753961441,880.1628313098724,103.11271062527787,96.16799980088655,False
2021-08-22 16:55:00-07:00,1.9911238173896435,31.7,1.9,66.30172333379178,125.72631970504105,882.601649148524,110.9662571130438,103.9536943313158,False
2021-08-22 16:56:00-07:00,1.840246043375363,31.7,1.8,72.01278076215094,136.54938206110566,885.7499360430188,120.94860642733808,113.84703672967431,False
2021-08-22 16:57:00-07:00,1.6891802455392249,31.7,1.9,77.2680722358426,146.5586058007418,888.1654340088994,130.16828772875502,122.98526326262595,False
2021-08-22 16:58:00-07:00,1.5379282991434091,31.7,1.8,81.82953355970652,155.2292000599304,890.0416546493116,138.16045407122948,130.90642690646683,False
2021-08-22 16:59:00-07:00,1.3864920739387705,31.7,1.8,85.50641509607307,162.24872816160868,891.3296979816538,144.6171098701941,137.30602490724232,False
2021-08-22 17:00:00-07:00,1.2348734359423654,31.8,1.6,87.49026365584905,165.99057733726238,891.5536697797046,147.98950837388813,140.6512078982796,False
2021-08-22 17:01:00-07:00,1.083074246341966,31.8,1.5,86.42223928005671,163.96855142384192,891.0295244510089,146.10082040010667,138.7804550428419,False
2021-08-22 17:02:00-07:00,0.9310963618759587,31.8,1.6,81.83836876564872,155.23482274736443,889.4371902877753,138.0716245792366,130.82224173262955,False
2021-08-22 17:03:00-07:00,0.7789416351146448,31.8,1.5,77.17592634756289,146.40583691131778,887.1750898687906,129.88761151911385,122.71306175019711,False
2021-08-22 17:04:00-07:00,0.6266119134188192,31.8,1.6,74.35137657068421,141.02282617046546,886.0399385204589,124.95185623006059,117.82008998965412,False
2021-08-22 17:05:00-07:00,0.47410904069814913,31.9,1.5,73.289309846054,139.00189631757263,884.9594366218109,123.01103985456245,115.90000123454571,False
2021-08-22 17:06:00-07:00,0.3214347539088545,31.9,1.6,73.38602002597703,139.18619794234652,885.0748090112826,123.19019756082892,116.0771502164239,False
2021-08-22 17:07:00-07:00,0.16859109298680108,31.9,1.4,73.96905965501702,140.32157234380992,885.0370548337991,124.18979111681341,117.06990582614573,False
2021-08-22 17:08:00-07:00,0.015579786957503002,31.9,1.5,74.60383946704377,141.52543518032417,885.4277648090805,125.31054973534683,118.1801788635242,False
2021-08-22 17:09:00-07:00,0.1375973377393777,32.0,1.6,76.95233381130241,145.9674137507431,886.2012494419619,129.35650444372035,122.1921221425708,False
2021-08-22 17:10:00-07:00,0.29093845785576505,32.0,1.5,80.56562860420661,152.86580072217205,887.5142933167833,135.67058310024274,128.45160792146578,False
2021-08-22 17:11:00-07:00,0.4444417543547276,32.0,1.5,83.94798721388771,159.26887341136276,889.0361809162691,141.59579095647467,134.32274306036658,False
2021-08-22 17:12:00-07:00,0.5981054121009711,32.0,1.5,85.43407833385089,162.14277144351237,889.3420837939253,144.20039022769546,136.9056956162261,False
2021-08-22 17:13:00-07:00,0.7519276194974942,32.0,1.3,85.20894942317868,161.71373999558435,889.093462123003,143.7786289655332,136.48877464307503,False
2021-08-22 17:14:00-07:00,0.9059065695855658,32.0,1.2,84.1151170824512,159.5808944170254,888.8832171159371,141.84877881964422,134.5748466323809,False
2021-08-22 17:15:00-07:00,1.0600404582466485,32.0,1.4,82.24282750839102,156.0399601722712,888.2057165344579,138.5955846328204,131.35042727826,False
2021-08-22 17:16:00-07:00,7.6714599495951195,32.0,1.5,85.78271834241775,162.80268326542554,889.4910452953266,144.8115289146473,137.51121781283868,False
2021-08-22 17:17:00-07:00,11.516033056954429,32.0,1.4,87.01699028377186,165.13712711957007,889.934916756159,146.96129547650585,139.64168545398675,False
2021-08-22 17:18:00-07:00,14.378008367817007,32.0,1.2,87.59609259480753,166.2298506983496,890.0183414073485,147.9476160109363,140.619917328673,False
2021-08-22 17:19:00-07:00,16.76834320803132,32.0,1.4,88.4291481043891,167.80908646412377,890.5183470890146,149.43707030454905,142.09460424467508,False
2021-08-22 17:20:00-07:00,18.867202461203764,32.0,1.3,88.6150389644089,168.15919430571554,890.5150036964292,149.74828553874283,142.403450056499,False
2021-08-22 17:21:00-07:00,20.763208114673084,32.0,1.4,87.11768933298143,165.32768199822024,889.9769265371929,147.13782229629444,139.81658514273423,False
2021-08-22 17:22:00-07:00,22.507720952335593,32.0,1.4,84.4364269691798,160.1918113993238,889.1743913565797,142.43845640130172,135.15816213924788,False
2021-08-22 17:23:00-07:00,24.133651652140617,32.0,1.5,81.18087334800013,154.0307682431824,887.7971082457759,136.74807062717264,129.51929170794,False
2021-08-22 17:24:00-07:00,25.663582927186344,32.1,1.4,77.33544240979886,146.73830503737614,885.4481588001427,129.9291620207984,122.76554224871884,False
2021-08-22 17:25:00-07:00,27.11380310892768,32.1,1.5,72.78172578590541,138.05731187043116,883.5520267516769,121.98081771100783,114.88608367394282,False
2021-08-22 17:26:00-07:00,28.496516076805772,32.1,1.4,68.99355916186293,130.87580102790503,881.4353679851549,115.35855983938336,108.32337044166785,False
2021-08-22 17:27:00-07:00,29.82114402078036,32.1,1.3,65.65379315975692,124.51199460610324,879.6560230633163,109.52772599888587,102.54342733749169,False
2021-08-22 17:28:00-07:00,31.09514040966646,32.1,1.3,63.667284211812714,120.74427982678448,878.4543068800433,106.06833264496795,99.11469912449408,False
2021-08-22 17:29:00-07:00,32.324521803053834,32.1,1.3,62.77907254645161,119.05933044633548,877.9022692154269,104.52245637010728,97.58251017681903,False
2021-08-22 17:30:00-07:00,33.514224606932736,32.1,1.1,62.39911384915915,118.33685333353282,877.5489633225753,103.84638296569736,96.9130979561483,False
2021-08-22 17:31:00-07:00,34.66836190104731,32.1,1.1,61.457350305811104,116.55006247004923,876.9505813913386,102.20864504430648,95.28983697144392,False
2021-08-22 17:32:00-07:00,35.79040106246737,32.1,1.2,60.21884297180377,114.20070308303272,876.2021083887986,100.06289682083644,93.16272015762371,False
2021-08-22 17:33:00-07:00,36.8832975981042,32.1,1.4,59.13304957824562,112.09887316873429,875.9202407358127,98.18967197217107,91.3033627051137,False
2021-08-22 17:34:00-07:00,37.94959486281038,32.1,1.5,58.38072345062111,110.67214601406185,875.46163100898,96.88921745673457,90.01410334418628,False
2021-08-22 17:35:00-07:00,38.99150011521356,32.1,1.4,57.801980478616166,109.57325948018833,875.010433065008,95.8777452301041,89.01188575122289,False
2021-08-22 17:36:00-07:00,40.010943458685404,32.1,1.4,56.74338682509427,107.56436260322062,874.2690040766644,94.0401881672589,87.19058305418923,False
2021-08-22 17:37:00-07:00,41.009624127873906,32.1,1.2,54.47493213697969,103.25741806770866,872.524407344397,90.09461750344013,83.28050561145217,False
2021-08-22 17:38:00-07:00,41.98904729445898,32.0,1.3,51.8064701912399,98.19752084537012,871.0085940162653,85.53088456740873,78.75421011160965,False
2021-08-22 17:39:00-07:00,42.95055366985883,32.0,1.9,49.1144377237909,93.0878863615628,869.0894120019741,80.90169642247722,74.1646862363032,False
2021-08-22 17:40:00-07:00,43.89534415922895,32.0,1.9,46.67380011120072,88.45126875740777,866.974688568409,76.68501118443425,69.98575568273785,False
2021-08-22 17:41:00-07:00,44.82449704778323,32.0,1.5,44.86201065185633,85.00698706023381,865.1617033075684,73.5447897180763,66.87469423347942,False
2021-08-22 17:42:00-07:00,45.73898808369186,32.0,1.9,44.160566597402116,83.67573476123044,864.661387476535,72.35117691676405,65.69096689719154,False
2021-08-22 17:43:00-07:00,46.63970149532355,31.9,1.8,44.66710243500734,84.61073811490417,865.9037774350779,73.26475774526563,66.59191064322849,False
2021-08-22 17:44:00-07:00,47.527442014077856,31.8,1.9,45.35452344646135,85.92206338335922,867.0572166682329,74.49934512756693,67.81246474889912,False
2021-08-22 17:45:00-07:00,48.40294446976152,31.7,2.3,44.81430763436126,84.90246745141408,867.1864899262322,73.62627273526795,66.94373982093236,False
2021-08-22 17:46:00-07:00,49.2668819559656,31.7,2.7,44.17471961877317,83.68883883086305,866.7309327789945,72.53570534306486,65.86222227829225,False
2021-08-22 17:47:00-07:00,50.11987279667245,31.6,2.7,44.189593099743846,83.70237611585905,867.4239415315132,72.60544500597165,65.92746918469516,False
2021-08-22 17:48:00-07:00,50.96248652713242,31.5,2.4,44.01144828114384,83.36771495854322,867.6183460077746,72.33135896277888,65.65383375602292,False
2021-08-22 17:49:00-07:00,51.79524906079587,31.4,2.5,43.640217592851506,82.66767503331913,867.7740433795262,71.73686262044805,65.06187932000469,False
2021-08-22 17:50:00-07:00,52.618647151273976,31.4,2.5,43.26658952798535,81.95780767781939,867.4113310237987,71.09113104560981,64.42203040127914,False
2021-08-22 17:51:00-07:00,53.433132832165384,31.4,2.5,42.79040868602749,81.05306991997746,866.9439391909146,70.2684677199419,63.60687295684882,False
2021-08-22 17:52:00-07:00,54.23912463394544,31.5,2.4,42.21150196045436,79.94805110576847,865.8559905850011,69.22349898552545,62.57430364203477,False
2021-08-22 17:53:00-07:00,55.037013836297334,31.5,2.2,41.623747059189725,78.83060351642102,865.1910297441494,68.20353103172509,61.56407082763584,False
2021-08-22 17:54:00-07:00,55.82716490080716,31.6,2.0,41.70590662212737,78.98129720749276,864.7257090653281,68.2971582306486,61.65988630508701,False
2021-08-22 17:55:00-07:00,56.6099183184692,31.6,1.8,41.785207267467285,79.14982111305277,864.5295080742873,68.42735591103533,61.790488972770014,False
2021-08-22 17:56:00-07:00,57.3855926550194,31.7,1.5,40.89464479003187,77.45173970425509,863.0333645237636,66.84343550518203,60.22431974390511,False
2021-08-22 17:57:00-07:00,58.15448635575112,31.6,1.6,39.70987014280649,75.20513295405759,862.3041698915475,64.8496997435321,58.24607060742182,False
2021-08-22 17:58:00-07:00,58.916879347367114,31.6,1.3,38.22635903055592,72.38463420561109,860.5835113453418,62.29302267211294,55.71363514054893,False
2021-08-22 17:59:00-07:00,59.673034469639624,31.6,1.0,36.249238649691314,68.62583058451138,858.221499396912,58.89616322159781,52.34906718271723,False
2021-08-22 18:00:00-07:00,60.42319872884354,31.5,1.1,34.07254823959563,64.49263196793528,856.0868348423202,55.21129317208034,48.69632057428473,False
2021-08-22 18:01:00-07:00,61.167604439952584,31.4,1.1,32.469075739943,61.448254871270855,854.4943965139032,52.507189463059106,46.01565323905272,False
2021-08-22 18:02:00-07:00,61.906470717321696,31.4,1.2,31.251574612080166,59.133850370494976,852.8741205952176,50.4337306321451,43.962263127764466,False
2021-08-22 18:03:00-07:00,62.64000238928024,31.3,1.6,30.41850223039591,57.55451854661493,852.2969974948875,49.053543349543716,42.59251195164189,False
2021-08-22 18:04:00-07:00,63.36839376871483,31.4,1.5,29.873451051489784,56.535955976462525,850.6786091134935,48.093928394958844,41.64698726653296,False
2021-08-22 18:05:00-07:00,64.09182736068571,31.4,1.2,29.715702893357147,56.23533056935492,850.3654574343269,47.820582603580085,41.37681189855991,False
2021-08-22 18:06:00-07:00,64.81047498335307,31.4,1.4,29.068084178680454,55.00405665793359,849.4611509037629,46.72380927302404,40.290743871111836,False
2021-08-22 18:07:00-07:00,65.5244983075894,31.4,1.5,28.024785225861123,53.02005685849993,847.891140151893,44.955236460671706,38.53996456986946,False
2021-08-22 18:08:00-07:00,66.23404932527079,31.4,1.6,27.17412672068462,51.402444807973055,846.5657256194208,43.51554798747396,37.11493504115074,False
2021-08-22 18:09:00-07:00,66.9392707565907,31.4,1.7,26.516911664971804,50.17181571835666,845.1933278790082,42.4048838927302,36.017476887353155,False
2021-08-22 18:10:00-07:00,67.64029638026811,31.4,1.9,26.05469779806143,49.29279961029762,844.4664225810585,41.62611414591303,35.24662022777499,False
2021-08-22 18:11:00-07:00,68.33725131514412,31.4,2.0,25.884619027676166,48.96939042874732,844.2007135448133,41.33999434180304,34.96339401302837,False
2021-08-22 18:12:00-07:00,69.03025223518068,31.5,1.9,25.91032832147937,49.014982037935376,843.7382243084014,41.35581390919579,34.981712972920946,False
2021-08-22 18:13:00-07:00,69.7194075250279,31.6,1.9,26.132750189705202,49.43489697586592,843.6320749549737,41.70486471093513,35.32963441479956,False
2021-08-22 18:14:00-07:00,70.40481784117021,31.6,1.7,26.25487142722254,49.6668869862964,843.7903823269361,41.908441559155754,35.531323241999246,False
2021-08-22 18:15:00-07:00,71.08657430565465,31.6,1.8,25.883302452336782,48.96023500602459,843.1857144913103,41.282570735217305,34.91190938306659,False
2021-08-22 18:16:00-07:00,71.7647612446443,31.5,1.7,25.411173853665897,48.06514766768253,842.833688862233,40.510925714460825,34.14601379537112,False
2021-08-22 18:17:00-07:00,72.43945425806685,31.4,2.3,24.738566803955905,46.78960500177622,842.2644917529834,39.40922287614391,33.0528581557401,False
2021-08-22 18:18:00-07:00,73.11072052405812,31.5,2.1,23.86619080077513,45.137507042105966,839.9475566860735,37.91313875491734,31.576869313811684,False
2021-08-22 18:19:00-07:00,73.77861857807872,31.6,1.9,22.694072615239506,42.920875725633806,836.8642070878062,35.9189446316468,29.60924982715939,False
2021-08-22 18:20:00-07:00,74.44319800427894,31.6,1.9,21.420363548291153,40.49728693379394,834.288850120144,33.78643494898048,27.500959280878668,False
2021-08-22 18:21:00-07:00,75.10449905907258,31.5,1.8,20.144445362387046,38.08688083902513,831.6931914171844,31.676599476134825,25.41514171039573,False
2021-08-22 18:22:00-07:00,75.76255220254394,31.4,2.0,19.065076424339317,36.035551985748086,829.7454332314057,29.900334694147386,23.657642356996657,False
2021-08-22 18:23:00-07:00,76.41737753820213,31.3,2.0,18.182844229099455,34.35926698688309,828.1021978338368,28.45298450779748,22.225786930344572,False
2021-08-22 18:24:00-07:00,77.06898416128546,31.2,2.0,17.497431516077505,33.05753015147311,826.8592278777992,27.333923856594115,21.11849347401179,False
2021-08-22 18:25:00-07:00,77.71736982623821,31.0,2.2,16.810723279198506,31.755737232460103,826.0607113500043,26.232166887689807,20.025964497469978,False
2021-08-22 18:26:00-07:00,78.36251834947448,30.9,2.5,16.12322723562806,30.457406603843655,824.5109212182172,25.112464376852948,18.91958705023147,False
2021-08-22 18:27:00-07:00,79.00440124572759,31.0,2.5,15.534177160264278,29.33461434736137,822.3337976502027,24.122844818869794,17.94604985715541,False
2021-08-22 18:28:00-07:00,79.64297491232158,31.0,2.5,14.943748461184546,28.222287937113677,820.2622698225082,23.149677962881256,16.98826128209951,False
2021-08-22 18:29:00-07:00,80.27817990749617,31.1,2.5,14.153028093594571,26.72231978596115,817.1062458178078,21.834974399849642,15.696157021185618,False
2021-08-22 18:30:00-07:00,80.9099397170987,31.1,2.4,13.460863712524219,25.41523749571133,814.4995092489145,20.70069846770149,14.58065904511108,False
2021-08-22 18:31:00-07:00,81.53815951390682,31.1,2.4,12.568289183531101,23.72617538918032,811.059467000491,19.243339165108758,13.147783900699691,False
2021-08-22 18:32:00-07:00,82.16272496495918,31.1,2.3,11.674639757203956,22.031174353613768,807.4860716289182,17.789866432171355,11.71934400950493,False
2021-08-22 18:33:00-07:00,82.78350120948903,31.2,2.1,10.87980559863072,20.533282110471102,803.1285897887855,16.490865905117953,10.44877980617708,False
2021-08-22 18:34:00-07:00,83.40033219230132,31.2,2.1,9.884492814486022,18.64403601716573,798.5377444470491,14.887966468537071,8.876593815991004,False
2021-08-22 18:35:00-07:00,84.01304060713062,31.2,2.0,8.788643650293519,16.5702089225301,792.6337239092411,13.134106404219168,7.160762605613172,False
2021-08-22 18:36:00-07:00,84.62142928385057,31.3,1.5,7.9915650417907385,15.064660869496569,787.1135775285851,11.85759911124433,5.918210472112145,False
2021-08-22 18:37:00-07:00,85.22528215580755,31.2,1.8,7.19400458787481,13.557600715594425,782.2992055743028,10.606100269303118,4.696686604554796,False
2021-08-22 18:38:00-07:00,85.8243717913008,31.2,1.7,6.5957556793595895,12.427649114284232,777.7996692955664,9.666221371211616,3.7838592443031156,False
2021-08-22 18:39:00-07:00,86.41846657780141,31.2,1.7,6.1970331632342015,11.673859921073136,774.6199192556646,9.042804429463613,3.179352377683136,False
2021-08-22 18:40:00-07:00,87.00734542871639,31.2,1.7,5.798030073135823,10.917732888662252,771.357669507723,8.421476997306334,2.5773120162853034,False
2021-08-22 18:41:00-07:00,87.59082002576356,31.2,1.6,5.298818153194096,9.976459525250808,766.5946906104134,7.647900903146955,1.8313502098648822,False
2021-08-22 18:42:00-07:00,88.16876830305411,31.1,1.7,4.899363683895519,9.22014033431073,763.2912827899044,7.037652743278976,1.2404530362170645,False
2021-08-22 18:43:00-07:00,88.74118351234725,31.2,1.6,4.59970948871247,8.655214651992518,759.3836426299553,6.572628430174239,-0.5481900000000001,False
2021-08-22 18:44:00-07:00,89.30824423959147,31.2,1.6,4.29991773245359,8.088569654370145,755.9671283056723,6.114692773714603,-0.5481900000000001,False
2021-08-22 18:45:00-07:00,89.87041140408841,31.2,1.5,3.9999626001684434,7.523297663533262,752.1401583229099,5.658574295760286,-0.5481900000000001,False
2021-08-22 18:46:00-07:00,,31.1,1.7,,,,,,False
2021-08-22 18:47:00-07:00,,31.2,1.7,,,,,,False
2021-08-22 18:48:00-07:00,,31.1,1.5,,,,,,False
2021-08-22 18:49:00-07:00,,31.1,1.6,,,,,,False
2021-08-22 18:50:00-07:00,,31.1,1.5,,,,,,False
2021-08-22 18:51:00-07:00,,31.1,1.5,,,,,,False
2021-08-22 18:52:00-07:00,,31.1,1.5,,,,,,False
2021-08-22 18:53:00-07:00,,31.1,1.4,,,,,,False
2021-08-22 18:54:00-07:00,,31.0,1.4,,,,,,False
2021-08-22 18:55:00-07:00,,31.0,1.3,,,,,,False
2021-08-22 18:56:00-07:00,,31.0,1.3,,,,,,False
2021-08-22 18:57:00-07:00,,31.0,1.2,,,,,,False
2021-08-22 18:58:00-07:00,,30.9,1.3,,,,,,False
2021-08-22 18:59:00-07:00,,30.9,1.4,,,,,,False
2021-08-22 19:00:00-07:00,,30.9,1.5,,,,,,False
2021-08-22 19:01:00-07:00,,30.8,1.9,,,,,,False
2021-08-22 19:02:00-07:00,,30.6,2.2,,,,,,False
2021-08-22 19:03:00-07:00,,30.5,2.4,,,,,,False
2021-08-22 19:04:00-07:00,,30.4,2.5,,,,,,False
2021-08-22 19:05:00-07:00,,30.4,2.7,,,,,,False
2021-08-22 19:06:00-07:00,,30.3,3.0,,,,,,False
2021-08-22 19:07:00-07:00,,30.2,3.5,,,,,,False
2021-08-22 19:08:00-07:00,,30.2,3.4,,,,,,False
2021-08-22 19:09:00-07:00,,30.0,3.6,,,,,,False
2021-08-22 19:10:00-07:00,,29.9,3.6,,,,,,False
2021-08-22 19:11:00-07:00,,30.0,3.7,,,,,,False
2021-08-22 19:12:00-07:00,,30.1,3.6,,,,,,False
2021-08-22 19:13:00-07:00,,30.2,3.7,,,,,,False
2021-08-22 19:14:00-07:00,,30.2,3.7,,,,,,False
2021-08-22 19:15:00-07:00,,30.1,4.0,,,,,,False
2021-08-22 19:16:00-07:00,,30.1,3.9,,,,,,False
2021-08-22 19:17:00-07:00,,30.2,3.8,,,,,,False
2021-08-22 19:18:00-07:00,,30.2,3.8,,,,,,False
2021-08-22 19:19:00-07:00,,30.2,3.8,,,,,,False
2021-08-22 19:20:00-07:00,,30.1,3.8,,,,,,False
2021-08-22 19:21:00-07:00,,30.1,3.8,,,,,,False
2021-08-22 19:22:00-07:00,,30.2,3.8,,,,,,False
2021-08-22 19:23:00-07:00,,30.2,4.0,,,,,,False
2021-08-22 19:24:00-07:00,,30.2,4.0,,,,,,False
2021-08-22 19:25:00-07:00,,30.1,3.7,,,,,,False
2021-08-22 19:26:00-07:00,,29.3,4.1,,,,,,False
2021-08-22 19:27:00-07:00,,29.5,4.1,,,,,,False
2021-08-22 19:28:00-07:00,,29.9,4.2,,,,,,False
2021-08-22 19:29:00-07:00,,29.9,4.4,,,,,,False
2021-08-22 19:30:00-07:00,,29.9,4.4,,,,,,False
2021-08-22 19:31:00-07:00,,29.5,4.2,,,,,,False
2021-08-22 19:32:00-07:00,,28.9,4.0,,,,,,False
2021-08-22 19:33:00-07:00,,28.6,4.1,,,,,,False
2021-08-22 19:34:00-07:00,,28.8,4.3,,,,,,False
2021-08-22 19:35:00-07:00,,29.0,4.2,,,,,,False
2021-08-22 19:36:00-07:00,,28.9,4.3,,,,,,False
2021-08-22 19:37:00-07:00,,29.0,4.4,,,,,,False
2021-08-22 19:38:00-07:00,,29.0,4.3,,,,,,False
2021-08-22 19:39:00-07:00,,29.2,4.0,,,,,,False
2021-08-22 19:40:00-07:00,,29.1,3.8,,,,,,False
2021-08-22 19:41:00-07:00,,28.9,3.5,,,,,,False
2021-08-22 19:42:00-07:00,,28.4,3.8,,,,,,False
2021-08-22 19:43:00-07:00,,28.6,4.1,,,,,,False
2021-08-22 19:44:00-07:00,,28.8,3.9,,,,,,False
2021-08-22 19:45:00-07:00,,28.9,3.8,,,,,,False
2021-08-22 19:46:00-07:00,,28.8,3.7,,,,,,False
2021-08-22 19:47:00-07:00,,28.6,3.8,,,,,,False
2021-08-22 19:48:00-07:00,,28.4,3.7,,,,,,False
2021-08-22 19:49:00-07:00,,28.2,3.6,,,,,,False
2021-08-22 19:50:00-07:00,,27.9,3.9,,,,,,False
2021-08-22 19:51:00-07:00,,28.0,4.1,,,,,,False
2021-08-22 19:52:00-07:00,,28.2,4.3,,,,,,False
2021-08-22 19:53:00-07:00,,28.3,4.5,,,,,,False
2021-08-22 19:54:00-07:00,,28.6,4.4,,,,,,False
2021-08-22 19:55:00-07:00,,28.7,4.2,,,,,,False
2021-08-22 19:56:00-07:00,,28.8,4.1,,,,,,False
2021-08-22 19:57:00-07:00,,28.8,4.1,,,,,,False
2021-08-22 19:58:00-07:00,,28.8,4.3,,,,,,False
2021-08-22 19:59:00-07:00,,28.8,4.3,,,,,,False
2021-08-22 20:00:00-07:00,,29.0,4.1,,,,,,False
2021-08-22 20:01:00-07:00,,28.9,3.9,,,,,,False
2021-08-22 20:02:00-07:00,,28.7,4.0,,,,,,False
2021-08-22 20:03:00-07:00,,28.7,3.9,,,,,,False
2021-08-22 20:04:00-07:00,,28.6,3.6,,,,,,False
2021-08-22 20:05:00-07:00,,28.4,3.7,,,,,,False
2021-08-22 20:06:00-07:00,,28.2,3.3,,,,,,False
2021-08-22 20:07:00-07:00,,28.4,4.1,,,,,,False
2021-08-22 20:08:00-07:00,,28.6,4.1,,,,,,False
2021-08-22 20:09:00-07:00,,28.8,4.2,,,,,,False
2021-08-22 20:10:00-07:00,,28.9,4.3,,,,,,False
2021-08-22 20:11:00-07:00,,29.0,4.1,,,,,,False
2021-08-22 20:12:00-07:00,,29.0,3.9,,,,,,False
2021-08-22 20:13:00-07:00,,28.9,3.9,,,,,,False
2021-08-22 20:14:00-07:00,,28.8,3.9,,,,,,False
2021-08-22 20:15:00-07:00,,28.9,3.7,,,,,,False
2021-08-22 20:16:00-07:00,,28.9,3.9,,,,,,False
2021-08-22 20:17:00-07:00,,28.9,3.8,,,,,,False
2021-08-22 20:18:00-07:00,,28.8,3.7,,,,,,False
2021-08-22 20:19:00-07:00,,28.8,3.9,,,,,,False
2021-08-22 20:20:00-07:00,,28.8,4.2,,,,,,False
2021-08-22 20:21:00-07:00,,28.7,4.1,,,,,,False
2021-08-22 20:22:00-07:00,,28.7,4.3,,,,,,False
2021-08-22 20:23:00-07:00,,28.7,4.3,,,,,,False
2021-08-22 20:24:00-07:00,,28.7,4.2,,,,,,False
2021-08-22 20:25:00-07:00,,28.7,4.4,,,,,,False
2021-08-22 20:26:00-07:00,,28.7,4.4,,,,,,False
2021-08-22 20:27:00-07:00,,28.6,4.3,,,,,,False
2021-08-22 20:28:00-07:00,,28.5,4.1,,,,,,False
2021-08-22 20:29:00-07:00,,28.5,4.1,,,,,,False
2021-08-22 20:30:00-07:00,,28.5,4.3,,,,,,False
2021-08-22 20:31:00-07:00,,28.4,4.4,,,,,,False
2021-08-22 20:32:00-07:00,,28.5,4.2,,,,,,False
2021-08-22 20:33:00-07:00,,28.7,4.4,,,,,,False
2021-08-22 20:34:00-07:00,,28.8,4.4,,,,,,False
2021-08-22 20:35:00-07:00,,28.9,4.2,,,,,,False
2021-08-22 20:36:00-07:00,,29.0,4.2,,,,,,False
2021-08-22 20:37:00-07:00,,29.0,4.2,,,,,,False
2021-08-22 20:38:00-07:00,,29.1,4.3,,,,,,False
2021-08-22 20:39:00-07:00,,29.0,4.3,,,,,,False
2021-08-22 20:40:00-07:00,,29.0,4.1,,,,,,False
2021-08-22 20:41:00-07:00,,28.9,4.4,,,,,,False
2021-08-22 20:42:00-07:00,,28.9,4.3,,,,,,False
2021-08-22 20:43:00-07:00,,28.9,4.3,,,,,,False
2021-08-22 20:44:00-07:00,,28.9,4.2,,,,,,False
2021-08-22 20:45:00-07:00,,28.9,4.1,,,,,,False
2021-08-22 20:46:00-07:00,,28.8,4.5,,,,,,False
2021-08-22 20:47:00-07:00,,28.8,4.2,,,,,,False
2021-08-22 20:48:00-07:00,,28.7,4.5,,,,,,False
2021-08-22 20:49:00-07:00,,28.6,4.7,,,,,,False
2021-08-22 20:50:00-07:00,,28.6,4.8,,,,,,False
2021-08-22 20:51:00-07:00,,28.6,4.7,,,,,,False
2021-08-22 20:52:00-07:00,,28.5,4.5,,,,,,False
2021-08-22 20:53:00-07:00,,28.5,4.5,,,,,,False
2021-08-22 20:54:00-07:00,,28.6,4.9,,,,,,False
2021-08-22 20:55:00-07:00,,28.8,5.0,,,,,,False
2021-08-22 20:56:00-07:00,,28.9,5.1,,,,,,False
2021-08-22 20:57:00-07:00,,28.9,4.6,,,,,,False
2021-08-22 20:58:00-07:00,,28.8,4.3,,,,,,False
2021-08-22 20:59:00-07:00,,28.7,4.5,,,,,,False
2021-08-22 21:00:00-07:00,,28.6,4.3,,,,,,False
2021-08-22 21:01:00-07:00,,28.5,4.2,,,,,,False
2021-08-22 21:02:00-07:00,,28.5,4.0,,,,,,False
2021-08-22 21:03:00-07:00,,28.6,3.8,,,,,,False
2021-08-22 21:04:00-07:00,,28.5,3.6,,,,,,False
2021-08-22 21:05:00-07:00,,28.3,3.6,,,,,,False
2021-08-22 21:06:00-07:00,,28.1,3.6,,,,,,False
2021-08-22 21:07:00-07:00,,28.1,4.1,,,,,,False
2021-08-22 21:08:00-07:00,,28.1,4.0,,,,,,False
2021-08-22 21:09:00-07:00,,28.1,4.4,,,,,,False
2021-08-22 21:10:00-07:00,,28.0,4.3,,,,,,False
2021-08-22 21:11:00-07:00,,27.9,4.2,,,,,,False
2021-08-22 21:12:00-07:00,,27.9,4.0,,,,,,False
2021-08-22 21:13:00-07:00,,27.9,4.2,,,,,,False
2021-08-22 21:14:00-07:00,,28.0,4.1,,,,,,False
2021-08-22 21:15:00-07:00,,27.9,3.4,,,,,,False
2021-08-22 21:16:00-07:00,,27.8,4.0,,,,,,False
2021-08-22 21:17:00-07:00,,28.2,4.9,,,,,,False
2021-08-22 21:18:00-07:00,,28.3,4.5,,,,,,False
2021-08-22 21:19:00-07:00,,28.2,4.1,,,,,,False
2021-08-22 21:20:00-07:00,,28.1,4.3,,,,,,False
2021-08-22 21:21:00-07:00,,28.3,5.3,,,,,,False
2021-08-22 21:22:00-07:00,,28.7,5.5,,,,,,False
2021-08-22 21:23:00-07:00,,28.9,5.0,,,,,,False
2021-08-22 21:24:00-07:00,,28.9,4.8,,,,,,False
2021-08-22 21:25:00-07:00,,28.9,4.7,,,,,,False
2021-08-22 21:26:00-07:00,,28.8,4.5,,,,,,False
2021-08-22 21:27:00-07:00,,28.7,4.8,,,,,,False
2021-08-22 21:28:00-07:00,,28.7,4.7,,,,,,False
2021-08-22 21:29:00-07:00,,28.7,4.8,,,,,,False
2021-08-22 21:30:00-07:00,,28.6,4.6,,,,,,False
2021-08-22 21:31:00-07:00,,28.5,4.4,,,,,,False
2021-08-22 21:32:00-07:00,,28.4,4.9,,,,,,False
2021-08-22 21:33:00-07:00,,28.4,4.8,,,,,,False
2021-08-22 21:34:00-07:00,,28.4,4.7,,,,,,False
2021-08-22 21:35:00-07:00,,28.6,5.4,,,,,,False
2021-08-22 21:36:00-07:00,,28.7,5.4,,,,,,False
2021-08-22 21:37:00-07:00,,28.9,6.4,,,,,,False
2021-08-22 21:38:00-07:00,,29.0,6.3,,,,,,False
2021-08-22 21:39:00-07:00,,29.0,6.2,,,,,,False
2021-08-22 21:40:00-07:00,,29.1,6.6,,,,,,False
2021-08-22 21:41:00-07:00,,29.3,8.2,,,,,,False
2021-08-22 21:42:00-07:00,,29.3,6.3,,,,,,False
2021-08-22 21:43:00-07:00,,29.3,8.4,,,,,,False
2021-08-22 21:44:00-07:00,,29.4,8.1,,,,,,False
2021-08-22 21:45:00-07:00,,29.4,8.0,,,,,,False
2021-08-22 21:46:00-07:00,,29.3,6.8,,,,,,False
2021-08-22 21:47:00-07:00,,29.4,9.9,,,,,,False
2021-08-22 21:48:00-07:00,,29.5,9.3,,,,,,False
2021-08-22 21:49:00-07:00,,29.5,8.7,,,,,,False
2021-08-22 21:50:00-07:00,,29.4,8.1,,,,,,False
2021-08-22 21:51:00-07:00,,29.4,7.3,,,,,,False
2021-08-22 21:52:00-07:00,,29.3,7.5,,,,,,False
2021-08-22 21:53:00-07:00,,29.3,7.5,,,,,,False
2021-08-22 21:54:00-07:00,,29.2,7.1,,,,,,False
2021-08-22 21:55:00-07:00,,29.2,7.9,,,,,,False
2021-08-22 21:56:00-07:00,,29.4,9.5,,,,,,False
2021-08-22 21:57:00-07:00,,29.5,7.5,,,,,,False
2021-08-22 21:58:00-07:00,,29.4,7.2,,,,,,False
2021-08-22 21:59:00-07:00,,29.3,6.6,,,,,,False
2021-08-22 22:00:00-07:00,,29.3,5.9,,,,,,False
2021-08-22 22:01:00-07:00,,29.2,5.9,,,,,,False
2021-08-22 22:02:00-07:00,,29.1,6.6,,,,,,False
2021-08-22 22:03:00-07:00,,29.2,6.8,,,,,,False
2021-08-22 22:04:00-07:00,,29.1,6.8,,,,,,False
2021-08-22 22:05:00-07:00,,29.1,8.1,,,,,,False
2021-08-22 22:06:00-07:00,,29.4,9.1,,,,,,False
2021-08-22 22:07:00-07:00,,29.4,8.3,,,,,,False
2021-08-22 22:08:00-07:00,,29.4,7.7,,,,,,False
2021-08-22 22:09:00-07:00,,29.4,6.8,,,,,,False
2021-08-22 22:10:00-07:00,,29.4,7.2,,,,,,False
2021-08-22 22:11:00-07:00,,29.4,6.6,,,,,,False
2021-08-22 22:12:00-07:00,,29.3,5.2,,,,,,False
2021-08-22 22:13:00-07:00,,29.3,6.3,,,,,,False
2021-08-22 22:14:00-07:00,,29.2,5.3,,,,,,False
2021-08-22 22:15:00-07:00,,29.1,5.8,,,,,,False
2021-08-22 22:16:00-07:00,,29.1,5.3,,,,,,False
2021-08-22 22:17:00-07:00,,29.2,5.4,,,,,,False
2021-08-22 22:18:00-07:00,,29.2,4.5,,,,,,False
2021-08-22 22:19:00-07:00,,29.2,6.0,,,,,,False
2021-08-22 22:20:00-07:00,,29.3,5.3,,,,,,False
2021-08-22 22:21:00-07:00,,29.3,6.0,,,,,,False
2021-08-22 22:22:00-07:00,,29.3,5.1,,,,,,False
2021-08-22 22:23:00-07:00,,29.2,4.5,,,,,,False
2021-08-22 22:24:00-07:00,,29.2,5.3,,,,,,False
2021-08-22 22:25:00-07:00,,29.2,6.0,,,,,,False
2021-08-22 22:26:00-07:00,,29.3,6.1,,,,,,False
2021-08-22 22:27:00-07:00,,29.3,8.1,,,,,,False
2021-08-22 22:28:00-07:00,,29.3,6.6,,,,,,False
2021-08-22 22:29:00-07:00,,29.2,6.0,,,,,,False
2021-08-22 22:30:00-07:00,,29.2,6.4,,,,,,False
2021-08-22 22:31:00-07:00,,29.2,6.2,,,,,,False
2021-08-22 22:32:00-07:00,,29.1,5.7,,,,,,False
2021-08-22 22:33:00-07:00,,29.1,7.5,,,,,,False
2021-08-22 22:34:00-07:00,,29.1,6.2,,,,,,False
2021-08-22 22:35:00-07:00,,29.0,8.1,,,,,,False
2021-08-22 22:36:00-07:00,,29.1,8.9,,,,,,False
2021-08-22 22:37:00-07:00,,29.2,9.8,,,,,,False
2021-08-22 22:38:00-07:00,,29.1,8.4,,,,,,False
2021-08-22 22:39:00-07:00,,29.0,8.3,,,,,,False
2021-08-22 22:40:00-07:00,,29.0,10.7,,,,,,False
2021-08-22 22:41:00-07:00,,29.0,8.9,,,,,,False
2021-08-22 22:42:00-07:00,,28.9,7.8,,,,,,False
2021-08-22 22:43:00-07:00,,28.9,8.8,,,,,,False
2021-08-22 22:44:00-07:00,,28.8,7.3,,,,,,False
2021-08-22 22:45:00-07:00,,28.8,7.4,,,,,,False
2021-08-22 22:46:00-07:00,,28.8,7.5,,,,,,False
2021-08-22 22:47:00-07:00,,28.9,7.5,,,,,,False
2021-08-22 22:48:00-07:00,,28.9,8.8,,,,,,False
2021-08-22 22:49:00-07:00,,29.0,9.0,,,,,,False
2021-08-22 22:50:00-07:00,,29.0,8.1,,,,,,False
2021-08-22 22:51:00-07:00,,29.0,6.9,,,,,,False
2021-08-22 22:52:00-07:00,,28.9,8.2,,,,,,False
2021-08-22 22:53:00-07:00,,28.8,6.9,,,,,,False
2021-08-22 22:54:00-07:00,,28.8,6.1,,,,,,False
2021-08-22 22:55:00-07:00,,28.8,6.0,,,,,,False
2021-08-22 22:56:00-07:00,,28.8,6.1,,,,,,False
2021-08-22 22:57:00-07:00,,28.8,5.8,,,,,,False
2021-08-22 22:58:00-07:00,,28.8,5.9,,,,,,False
2021-08-22 22:59:00-07:00,,28.7,5.1,,,,,,False
2021-08-22 23:00:00-07:00,,28.7,5.4,,,,,,False
2021-08-22 23:01:00-07:00,,28.8,6.0,,,,,,False
2021-08-22 23:02:00-07:00,,28.9,4.1,,,,,,False
2021-08-22 23:03:00-07:00,,28.8,2.9,,,,,,False
2021-08-22 23:04:00-07:00,,28.7,3.8,,,,,,False
2021-08-22 23:05:00-07:00,,28.7,2.9,,,,,,False
2021-08-22 23:06:00-07:00,,28.7,2.0,,,,,,False
2021-08-22 23:07:00-07:00,,28.6,1.8,,,,,,False
2021-08-22 23:08:00-07:00,,28.6,1.5,,,,,,False
2021-08-22 23:09:00-07:00,,28.5,1.1,,,,,,False
2021-08-22 23:10:00-07:00,,28.5,1.0,,,,,,False
2021-08-22 23:11:00-07:00,,28.6,1.3,,,,,,False
2021-08-22 23:12:00-07:00,,28.6,1.3,,,,,,False
2021-08-22 23:13:00-07:00,,28.7,0.4,,,,,,False
2021-08-22 23:14:00-07:00,,28.7,0.4,,,,,,False
2021-08-22 23:15:00-07:00,,28.7,0.4,,,,,,False
2021-08-22 23:16:00-07:00,,28.7,0.5,,,,,,False
2021-08-22 23:17:00-07:00,,28.7,1.0,,,,,,False
2021-08-22 23:18:00-07:00,,28.6,1.1,,,,,,False
2021-08-22 23:19:00-07:00,,28.6,1.5,,,,,,False
2021-08-22 23:20:00-07:00,,28.6,2.1,,,,,,False
2021-08-22 23:21:00-07:00,,28.6,2.0,,,,,,False
2021-08-22 23:22:00-07:00,,28.5,1.2,,,,,,False
2021-08-22 23:23:00-07:00,,28.6,1.0,,,,,,False
2021-08-22 23:24:00-07:00,,28.6,1.1,,,,,,False
2021-08-22 23:25:00-07:00,,28.6,0.9,,,,,,False
2021-08-22 23:26:00-07:00,,28.6,1.5,,,,,,False
2021-08-22 23:27:00-07:00,,28.6,1.6,,,,,,False
2021-08-22 23:28:00-07:00,,28.5,1.4,,,,,,False
2021-08-22 23:29:00-07:00,,28.5,1.7,,,,,,False
2021-08-22 23:30:00-07:00,,28.4,1.4,,,,,,False
2021-08-22 23:31:00-07:00,,28.4,1.3,,,,,,False
2021-08-22 23:32:00-07:00,,28.3,1.5,,,,,,False
2021-08-22 23:33:00-07:00,,28.2,2.8,,,,,,False
2021-08-22 23:34:00-07:00,,28.1,3.2,,,,,,False
2021-08-22 23:35:00-07:00,,28.0,3.2,,,,,,False
2021-08-22 23:36:00-07:00,,27.9,2.8,,,,,,False
2021-08-22 23:37:00-07:00,,27.9,2.3,,,,,,False
2021-08-22 23:38:00-07:00,,27.9,2.1,,,,,,False
2021-08-22 23:39:00-07:00,,27.9,1.8,,,,,,False
2021-08-22 23:40:00-07:00,,27.8,1.6,,,,,,False
2021-08-22 23:41:00-07:00,,27.8,1.5,,,,,,False
2021-08-22 23:42:00-07:00,,27.8,1.3,,,,,,False
2021-08-22 23:43:00-07:00,,27.8,0.8,,,,,,False
2021-08-22 23:44:00-07:00,,27.8,0.3,,,,,,False
2021-08-22 23:45:00-07:00,,27.9,0.8,,,,,,False
2021-08-22 23:46:00-07:00,,27.9,0.5,,,,,,False
2021-08-22 23:47:00-07:00,,27.9,0.3,,,,,,False
2021-08-22 23:48:00-07:00,,28.0,1.3,,,,,,False
2021-08-22 23:49:00-07:00,,28.0,1.8,,,,,,False
2021-08-22 23:50:00-07:00,,28.0,2.3,,,,,,False
2021-08-22 23:51:00-07:00,,27.9,1.9,,,,,,False
2021-08-22 23:52:00-07:00,,27.9,2.0,,,,,,False
2021-08-22 23:53:00-07:00,,27.9,2.2,,,,,,False
2021-08-22 23:54:00-07:00,,28.0,1.4,,,,,,False
2021-08-22 23:55:00-07:00,,28.2,0.7,,,,,,False
2021-08-22 23:56:00-07:00,,28.2,0.9,,,,,,False
2021-08-22 23:57:00-07:00,,28.3,1.0,,,,,,False
2021-08-22 23:58:00-07:00,,28.3,0.9,,,,,,False
2021-08-22 23:59:00-07:00,,28.3,0.8,,,,,,False
2021-08-23 00:00:00-07:00,,28.2,0.6,,,,,,False
2021-08-23 00:01:00-07:00,,28.1,0.3,,,,,,False
2021-08-23 00:02:00-07:00,,28.1,0.4,,,,,,False
2021-08-23 00:03:00-07:00,,28.0,0.4,,,,,,False
2021-08-23 00:04:00-07:00,,28.0,0.7,,,,,,False
2021-08-23 00:05:00-07:00,,27.9,1.0,,,,,,False
2021-08-23 00:06:00-07:00,,27.9,0.8,,,,,,False
2021-08-23 00:07:00-07:00,,27.9,1.1,,,,,,False
2021-08-23 00:08:00-07:00,,28.0,0.7,,,,,,False
2021-08-23 00:09:00-07:00,,28.0,1.0,,,,,,False
2021-08-23 00:10:00-07:00,,28.0,1.1,,,,,,False
2021-08-23 00:11:00-07:00,,28.0,1.2,,,,,,False
2021-08-23 00:12:00-07:00,,27.9,1.1,,,,,,False
2021-08-23 00:13:00-07:00,,27.9,0.9,,,,,,False
2021-08-23 00:14:00-07:00,,27.8,0.8,,,,,,False
2021-08-23 00:15:00-07:00,,27.8,1.1,,,,,,False
2021-08-23 00:16:00-07:00,,27.8,0.9,,,,,,False
2021-08-23 00:17:00-07:00,,27.7,1.6,,,,,,False
2021-08-23 00:18:00-07:00,,27.8,1.7,,,,,,False
2021-08-23 00:19:00-07:00,,27.8,2.5,,,,,,False
2021-08-23 00:20:00-07:00,,28.0,2.2,,,,,,False
2021-08-23 00:21:00-07:00,,28.1,2.0,,,,,,False
2021-08-23 00:22:00-07:00,,28.0,1.9,,,,,,False
2021-08-23 00:23:00-07:00,,27.9,2.0,,,,,,False
2021-08-23 00:24:00-07:00,,28.0,2.2,,,,,,False
2021-08-23 00:25:00-07:00,,28.0,1.5,,,,,,False
2021-08-23 00:26:00-07:00,,27.9,1.1,,,,,,False
2021-08-23 00:27:00-07:00,,27.9,1.1,,,,,,False
2021-08-23 00:28:00-07:00,,27.8,1.2,,,,,,False
2021-08-23 00:29:00-07:00,,27.7,1.2,,,,,,False
2021-08-23 00:30:00-07:00,,27.7,2.3,,,,,,False
2021-08-23 00:31:00-07:00,,27.6,2.9,,,,,,False
2021-08-23 00:32:00-07:00,,27.6,3.0,,,,,,False
2021-08-23 00:33:00-07:00,,27.7,3.1,,,,,,False
2021-08-23 00:34:00-07:00,,27.9,2.5,,,,,,False
2021-08-23 00:35:00-07:00,,28.0,3.2,,,,,,False
2021-08-23 00:36:00-07:00,,28.1,3.7,,,,,,False
2021-08-23 00:37:00-07:00,,28.0,3.6,,,,,,False
2021-08-23 00:38:00-07:00,,28.0,2.6,,,,,,False
2021-08-23 00:39:00-07:00,,27.8,2.2,,,,,,False
2021-08-23 00:40:00-07:00,,27.7,3.1,,,,,,False
2021-08-23 00:41:00-07:00,,27.7,3.4,,,,,,False
2021-08-23 00:42:00-07:00,,27.7,3.3,,,,,,False
2021-08-23 00:43:00-07:00,,27.8,3.3,,,,,,False
2021-08-23 00:44:00-07:00,,27.9,3.1,,,,,,False
2021-08-23 00:45:00-07:00,,27.9,3.3,,,,,,False
2021-08-23 00:46:00-07:00,,27.9,3.0,,,,,,False
2021-08-23 00:47:00-07:00,,27.9,3.2,,,,,,False
2021-08-23 00:48:00-07:00,,27.6,3.4,,,,,,False
2021-08-23 00:49:00-07:00,,27.1,3.1,,,,,,False
2021-08-23 00:50:00-07:00,,27.1,3.4,,,,,,False
2021-08-23 00:51:00-07:00,,27.1,1.4,,,,,,False
2021-08-23 00:52:00-07:00,,27.2,1.6,,,,,,False
2021-08-23 00:53:00-07:00,,27.2,2.0,,,,,,False
2021-08-23 00:54:00-07:00,,27.2,2.5,,,,,,False
2021-08-23 00:55:00-07:00,,27.2,3.7,,,,,,False
2021-08-23 00:56:00-07:00,,27.3,4.6,,,,,,False
2021-08-23 00:57:00-07:00,,27.6,3.0,,,,,,False
2021-08-23 00:58:00-07:00,,27.6,2.6,,,,,,False
2021-08-23 00:59:00-07:00,,27.3,2.9,,,,,,False
2021-08-23 01:00:00-07:00,,27.3,2.1,,,,,,False
2021-08-23 01:01:00-07:00,,27.3,1.4,,,,,,False
2021-08-23 01:02:00-07:00,,27.3,1.5,,,,,,False
2021-08-23 01:03:00-07:00,,27.2,1.9,,,,,,False
2021-08-23 01:04:00-07:00,,27.1,2.3,,,,,,False
2021-08-23 01:05:00-07:00,,27.2,2.8,,,,,,False
2021-08-23 01:06:00-07:00,,27.4,3.1,,,,,,False
2021-08-23 01:07:00-07:00,,27.5,2.9,,,,,,False
2021-08-23 01:08:00-07:00,,27.5,3.4,,,,,,False
2021-08-23 01:09:00-07:00,,27.6,3.0,,,,,,False
2021-08-23 01:10:00-07:00,,27.7,3.5,,,,,,False
2021-08-23 01:11:00-07:00,,27.7,2.5,,,,,,False
2021-08-23 01:12:00-07:00,,27.7,2.1,,,,,,False
2021-08-23 01:13:00-07:00,,27.6,1.7,,,,,,False
2021-08-23 01:14:00-07:00,,27.6,1.6,,,,,,False
2021-08-23 01:15:00-07:00,,27.6,1.8,,,,,,False
2021-08-23 01:16:00-07:00,,27.6,3.1,,,,,,False
2021-08-23 01:17:00-07:00,,27.8,2.5,,,,,,False
2021-08-23 01:18:00-07:00,,27.8,2.1,,,,,,False
2021-08-23 01:19:00-07:00,,27.7,1.9,,,,,,False
2021-08-23 01:20:00-07:00,,27.6,1.5,,,,,,False
2021-08-23 01:21:00-07:00,,27.5,1.3,,,,,,False
2021-08-23 01:22:00-07:00,,27.5,1.7,,,,,,False
2021-08-23 01:23:00-07:00,,27.4,2.4,,,,,,False
2021-08-23 01:24:00-07:00,,27.3,2.3,,,,,,False
2021-08-23 01:25:00-07:00,,27.4,2.9,,,,,,False
2021-08-23 01:26:00-07:00,,27.5,2.8,,,,,,False
2021-08-23 01:27:00-07:00,,27.6,2.5,,,,,,False
2021-08-23 01:28:00-07:00,,27.8,2.1,,,,,,False
2021-08-23 01:29:00-07:00,,27.8,2.4,,,,,,False
2021-08-23 01:30:00-07:00,,27.8,2.4,,,,,,False
2021-08-23 01:31:00-07:00,,27.8,2.7,,,,,,False
2021-08-23 01:32:00-07:00,,27.7,2.8,,,,,,False
2021-08-23 01:33:00-07:00,,27.8,2.9,,,,,,False
2021-08-23 01:34:00-07:00,,27.8,2.7,,,,,,False
2021-08-23 01:35:00-07:00,,27.9,2.7,,,,,,False
2021-08-23 01:36:00-07:00,,27.9,2.1,,,,,,False
2021-08-23 01:37:00-07:00,,27.9,2.6,,,,,,False
2021-08-23 01:38:00-07:00,,27.9,2.2,,,,,,False
2021-08-23 01:39:00-07:00,,27.9,3.9,,,,,,False
2021-08-23 01:40:00-07:00,,27.8,4.1,,,,,,False
2021-08-23 01:41:00-07:00,,27.8,3.4,,,,,,False
2021-08-23 01:42:00-07:00,,27.7,4.3,,,,,,False
2021-08-23 01:43:00-07:00,,27.6,4.5,,,,,,False
2021-08-23 01:44:00-07:00,,27.7,4.8,,,,,,False
2021-08-23 01:45:00-07:00,,28.1,5.7,,,,,,False
2021-08-23 01:46:00-07:00,,28.2,4.6,,,,,,False
2021-08-23 01:47:00-07:00,,28.1,5.1,,,,,,False
2021-08-23 01:48:00-07:00,,28.2,4.6,,,,,,False
2021-08-23 01:49:00-07:00,,28.1,4.6,,,,,,False
2021-08-23 01:50:00-07:00,,27.9,4.2,,,,,,False
2021-08-23 01:51:00-07:00,,27.7,3.8,,,,,,False
2021-08-23 01:52:00-07:00,,27.5,3.4,,,,,,False
2021-08-23 01:53:00-07:00,,27.4,3.3,,,,,,False
2021-08-23 01:54:00-07:00,,27.4,3.4,,,,,,False
2021-08-23 01:55:00-07:00,,27.5,4.1,,,,,,False
2021-08-23 01:56:00-07:00,,27.3,3.9,,,,,,False
2021-08-23 01:57:00-07:00,,27.3,4.3,,,,,,False
2021-08-23 01:58:00-07:00,,27.6,4.0,,,,,,False
2021-08-23 01:59:00-07:00,,27.6,3.9,,,,,,False
2021-08-23 02:00:00-07:00,,27.6,4.3,,,,,,False
2021-08-23 02:01:00-07:00,,27.4,4.2,,,,,,False
2021-08-23 02:02:00-07:00,,27.3,4.5,,,,,,False
2021-08-23 02:03:00-07:00,,27.1,4.1,,,,,,False
2021-08-23 02:04:00-07:00,,26.8,4.2,,,,,,False
2021-08-23 02:05:00-07:00,,26.8,4.7,,,,,,False
2021-08-23 02:06:00-07:00,,27.0,4.3,,,,,,False
2021-08-23 02:07:00-07:00,,27.3,3.0,,,,,,False
2021-08-23 02:08:00-07:00,,27.5,3.8,,,,,,False
2021-08-23 02:09:00-07:00,,27.6,3.7,,,,,,False
2021-08-23 02:10:00-07:00,,27.6,4.0,,,,,,False
2021-08-23 02:11:00-07:00,,27.3,4.4,,,,,,False
2021-08-23 02:12:00-07:00,,27.1,4.6,,,,,,False
2021-08-23 02:13:00-07:00,,27.5,3.8,,,,,,False
2021-08-23 02:14:00-07:00,,27.9,2.7,,,,,,False
2021-08-23 02:15:00-07:00,,27.9,3.6,,,,,,False
2021-08-23 02:16:00-07:00,,27.7,3.7,,,,,,False
2021-08-23 02:17:00-07:00,,27.9,2.5,,,,,,False
2021-08-23 02:18:00-07:00,,27.9,2.4,,,,,,False
2021-08-23 02:19:00-07:00,,27.9,3.4,,,,,,False
2021-08-23 02:20:00-07:00,,27.6,5.1,,,,,,False
2021-08-23 02:21:00-07:00,,27.6,4.6,,,,,,False
2021-08-23 02:22:00-07:00,,27.6,4.7,,,,,,False
2021-08-23 02:23:00-07:00,,27.5,4.6,,,,,,False
2021-08-23 02:24:00-07:00,,27.6,4.0,,,,,,False
2021-08-23 02:25:00-07:00,,27.8,4.9,,,,,,False
2021-08-23 02:26:00-07:00,,28.1,4.3,,,,,,False
2021-08-23 02:27:00-07:00,,28.2,3.6,,,,,,False
2021-08-23 02:28:00-07:00,,28.2,4.3,,,,,,False
2021-08-23 02:29:00-07:00,,28.1,4.1,,,,,,False
2021-08-23 02:30:00-07:00,,28.1,3.3,,,,,,False
2021-08-23 02:31:00-07:00,,27.9,2.9,,,,,,False
2021-08-23 02:32:00-07:00,,27.8,2.6,,,,,,False
2021-08-23 02:33:00-07:00,,27.8,2.1,,,,,,False
2021-08-23 02:34:00-07:00,,27.8,2.2,,,,,,False
2021-08-23 02:35:00-07:00,,27.8,2.1,,,,,,False
2021-08-23 02:36:00-07:00,,27.8,2.3,,,,,,False
2021-08-23 02:37:00-07:00,,27.9,2.4,,,,,,False
2021-08-23 02:38:00-07:00,,27.9,2.3,,,,,,False
2021-08-23 02:39:00-07:00,,27.8,2.1,,,,,,False
2021-08-23 02:40:00-07:00,,27.8,2.1,,,,,,False
2021-08-23 02:41:00-07:00,,27.8,2.7,,,,,,False
2021-08-23 02:42:00-07:00,,27.8,2.5,,,,,,False
2021-08-23 02:43:00-07:00,,27.8,2.4,,,,,,False
2021-08-23 02:44:00-07:00,,27.9,2.2,,,,,,False
2021-08-23 02:45:00-07:00,,27.9,3.9,,,,,,False
2021-08-23 02:46:00-07:00,,27.6,3.3,,,,,,False
2021-08-23 02:47:00-07:00,,27.5,3.0,,,,,,False
2021-08-23 02:48:00-07:00,,27.5,3.2,,,,,,False
2021-08-23 02:49:00-07:00,,27.5,2.8,,,,,,False
2021-08-23 02:50:00-07:00,,27.6,2.9,,,,,,False
2021-08-23 02:51:00-07:00,,27.7,2.4,,,,,,False
2021-08-23 02:52:00-07:00,,27.6,3.2,,,,,,False
2021-08-23 02:53:00-07:00,,27.7,3.5,,,,,,False
2021-08-23 02:54:00-07:00,,27.7,3.3,,,,,,False
2021-08-23 02:55:00-07:00,,27.6,5.2,,,,,,False
2021-08-23 02:56:00-07:00,,27.7,7.0,,,,,,False
2021-08-23 02:57:00-07:00,,27.8,4.8,,,,,,False
2021-08-23 02:58:00-07:00,,27.8,5.8,,,,,,False
2021-08-23 02:59:00-07:00,,27.8,6.2,,,,,,False
2021-08-23 03:00:00-07:00,,27.9,4.8,,,,,,False
2021-08-23 03:01:00-07:00,,27.9,4.1,,,,,,False
2021-08-23 03:02:00-07:00,,27.7,4.0,,,,,,False
2021-08-23 03:03:00-07:00,,27.5,3.1,,,,,,False
2021-08-23 03:04:00-07:00,,27.4,3.1,,,,,,False
2021-08-23 03:05:00-07:00,,27.4,3.1,,,,,,False
2021-08-23 03:06:00-07:00,,27.5,3.0,,,,,,False
2021-08-23 03:07:00-07:00,,27.8,3.3,,,,,,False
2021-08-23 03:08:00-07:00,,27.9,3.0,,,,,,False
2021-08-23 03:09:00-07:00,,28.0,2.3,,,,,,False
2021-08-23 03:10:00-07:00,,28.0,2.1,,,,,,False
2021-08-23 03:11:00-07:00,,27.9,1.8,,,,,,False
2021-08-23 03:12:00-07:00,,27.8,1.4,,,,,,False
2021-08-23 03:13:00-07:00,,27.7,1.3,,,,,,False
2021-08-23 03:14:00-07:00,,27.7,1.2,,,,,,False
2021-08-23 03:15:00-07:00,,27.7,1.1,,,,,,False
2021-08-23 03:16:00-07:00,,27.7,0.7,,,,,,False
2021-08-23 03:17:00-07:00,,27.7,0.9,,,,,,False
2021-08-23 03:18:00-07:00,,27.7,1.5,,,,,,False
2021-08-23 03:19:00-07:00,,27.7,2.0,,,,,,False
2021-08-23 03:20:00-07:00,,27.5,2.5,,,,,,False
2021-08-23 03:21:00-07:00,,27.6,1.9,,,,,,False
2021-08-23 03:22:00-07:00,,27.6,2.8,,,,,,False
2021-08-23 03:23:00-07:00,,27.6,2.6,,,,,,False
2021-08-23 03:24:00-07:00,,27.6,2.6,,,,,,False
2021-08-23 03:25:00-07:00,,27.7,2.8,,,,,,False
2021-08-23 03:26:00-07:00,,27.6,2.7,,,,,,False
2021-08-23 03:27:00-07:00,,27.5,2.7,,,,,,False
2021-08-23 03:28:00-07:00,,27.6,2.7,,,,,,False
2021-08-23 03:29:00-07:00,,27.6,2.5,,,,,,False
2021-08-23 03:30:00-07:00,,27.6,2.8,,,,,,False
2021-08-23 03:31:00-07:00,,27.5,3.2,,,,,,False
2021-08-23 03:32:00-07:00,,27.5,3.5,,,,,,False
2021-08-23 03:33:00-07:00,,27.4,4.5,,,,,,False
2021-08-23 03:34:00-07:00,,27.6,4.5,,,,,,False
2021-08-23 03:35:00-07:00,,27.6,4.7,,,,,,False
2021-08-23 03:36:00-07:00,,27.5,5.4,,,,,,False
2021-08-23 03:37:00-07:00,,27.6,4.2,,,,,,False
2021-08-23 03:38:00-07:00,,27.7,3.7,,,,,,False
2021-08-23 03:39:00-07:00,,27.6,3.8,,,,,,False
2021-08-23 03:40:00-07:00,,27.6,4.5,,,,,,False
2021-08-23 03:41:00-07:00,,27.7,5.0,,,,,,False
2021-08-23 03:42:00-07:00,,27.6,4.6,,,,,,False
2021-08-23 03:43:00-07:00,,27.5,5.7,,,,,,False
2021-08-23 03:44:00-07:00,,27.5,6.7,,,,,,False
2021-08-23 03:45:00-07:00,,27.5,5.8,,,,,,False
2021-08-23 03:46:00-07:00,,27.4,5.6,,,,,,False
2021-08-23 03:47:00-07:00,,27.2,5.8,,,,,,False
2021-08-23 03:48:00-07:00,,27.1,6.7,,,,,,False
2021-08-23 03:49:00-07:00,,27.3,6.9,,,,,,False
2021-08-23 03:50:00-07:00,,27.3,6.3,,,,,,False
2021-08-23 03:51:00-07:00,,27.3,7.8,,,,,,False
2021-08-23 03:52:00-07:00,,27.5,7.6,,,,,,False
2021-08-23 03:53:00-07:00,,27.5,6.1,,,,,,False
2021-08-23 03:54:00-07:00,,27.4,6.7,,,,,,False
2021-08-23 03:55:00-07:00,,27.4,8.2,,,,,,False
2021-08-23 03:56:00-07:00,,27.4,9.4,,,,,,False
2021-08-23 03:57:00-07:00,,27.4,7.3,,,,,,False
2021-08-23 03:58:00-07:00,,27.3,7.6,,,,,,False
2021-08-23 03:59:00-07:00,,27.4,8.4,,,,,,False
2021-08-23 04:00:00-07:00,,27.5,7.2,,,,,,False
2021-08-23 04:01:00-07:00,,27.4,6.5,,,,,,False
2021-08-23 04:02:00-07:00,,27.3,6.9,,,,,,False
2021-08-23 04:03:00-07:00,,27.4,7.8,,,,,,False
2021-08-23 04:04:00-07:00,,27.7,7.9,,,,,,False
2021-08-23 04:05:00-07:00,,27.6,7.2,,,,,,False
2021-08-23 04:06:00-07:00,,27.6,6.7,,,,,,False
2021-08-23 04:07:00-07:00,,27.5,5.1,,,,,,False
2021-08-23 04:08:00-07:00,,27.3,5.1,,,,,,False
2021-08-23 04:09:00-07:00,,27.2,5.4,,,,,,False
2021-08-23 04:10:00-07:00,,27.1,5.1,,,,,,False
2021-08-23 04:11:00-07:00,,27.0,4.7,,,,,,False
2021-08-23 04:12:00-07:00,,26.9,4.8,,,,,,False
2021-08-23 04:13:00-07:00,,26.7,4.8,,,,,,False
2021-08-23 04:14:00-07:00,,26.9,5.7,,,,,,False
2021-08-23 04:15:00-07:00,,27.0,5.4,,,,,,False
2021-08-23 04:16:00-07:00,,27.1,4.6,,,,,,False
2021-08-23 04:17:00-07:00,,27.1,4.6,,,,,,False
2021-08-23 04:18:00-07:00,,27.1,5.2,,,,,,False
2021-08-23 04:19:00-07:00,,27.0,4.8,,,,,,False
2021-08-23 04:20:00-07:00,,26.9,4.6,,,,,,False
2021-08-23 04:21:00-07:00,,26.8,4.4,,,,,,False
2021-08-23 04:22:00-07:00,,26.6,4.5,,,,,,False
2021-08-23 04:23:00-07:00,,26.6,5.3,,,,,,False
2021-08-23 04:24:00-07:00,,26.9,4.9,,,,,,False
2021-08-23 04:25:00-07:00,,26.9,4.7,,,,,,False
2021-08-23 04:26:00-07:00,,26.9,5.0,,,,,,False
2021-08-23 04:27:00-07:00,,26.9,4.4,,,,,,False
2021-08-23 04:28:00-07:00,,27.1,4.2,,,,,,False
2021-08-23 04:29:00-07:00,,27.0,3.5,,,,,,False
2021-08-23 04:30:00-07:00,,26.9,3.0,,,,,,False
2021-08-23 04:31:00-07:00,,26.7,2.9,,,,,,False
2021-08-23 04:32:00-07:00,,26.5,2.8,,,,,,False
2021-08-23 04:33:00-07:00,,26.3,2.7,,,,,,False
2021-08-23 04:34:00-07:00,,26.0,2.5,,,,,,False
2021-08-23 04:35:00-07:00,,26.1,2.4,,,,,,False
2021-08-23 04:36:00-07:00,,26.1,2.9,,,,,,False
2021-08-23 04:37:00-07:00,,26.2,2.9,,,,,,False
2021-08-23 04:38:00-07:00,,26.0,2.1,,,,,,False
2021-08-23 04:39:00-07:00,,25.6,2.5,,,,,,False
2021-08-23 04:40:00-07:00,,25.5,2.2,,,,,,False
2021-08-23 04:41:00-07:00,,25.4,2.5,,,,,,False
2021-08-23 04:42:00-07:00,,25.4,2.8,,,,,,False
2021-08-23 04:43:00-07:00,,25.4,2.8,,,,,,False
2021-08-23 04:44:00-07:00,,25.4,2.7,,,,,,False
2021-08-23 04:45:00-07:00,,25.3,2.8,,,,,,False
2021-08-23 04:46:00-07:00,,25.4,2.3,,,,,,False
2021-08-23 04:47:00-07:00,,25.1,2.1,,,,,,False
2021-08-23 04:48:00-07:00,,24.9,2.1,,,,,,False
2021-08-23 04:49:00-07:00,,24.9,2.2,,,,,,False
2021-08-23 04:50:00-07:00,,24.9,2.2,,,,,,False
2021-08-23 04:51:00-07:00,,25.0,2.0,,,,,,False
2021-08-23 04:52:00-07:00,,25.0,2.3,,,,,,False
2021-08-23 04:53:00-07:00,,25.1,3.4,,,,,,False
2021-08-23 04:54:00-07:00,,25.2,3.4,,,,,,False
2021-08-23 04:55:00-07:00,,25.2,3.3,,,,,,False
2021-08-23 04:56:00-07:00,,25.3,2.8,,,,,,False
2021-08-23 04:57:00-07:00,,25.3,2.9,,,,,,False
2021-08-23 04:58:00-07:00,,25.2,2.9,,,,,,False
2021-08-23 04:59:00-07:00,,25.1,2.6,,,,,,False
2021-08-23 05:00:00-07:00,,24.8,2.7,,,,,,False
2021-08-23 05:01:00-07:00,,24.5,3.3,,,,,,False
2021-08-23 05:02:00-07:00,,24.4,3.3,,,,,,False
2021-08-23 05:03:00-07:00,,23.9,3.3,,,,,,False
2021-08-23 05:04:00-07:00,,23.6,4.9,,,,,,False
2021-08-23 05:05:00-07:00,,24.5,7.1,,,,,,False
2021-08-23 05:06:00-07:00,,25.0,5.7,,,,,,False
2021-08-23 05:07:00-07:00,,24.8,4.4,,,,,,False
2021-08-23 05:08:00-07:00,,24.5,4.8,,,,,,False
2021-08-23 05:09:00-07:00,,24.6,3.7,,,,,,False
2021-08-23 05:10:00-07:00,,24.4,3.6,,,,,,False
2021-08-23 05:11:00-07:00,,24.0,3.4,,,,,,False
2021-08-23 05:12:00-07:00,,23.6,3.8,,,,,,False
2021-08-23 05:13:00-07:00,,23.4,4.3,,,,,,False
2021-08-23 05:14:00-07:00,,23.4,4.8,,,,,,False
2021-08-23 05:15:00-07:00,,23.5,4.5,,,,,,False
2021-08-23 05:16:00-07:00,,23.4,4.8,,,,,,False
2021-08-23 05:17:00-07:00,,23.3,4.6,,,,,,False
2021-08-23 05:18:00-07:00,,23.3,4.7,,,,,,False
2021-08-23 05:19:00-07:00,,23.2,4.1,,,,,,False
2021-08-23 05:20:00-07:00,,23.2,4.3,,,,,,False
2021-08-23 05:21:00-07:00,,23.2,4.4,,,,,,False
2021-08-23 05:22:00-07:00,,23.3,4.5,,,,,,False
2021-08-23 05:23:00-07:00,89.68959799152648,23.4,4.7,4.9031566917831695,9.20512248016245,809.4152745326276,7.450766739387152,1.4110531808615914,False
2021-08-23 05:24:00-07:00,89.12634146843372,23.4,3.9,5.625021168315752,10.563797992491866,816.3416334721803,8.623668108860949,2.543132137126334,False
2021-08-23 05:25:00-07:00,88.55801556579043,23.4,4.2,6.520830644345304,12.251974492876082,823.714193670728,10.09212529027375,3.9670321765256182,False
2021-08-23 05:26:00-07:00,87.98426350608312,23.3,4.4,7.965618395550715,14.97331850291152,834.3518898486285,12.493016590209663,6.301978002648418,False
2021-08-23 05:27:00-07:00,87.4049756596368,23.3,4.1,8.830616431915681,16.602296078037096,839.5254482525555,13.938050056935738,7.713514176971435,False
2021-08-23 05:28:00-07:00,86.82020217473696,23.2,4.5,10.668246059907519,20.066811141413055,849.4528739339038,17.045810394762196,10.75495158506703,False
2021-08-23 05:29:00-07:00,86.23009014344622,23.2,4.8,15.644979550714215,29.457107782804677,868.0900583114891,25.571422412862727,19.14083339674498,False
2021-08-23 05:30:00-07:00,85.6348417880929,23.3,4.5,15.389516976312958,28.971319517964822,866.8247018306234,25.113055402799574,18.69152250371507,False
2021-08-23 05:31:00-07:00,85.03468271440788,23.3,5.0,12.41331890079082,23.358585531184804,856.3619453651754,20.003403746464258,13.662237862504018,False
2021-08-23 05:32:00-07:00,84.42984416282955,23.3,4.9,11.617476606756643,21.856029684510265,853.1623169156351,18.646740924213674,12.32888783011456,False
2021-08-23 05:33:00-07:00,83.82055032184964,23.3,3.7,12.674488265332245,23.853072822220074,857.1750883618303,20.446259804087664,14.098694863912785,False
2021-08-23 05:34:00-07:00,83.20701089200463,23.1,3.8,13.677418241679367,25.737375082082497,862.2465365647708,22.191962524794068,15.80903726754853,False
2021-08-23 05:35:00-07:00,82.58941691231891,23.0,4.1,14.970851429266682,28.182967011700722,867.0249592781981,24.435335825658623,18.015990684111287,False
2021-08-23 05:36:00-07:00,81.96793876183547,22.9,3.5,16.26298489038182,30.614041170973227,871.6707967928535,26.685365660551454,20.229961541305325,False
2021-08-23 05:37:00-07:00,81.34272556398147,22.8,2.7,17.553843058337698,33.04809706136504,875.772285889842,28.942607507741037,22.453749454544464,False
2021-08-23 05:38:00-07:00,80.71390546256558,22.8,2.6,18.54404706863067,34.9233649323659,878.1829662641705,30.6691042082312,24.158422472037387,False
2021-08-23 05:39:00-07:00,80.0815864312288,22.7,2.4,19.732358527693023,37.16209360411536,881.708512425014,32.76613427028368,26.225472388238163,False
2021-08-23 05:40:00-07:00,79.44585692800422,22.6,2.5,21.876176654825432,41.199382531441195,887.2782256178212,36.555315029047,29.96427987497831,False
2021-08-23 05:41:00-07:00,78.80678881832152,22.6,1.9,31.308920557219047,59.02253010499552,903.1503928343321,53.3062212504029,46.533456756348244,False
2021-08-23 05:42:00-07:00,78.16443606015513,22.5,1.8,47.09790871304479,88.83846971964186,921.1104856996998,81.8300459922774,74.77581006277323,False
2021-08-23 05:43:00-07:00,77.5188376082237,22.4,1.7,66.52869384028705,125.59444877184538,934.5416468906024,117.37324299555779,109.98612915420001,False
2021-08-23 05:44:00-07:00,76.8700181289666,22.4,1.2,88.82911301786046,167.79476763515044,943.5935532388899,158.33006100774548,150.55735977492685,False
2021-08-23 05:45:00-07:00,76.21798903509982,22.4,0.9,108.04115102362616,204.17721544019315,948.587738560156,193.6800030599226,185.55978526862395,False
2021-08-23 05:46:00-07:00,75.56274942256253,22.4,1.4,114.94371199976854,217.19970948368874,950.8441299668638,206.5230687930736,198.26585522337461,False
2021-08-23 05:47:00-07:00,74.90428690130554,22.3,2.4,121.84481800126441,230.26478229414474,953.8072277177871,219.62821364101796,211.22202208346872,False
2021-08-23 05:48:00-07:00,74.24257831534436,22.2,3.4,128.6226572480684,243.00470303900013,956.9840859717754,232.55163362462022,223.99219218106697,False
2021-08-23 05:49:00-07:00,73.57759037438517,22.2,3.2,136.37438285642955,257.67641230490915,958.0375352310074,246.86367493176402,238.14846305071566,False
2021-08-23 05:50:00-07:00,72.90928017806857,22.2,3.1,145.08043881656317,274.23663611600756,958.8616170557792,262.95498436213234,254.061910811569,False
2021-08-23 05:51:00-07:00,72.23759520499908,22.3,3.0,155.94235698170206,294.8221197933877,959.4462861829437,282.86598792034874,273.74837163126926,False
2021-08-23 05:52:00-07:00,71.56247547371532,22.4,2.5,164.8518460024293,311.74264054345656,958.9470554324618,298.9446872018881,289.64752386607,False
2021-08-23 05:53:00-07:00,70.88385111263501,22.5,2.2,174.125511770259,329.3498352723768,958.5620317115008,315.7022472425376,306.211157382951,False
2021-08-23 05:54:00-07:00,70.20164437103115,22.5,2.3,183.0182883441362,346.1478959672429,959.3650992789044,332.08221057979785,322.3856622427697,False
2021-08-23 05:55:00-07:00,69.51576929943526,22.5,1.8,191.03803241666307,361.4181379119988,958.6561646941439,346.47572594161596,336.6062589860435,False
2021-08-23 05:56:00-07:00,68.82613182016144,22.5,1.9,200.00159906491376,378.48172463943285,958.893708873008,362.9237446801582,352.84207578643617,False
2021-08-23 05:57:00-07:00,68.1326297348853,22.5,2.0,209.07979624847286,395.6125996726031,959.4278764799826,379.56175641261115,369.25678098050145,False
2021-08-23 05:58:00-07:00,67.43515266514538,22.5,2.2,218.77642317079412,414.0473084211827,959.7583197783692,397.38534903907055,386.836701372306,False
2021-08-23 05:59:00-07:00,66.73358194608727,22.5,2.4,228.65592171474557,432.6593374516599,960.4043380692394,415.5279045947371,404.72116277362176,False
2021-08-23 06:00:00-07:00,66.02779044861708,22.5,2.9,236.65048411695614,447.79169147960766,961.3904871778054,430.50267242575353,419.4729685211783,False
2021-08-23 06:01:00-07:00,65.31764234875102,22.5,2.9,232.6666274564869,440.30219462456824,961.2825366041375,423.25481052107364,412.33004911465446,False
2021-08-23 06:02:00-07:00,64.60299235614622,22.5,2.4,236.18780618029177,447.06434068360306,960.0637162273603,429.2102523094346,418.2122141105645,False
2021-08-23 06:03:00-07:00,63.88368727483025,22.5,1.8,232.5228533655955,440.05079200184855,958.9990123881369,422.00827493039014,411.1235508531874,False
2021-08-23 06:04:00-07:00,63.15956271753768,22.4,1.7,232.8947442400667,440.7512300766579,959.2798844758635,422.8037890705311,411.90501660819467,False
2021-08-23 06:05:00-07:00,62.4304445278432,22.4,1.9,189.8152524909425,359.0242044167144,959.4840281227109,344.47798984730065,334.62630691094733,False
2021-08-23 06:06:00-07:00,61.69614774477171,22.3,1.8,159.96482342527702,302.48232717111125,958.0210475611583,289.7844359452051,280.6001902416554,False
2021-08-23 06:07:00-07:00,60.956475965845,22.2,1.7,135.86369571459412,256.7795246682002,955.8983680291199,245.4551285736257,236.77122626966178,False
2021-08-23 06:08:00-07:00,60.211220626597765,22.1,1.7,75.37460539697747,142.28941752860837,940.6254407674571,133.841046079392,126.28813779228258,False
2021-08-23 06:09:00-07:00,59.460160179011886,22.0,2.1,112.49518530754885,212.51946642754365,953.272150847713,202.58888885839286,194.3513792926253,False
2021-08-23 06:10:00-07:00,58.70305918811516,21.8,2.2,121.84169651730187,230.16044546656227,956.4941328906332,220.14711571226132,211.71574000791864,False
2021-08-23 06:11:00-07:00,57.93966728720304,21.7,2.3,98.19935824215908,185.4452398781858,951.4450117510361,176.44094843507418,168.45697258414518,False
2021-08-23 06:12:00-07:00,57.169718026316545,21.7,2.1,215.09418449355954,406.7773198195822,964.1508966285728,392.194717632218,381.67549912414324,False
2021-08-23 06:13:00-07:00,56.3929275712972,21.7,2.2,150.0425772829908,283.5495757521134,961.0626766914456,272.50891424705,263.4937225008629,False
2021-08-23 06:14:00-07:00,55.60899270668675,21.7,2.3,79.23328090015829,149.53192729017027,945.0945148579378,141.32180427807594,133.67969962459517,False
2021-08-23 06:15:00-07:00,54.81759130576747,21.7,2.2,155.25123924092853,293.46418724889816,961.4258406972958,282.1440529403206,273.01841062996203,False
2021-08-23 06:16:00-07:00,54.018377314930824,21.7,1.9,232.31200061708685,439.55055398231303,963.3447034187776,423.4386980636508,412.491158006474,False
2021-08-23 06:17:00-07:00,53.21098075698177,21.7,2.1,389.71730647413256,738.155477365344,953.6330575933358,703.9294648591813,688.2685803527396,False
2021-08-23 06:18:00-07:00,52.3950048366852,21.8,2.7,180.85680936549716,341.89514778471784,963.7769142351156,329.51065052391414,319.80731536758464,False
2021-08-23 06:19:00-07:00,51.570023241661175,21.9,2.5,435.83233322446347,825.6780413961444,949.2216010525628,783.7514324079924,766.4801427839506,False
2021-08-23 06:20:00-07:00,50.735577086259724,22.0,2.6,505.656411760919,958.2650327478813,940.8246554094477,901.5593692259486,881.7112920807898,False
2021-08-23 06:21:00-07:00,49.891171404892916,22.0,2.7,522.3872759525955,990.1017189786467,939.06618668464,929.7710456711848,909.262144641421,False
2021-08-23 06:22:00-07:00,49.03627114173352,22.0,2.6,539.2165312075331,1022.1483721838732,936.350592585352,957.0892340045227,935.9424194946416,False
2021-08-23 06:23:00-07:00,48.17029653689327,22.0,2.5,439.27525971590364,832.1776533542625,948.3980588098918,789.2356710261536,771.8565549851866,False
2021-08-23 06:24:00-07:00,47.29261778812549,22.0,2.9,154.3427197692308,291.7529466494987,960.7632002974628,280.3054947191874,271.2059137605226,False
2021-08-23 06:25:00-07:00,46.4025482716761,21.9,2.2,109.63598670036112,207.1117049807468,953.2062493882418,197.42017150910166,189.23187794885888,False
2021-08-23 06:26:00-07:00,45.49933971602818,21.9,2.4,109.99823451424338,207.79529559062473,953.497976069939,198.1323937825154,189.9353095132117,False
2021-08-23 06:27:00-07:00,44.58217016473892,21.9,2.8,112.0712900704685,211.6945022781771,954.4787592822075,202.05790588133894,193.81665600910938,False
2021-08-23 06:28:00-07:00,43.65013638521355,21.9,2.2,114.33388253814115,215.98150933289628,954.3572669273404,206.12352295378477,197.84441798284976,False
2021-08-23 06:29:00-07:00,42.70224144113166,21.9,2.2,352.3809050691027,667.2987536040132,956.4876492933486,638.2630162110839,623.841998915922,False
2021-08-23 06:30:00-07:00,41.73738058016708,21.9,1.7,519.9582057130432,985.6354321663118,935.1998112413412,921.7660701147126,901.5163321267428,False
2021-08-23 06:31:00-07:00,40.754324242044696,21.9,2.0,164.26540635383896,310.5742430981204,960.8163641804188,298.40481506162155,289.0983174166481,False
2021-08-23 06:32:00-07:00,39.751697473217185,22.0,2.3,342.20358225716296,648.0118493157499,957.1200117194229,620.2251088114157,606.1313285211066,False
2021-08-23 06:33:00-07:00,38.72795476076885,22.0,2.5,386.85784073861356,732.7693654206863,953.7590014378284,698.8853782478649,683.3240320248668,False
2021-08-23 06:34:00-07:00,37.681348968412316,22.1,2.9,127.67686723001705,241.2311800731214,956.71303800526,230.78901514934992,222.24950631438563,False
2021-08-23 06:35:00-07:00,36.60989262824142,22.1,2.8,373.0999582507913,706.737360315067,955.4040901537219,675.2197647094597,660.1049106231585,False
2021-08-23 06:36:00-07:00,35.51130836280253,22.2,3.4,543.8373889410159,1030.3230290261686,938.8810608493952,967.3507785096515,945.9015978719019,False
2021-08-23 06:37:00-07:00,34.38296950260239,22.3,3.0,498.5244391425293,944.7663210231649,941.8894028543159,889.8653859453777,870.2814340241761,False
2021-08-23 06:38:00-07:00,33.221814923051724,22.3,3.2,348.5013023641677,659.8616870176119,957.9295401820051,632.1010024285032,617.7774466092652,False
2021-08-23 06:39:00-07:00,32.02424571562962,22.3,3.4,655.2593827339178,1241.7939332625213,923.4247389650241,1146.7032386712942,1120.6372181786285,False
2021-08-23 06:40:00-07:00,30.7859821475497,22.3,3.4,670.8983474255247,1271.2729935010848,921.340836719847,1171.275723531634,1144.529711218355,False
2021-08-23 06:41:00-07:00,29.501869052594525,22.3,3.6,368.3320726759087,697.4363873063554,957.5895121756514,667.8577698942416,652.8582661308203,False
2021-08-23 06:42:00-07:00,28.165603402340295,22.3,3.3,622.4380493398227,1179.5086918569941,927.5104284893689,1094.006612191216,1069.3678980325149,False
2021-08-23 06:43:00-07:00,26.769342277507075,22.3,3.4,710.5408783378796,1346.6412862424838,915.4709178679437,1232.810934355275,1204.3259940410705,False
2021-08-23 06:44:00-07:00,25.30312006482354,22.4,3.1,856.4213358996188,1622.6283861632319,890.9256921265303,1445.6413180066322,1410.7099778770094,False
2021-08-23 06:45:00-07:00,23.753947575384792,22.5,3.4,813.9215109578158,1542.1165044873874,899.1777826801329,1386.6368991394063,1353.5394906595955,False
2021-08-23 06:46:00-07:00,22.10435112604311,22.7,3.2,665.1561522333595,1261.1705764532894,918.6059058644088,1158.5187398324126,1132.201008543018,False
2021-08-23 06:47:00-07:00,20.329855498401727,22.8,3.7,585.4333916589692,1109.512351380037,931.7899133622301,1033.832417766729,1010.7660694051228,False
2021-08-23 06:48:00-07:00,18.39430490396239,22.7,3.8,626.1113718086656,1186.5345349497786,927.4938778258006,1100.5035169948032,1075.6826459708684,False
2021-08-23 06:49:00-07:00,16.240161949557574,22.8,3.6,872.9732212993383,1653.8657089377177,889.8688125722945,1471.7235145664429,1435.9007388935145,False
2021-08-23 06:50:00-07:00,13.765120870319915,22.9,4.4,212.7145797400288,402.44609627831665,961.8433063563797,387.09008387455395,376.66174109243514,False
2021-08-23 06:51:00-07:00,10.749690925760623,22.8,4.3,230.76684290237753,436.65515330430617,962.4968503288683,420.2792097352638,409.38494789644244,False
2021-08-23 06:52:00-07:00,6.478665830318595,22.7,4.0,525.9149283929726,996.4253341313876,941.0526096471003,937.6886610028263,916.9511732670451,False
2021-08-23 06:53:00-07:00,0.7773761218719392,22.8,3.8,856.0076117415381,1621.7025509963776,893.8832405635754,1449.6127315148588,1414.472674726398,False
2021-08-23 06:54:00-07:00,0.6229094038349503,22.8,4.2,870.5483481626848,1648.5614119178397,894.6214216190175,1474.8383539561926,1438.7907961221654,False
2021-08-23 06:55:00-07:00,0.468597704823726,22.8,4.3,903.9232669603805,1711.4636584821478,890.2816707424149,1523.6847252884127,1485.983509848431,False
2021-08-23 06:56:00-07:00,0.3144428277877827,22.8,4.4,579.0183085909212,1097.0271714551043,935.9424135254075,1026.7542585546414,1003.8044945706894,False
2021-08-23 06:57:00-07:00,0.1604465795027087,22.8,4.7,144.4050791613373,272.9468867641203,957.6603224882377,261.39040360068793,252.52376312793734,False
2021-08-23 06:58:00-07:00,0.006610770945419857,22.7,4.4,126.66823432414995,239.40263648987604,954.7584399973694,228.57168774633132,220.0693472637743,False
2021-08-23 06:59:00-07:00,0.1470628870377049,22.7,3.5,125.69800555431054,237.56543491500364,953.6767287488357,226.56062683353508,218.08661427228162,False
2021-08-23 07:00:00-07:00,0.3005723693180825,22.7,4.4,176.58925318626456,333.88172313809434,961.3121066246044,320.9645426333345,311.38668163049095,False
2021-08-23 07:01:00-07:00,0.4539159564246029,22.7,3.6,141.14599286311133,266.82885217452895,956.2807412981061,255.16329255718128,246.37420588619423,False
2021-08-23 07:02:00-07:00,0.6070918216123513,22.7,3.0,121.24648456103478,229.1166400107631,952.3901692530592,218.2084355585429,209.8267646287194,False
2021-08-23 07:03:00-07:00,0.7600981336693687,22.7,4.1,136.25966007048433,257.5276687655181,956.267991470482,246.26546655847756,237.57024438475952,False
2021-08-23 07:04:00-07:00,0.91293305800489,22.7,3.5,122.31179029630331,231.1248606693177,953.1452723639629,220.29556827273979,211.8877431134115,False
2021-08-23 07:05:00-07:00,1.065594754873946,22.7,3.4,118.3478526923816,223.68402349051127,951.9666809271455,212.9397374186917,204.61256695824224,False
2021-08-23 07:06:00-07:00,1.2180813804643569,22.7,3.3,114.61755445795124,216.5953612812439,951.1690242547045,206.01879844797594,197.7640169839812,False
2021-08-23 07:07:00-07:00,1.3703910865502942,22.7,3.3,111.38864302102827,210.48136335039075,950.4283852234774,200.04746228874794,191.85460500446592,False
2021-08-23 07:08:00-07:00,1.5225220201440057,22.7,3.9,111.529506495607,210.75529892987998,950.9754357853117,200.42311224390625,192.2227541809945,False
2021-08-23 07:09:00-07:00,1.6744723245826323,22.6,4.4,113.4874760128054,214.44912197293937,952.4436552331429,204.25070559344448,196.00344928066986,False
2021-08-23 07:10:00-07:00,1.826240239467086,22.5,4.4,115.1504758076155,217.58072150831947,953.4066503023718,207.44290686362007,199.15812322100757,False
2021-08-23 07:11:00-07:00,1.9778236947861147,22.5,3.5,115.98791236868483,219.13834613020066,952.8897567989949,208.81468534934086,200.5205245737858,False
2021-08-23 07:12:00-07:00,2.1292209212008313,22.6,3.2,116.77343409940899,220.6500990036392,952.1628690621906,210.09483132616148,201.7936974557404,False
2021-08-23 07:13:00-07:00,2.280430042495206,22.5,3.7,118.30080337657391,223.53469241550266,953.5042409036379,213.14127720727203,204.80078651401246,False
2021-08-23 07:14:00-07:00,2.431449178480972,22.5,3.5,120.47763922920417,227.61582304643008,953.9303581889857,217.12964360816184,208.747085256024,False
2021-08-23 07:15:00-07:00,2.5822764432555365,22.5,3.8,122.8518504273313,232.16248538502543,954.4874080600017,221.59616892392097,213.16545727827452,False
2021-08-23 07:16:00-07:00,2.732909946263943,22.5,3.5,124.06749265907263,234.43717694717458,954.5335609141426,223.77815332204545,215.32544115404457,False
2021-08-23 07:17:00-07:00,2.8833477919710404,22.5,3.4,124.77894398158995,235.76949681447257,954.6251501349243,225.07149129375145,216.60520670003407,False
2021-08-23 07:18:00-07:00,3.03358807952088,22.4,3.5,127.52849289769588,241.02746810975276,955.5253261897701,230.30785008626594,221.7822123432222,False
2021-08-23 07:19:00-07:00,3.183628903809356,22.4,3.7,138.53505700020182,261.81204141034203,957.7656690251555,250.75458500021796,242.00057435051008,False
2021-08-23 07:20:00-07:00,3.3334683537433523,22.4,3.0,148.65199651634705,280.99957773259797,958.1903141351647,269.25107365944666,260.2947947891087,False
2021-08-23 07:21:00-07:00,3.4831046135865167,22.4,2.8,144.30059881098165,272.74664904466334,957.446090542254,261.14021283631314,252.2779659428639,False
2021-08-23 07:22:00-07:00,3.6325355613880244,22.4,2.9,134.98209483694285,255.1375375411033,956.1239063938698,243.94309906151233,235.27318749207558,False
2021-08-23 07:23:00-07:00,3.781759370718875,22.4,2.6,139.98945702945568,264.5693353645797,956.677946268285,253.10764840215123,244.3372618691121,False
2021-08-23 07:24:00-07:00,3.930774110207373,22.4,3.2,159.42469180397214,301.4387990960078,959.4988744951288,289.23018846178275,280.04007825349396,False
2021-08-23 07:25:00-07:00,4.079577842254386,22.4,3.4,159.8154049980074,302.17557905213073,959.810857613682,290.03140167993655,280.82958573948054,False
2021-08-23 07:26:00-07:00,4.228168624070324,22.4,2.4,146.6829727384815,277.29780666254055,957.0959841829912,265.400617179469,256.49507464639277,False
2021-08-23 07:27:00-07:00,4.376544507368804,22.4,2.5,146.79254099119575,277.5057980332049,957.2367344038116,265.63874388742875,256.7294928855743,False
2021-08-23 07:28:00-07:00,4.524703538026445,22.4,3.0,171.76006851744486,324.7338514525631,960.4884891461976,311.9031263562981,302.4408932481451,False
2021-08-23 07:29:00-07:00,4.672643757144408,22.4,2.5,240.04165856554903,454.23367448244994,960.9982548504408,436.5177684719376,425.40489459472263,False
2021-08-23 07:30:00-07:00,4.82036319934749,22.4,2.5,406.03568916853806,769.4669761913665,949.5602048841126,730.6552195638326,714.5043199891074,False
2021-08-23 07:31:00-07:00,4.967859893829991,22.5,2.1,381.9342756796945,723.685311296998,950.147194256503,687.6075680534865,672.3174666933521,False
2021-08-23 07:32:00-07:00,5.115131962729162,22.6,2.9,272.70306873217737,516.1907584025961,959.9602476941343,495.5226082935792,483.52627649345243,False
2021-08-23 07:33:00-07:00,5.262177225911978,22.6,3.6,574.8525022561471,1089.2636236921803,933.8107821441328,1017.1661164011471,994.5085065418688,False
2021-08-23 07:34:00-07:00,5.408993794581294,22.6,3.4,581.8689023210752,1102.6982268698107,931.8841972061055,1027.5870519071696,1004.686051096009,False
2021-08-23 07:35:00-07:00,5.555579674400715,22.7,2.8,624.8883468013476,1184.7575388655307,922.2440151410486,1092.635549611974,1068.1321948829989,False
2021-08-23 07:36:00-07:00,5.701932865381455,22.8,3.9,721.5188429751379,1367.1920650898705,914.4410742289817,1250.2165806781213,1221.2141658973806,False
2021-08-23 07:37:00-07:00,5.848051361566646,22.8,4.0,811.6878369557883,1537.930617233375,901.8312504323019,1386.9538916176962,1353.7854894667162,False
2021-08-23 07:38:00-07:00,5.993933150711079,22.8,3.6,838.1300771690635,1588.249272560466,895.1210042601448,1421.6752838697685,1387.4762446473314,False
2021-08-23 07:39:00-07:00,6.13957621533231,22.9,4.1,675.7973100358037,1280.8038028304748,921.2426298626996,1179.9310636576931,1152.9303533831594,False
2021-08-23 07:40:00-07:00,6.284978531035414,22.8,4.3,417.1868946519088,790.236059387407,952.947035679656,753.0531102804022,736.3880107603543,False
2021-08-23 07:41:00-07:00,6.430138067559313,22.8,5.0,303.3113231617461,573.9968396241347,962.8639646211072,552.6808726804802,539.7154463129417,False
2021-08-23 07:42:00-07:00,6.575052788470128,22.7,5.3,311.9391370449505,590.2818967817147,963.7567938810687,568.8881883283814,555.6338236708085,False
2021-08-23 07:43:00-07:00,6.719720650846214,22.6,5.8,417.7592154557128,790.7460440127527,958.9580065639216,758.2922500647763,741.4325606771254,False
2021-08-23 07:44:00-07:00,6.864139703079536,22.6,6.0,495.224139053777,937.400534480032,952.8299370506948,893.1832922598965,873.3485411648261,False
2021-08-23 07:45:00-07:00,7.0083076960187425,22.6,5.2,524.162811649958,992.5113254738704,946.855614007489,939.7649204909485,918.8811406142951,False
2021-08-23 07:46:00-07:00,7.152222665067003,22.7,5.6,680.6722206634893,1288.7195189042786,929.7239351558177,1198.1533824277983,1170.4383465671149,False
2021-08-23 07:47:00-07:00,7.295882542336747,22.7,5.8,813.672494655327,1540.2950112098004,913.1823659866081,1406.5702426539349,1372.47333194254,False
2021-08-23 07:48:00-07:00,7.4392852532791585,22.8,5.2,917.5224904042323,1736.1965604773352,894.5910077886904,1553.1858307566772,1514.2895867944467,False
2021-08-23 07:49:00-07:00,7.582428717711536,23.0,4.9,923.9394117394157,1749.0172502358182,890.3894201643496,1557.3064552949152,1518.3632953024673,False
2021-08-23 07:50:00-07:00,7.725310848183789,22.9,6.2,761.2633880053829,1440.8946292792477,921.4548512709526,1327.7193463196236,1296.088608541351,False
2021-08-23 07:51:00-07:00,7.867929551020345,22.7,6.6,711.0962123214351,1345.951803867251,930.6531494268052,1252.614285245747,1223.201475350605,False
2021-08-23 07:52:00-07:00,8.010282726011626,22.7,5.8,735.5487272018709,1392.643715153244,923.5620572620916,1286.192894600052,1255.8638027975258,False
2021-08-23 07:53:00-07:00,8.152368266132568,22.7,6.0,531.6127313369595,1006.5124337797258,948.5337002676782,954.7109631785097,933.423157288669,False
2021-08-23 07:54:00-07:00,8.294184058551963,22.7,5.9,731.0693016184939,1384.079506591992,924.6847374916587,1279.8371952206005,1249.6874542889225,False
2021-08-23 07:55:00-07:00,8.435728077863926,22.7,6.6,559.416845238399,1059.1636295186822,947.742659989886,1003.814555604578,981.2694522614403,False
2021-08-23 07:56:00-07:00,8.576998007618124,22.5,6.8,480.9529965206371,910.3132825251818,957.1565370394563,871.3123091228232,851.9334264907808,False
2021-08-23 07:57:00-07:00,8.717991809537798,22.5,5.8,636.8007822654877,1205.7927646381554,936.8698789610928,1129.6709214587102,1103.8424329049533,False
2021-08-23 07:58:00-07:00,8.858707343377658,22.6,6.1,891.6363205963597,1686.8978563822593,904.9242412084187,1526.5147626828239,1488.346073327053,False
2021-08-23 07:59:00-07:00,8.9991424629614,22.6,6.3,995.6518353474642,1882.5536511604682,891.6244572325226,1678.530877427056,1634.8889245163994,False
2021-08-23 08:00:00-07:00,9.139295014577955,22.6,6.7,1050.9922752569819,1985.748789023349,886.681055519855,1760.725832248497,1713.8852245748028,False
2021-08-23 08:01:00-07:00,9.279162838015566,22.6,6.6,1081.6332299018295,2043.5017809984245,881.5330698064578,1801.414398158505,1753.0220161642635,False
2021-08-23 08:02:00-07:00,9.418743766272124,22.7,6.5,1094.3450494050262,2067.309609005166,878.5573330727361,1816.2500167232192,1767.3173993958612,False
2021-08-23 08:03:00-07:00,9.55803562528058,22.7,6.5,1114.2512271903197,2104.689080375495,875.6429401695307,1842.956134482704,1792.9698721765367,False
2021-08-23 08:04:00-07:00,9.697036234924434,22.8,6.8,581.479955601693,1100.6495413066357,945.9029066158165,1041.107600287312,1017.5961101381389,False
2021-08-23 08:05:00-07:00,9.835743407459857,22.7,6.6,638.7550680729306,1209.1414885344238,939.2222934940886,1135.6526420201578,1109.6061724773645,False
2021-08-23 08:06:00-07:00,9.97415504126072,22.7,6.2,890.5875158263159,1684.7301921523738,905.2659270306361,1525.1288391953206,1487.0026350312735,False
2021-08-23 08:07:00-07:00,10.11226874947443,22.8,5.4,559.5049616440022,1059.7541985241937,942.5080773144865,998.8268920769925,976.5026450275572,False
2021-08-23 08:08:00-07:00,10.250082416645318,22.8,5.9,200.48248518198582,379.15605859305003,964.3253256314605,365.6297896678841,355.4635562430003,False
2021-08-23 08:09:00-07:00,10.387593828269084,22.7,6.7,174.0164296673798,328.954976052578,964.0473573607961,317.12817535417184,307.57313313626884,False
2021-08-23 08:10:00-07:00,10.524800762150026,22.6,6.4,166.1183427328038,314.01698651020524,963.3500474821747,302.5082788648156,293.13275560369374,False
2021-08-23 08:11:00-07:00,10.661700989425782,22.5,5.3,160.55432676866485,303.48708490972984,961.9918251804154,291.95209473099465,282.71029294968463,False
2021-08-23 08:12:00-07:00,10.798292274295001,22.4,6.3,158.70304626302095,299.95189415699707,963.4551928032633,288.9902100167336,279.7702604235263,False
2021-08-23 08:13:00-07:00,10.934572373754902,22.4,6.0,159.2820346976631,301.0262375791542,963.2777068783762,289.9718638454729,280.7421465457039,False
2021-08-23 08:14:00-07:00,11.070539038611555,22.4,5.1,163.256666177955,308.5420125569003,962.7412827167092,297.0461329410252,287.7393548996693,False
2021-08-23 08:15:00-07:00,11.206190011949845,22.4,4.4,173.8096902588415,328.61105324628414,962.5909922048727,316.3180397938289,306.78517860819403,False
2021-08-23 08:16:00-07:00,11.341523030148572,22.4,5.9,201.54370682634945,381.04904212528254,966.6400890657997,368.33728001842076,358.1144455238191,False
2021-08-23 08:17:00-07:00,11.4765359130448,22.4,5.7,403.48979309843673,763.8061679079703,960.6271414435967,733.7329356944214,717.368184944815,False
2021-08-23 08:18:00-07:00,11.611226201757962,22.4,5.7,458.16864989597866,867.4955958038861,955.9930225526327,829.3197366836541,810.9350231084394,False
2021-08-23 08:19:00-07:00,11.745591702907381,22.4,5.4,331.08307889521427,626.5966566523256,964.491353463376,604.3470574502278,590.4544236286613,False
2021-08-23 08:20:00-07:00,11.87963012475144,22.4,5.7,225.85769731900808,427.1122502255726,967.2059461369811,413.10550808612004,402.26715537542333,False
2021-08-23 08:21:00-07:00,12.01333916883452,22.4,5.2,233.8514161504074,442.3421212407942,966.3545740221856,427.4593321437177,416.4246326185608,False
2021-08-23 08:22:00-07:00,12.146716529740273,22.4,5.2,286.2303714732127,541.6330344609436,965.7817779398226,523.0993150126312,510.5961475408333,False
2021-08-23 08:23:00-07:00,12.27975989485391,22.5,5.4,476.93350869226333,903.195032007285,952.6650582770775,860.442347802787,841.3883222373412,False
2021-08-23 08:24:00-07:00,12.412466945354279,22.5,5.3,235.0590099624753,444.5681349832494,966.1792338053748,429.5325000324003,418.4696190812885,False
2021-08-23 08:25:00-07:00,12.54483535473746,22.5,5.9,211.13706443090612,399.25992252584706,966.4830810779007,385.87796007370457,375.42263709001776,False
2021-08-23 08:26:00-07:00,12.676862789821143,22.5,5.4,219.7043305810132,415.55666445843553,965.8728339956467,401.3748931862472,390.7132726858745,False
2021-08-23 08:27:00-07:00,12.808546910505989,22.5,4.7,294.26995807154253,556.8353087698667,964.0611443539434,536.8232849893592,524.1117907243196,False
2021-08-23 08:28:00-07:00,12.939885369547746,22.5,5.6,257.52634609593304,487.11150015680846,966.7876885209304,470.9334012885637,459.2479528362164,False
2021-08-23 08:29:00-07:00,13.07087590126504,22.5,5.7,320.88307795178713,607.2735930155065,965.1408300357044,586.1045396217506,572.5316456520998,False
2021-08-23 08:30:00-07:00,13.201515968973602,22.6,4.4,364.9342664773119,690.8585352450517,958.8222061218675,662.4105048817825,647.5007428164417,False
2021-08-23 08:31:00-07:00,13.331803293016389,22.6,5.0,319.47525423437054,604.7140371637753,962.999676442154,582.3394221287443,568.8582450114266,False
2021-08-23 08:32:00-07:00,13.461735498946009,22.7,4.7,312.48372188640536,591.4337568435077,962.2075200097003,569.0820084224116,555.8421165061344,False
2021-08-23 08:33:00-07:00,13.591310205261887,22.7,4.7,675.0941376487103,1278.9934431671218,925.6128886330824,1183.8528154726919,1156.6491733366202,False
2021-08-23 08:34:00-07:00,13.720525024642644,22.9,4.0,1159.8736171793723,2192.3791410733393,847.0931079498289,1857.1492604161913,1807.4147480524737,False
2021-08-23 08:35:00-07:00,13.849377561559404,23.1,4.8,1211.5099117067007,2287.7549146114366,845.2355814891624,1933.691855556287,1827.3,False
2021-08-23 08:36:00-07:00,13.977865414704386,23.3,4.0,642.4282308977879,1217.6855766497688,923.2415802723318,1124.2179560609584,1098.8037069697841,False
2021-08-23 08:37:00-07:00,14.105986175831758,23.6,3.9,402.77593095342843,763.1453214620824,948.8325140100018,724.0970939178385,708.0908222870603,False
2021-08-23 08:38:00-07:00,14.233737430009956,23.5,4.5,524.7168773645153,994.2863146127694,939.1798896973776,933.8137112856328,913.2029167388655,False
2021-08-23 08:39:00-07:00,14.361116755437967,23.4,4.7,465.2171789965427,881.3929043983686,946.7395305068836,834.4495045022101,816.0852722879844,False
2021-08-23 08:40:00-07:00,14.48812180944503,23.4,4.2,1069.445807600927,2023.5866305134182,860.6609887598214,1741.6220702588337,1696.3058148558248,False
2021-08-23 08:41:00-07:00,14.614749986707729,23.5,4.9,633.1329771932609,1199.8793969474918,927.8328474084009,1113.2875174164662,1088.0986746732092,False
2021-08-23 08:42:00-07:00,14.740998931231404,23.4,5.1,895.8984655999926,1696.4571710819,893.6993772213742,1516.1227172786284,1478.6125084020096,False
2021-08-23 08:43:00-07:00,14.866866195232653,23.4,4.3,1113.9401496865462,2106.1927244801955,854.7395085888318,1800.2461343155749,1752.687865787228,False
2021-08-23 08:44:00-07:00,14.992349324241266,23.6,5.3,635.2092266764773,1203.7562616014297,928.9074441309659,1118.1781523208308,1092.8298578444444,False
2021-08-23 08:45:00-07:00,15.117445858081517,23.3,5.3,374.9346030887522,709.9075568377044,957.0004262628204,679.3818345008805,664.1649447109173,False
2021-08-23 08:46:00-07:00,15.242153329509703,23.2,5.3,322.3181870018241,610.2683351593364,960.3760363430029,586.0870848259667,572.5703630946552,False
2021-08-23 08:47:00-07:00,15.36646926520487,23.1,4.9,292.01601315886177,552.7666967304824,961.297788131349,531.3734029196848,518.7831590877378,False
2021-08-23 08:48:00-07:00,15.490391185580176,23.2,4.9,296.5818019713841,561.4957096725412,960.5292975098193,539.3330795665435,526.6190020886116,False
2021-08-23 08:49:00-07:00,15.613916604606871,23.2,5.2,320.0366189811787,605.8322248094106,960.4326447266909,581.8610459343573,568.4182748516341,False
2021-08-23 08:50:00-07:00,15.737043030786342,23.2,5.2,325.8754177453795,616.929111960802,960.1103900570859,592.3200503222572,578.6957278877704,False
2021-08-23 08:51:00-07:00,15.859768047992988,23.1,5.3,490.7902646308391,929.642238477139,947.903111956512,881.2107708586979,861.739613152559,False
2021-08-23 08:52:00-07:00,15.98208898752742,23.1,5.5,423.53193206279866,801.9295050006924,954.9463294230903,765.7996372564869,748.8352894629254,False
2021-08-23 08:53:00-07:00,16.10400342174005,23.1,5.6,337.35748445671777,638.7029296775371,960.9192938707482,613.7419681789172,599.7210857215981,False
2021-08-23 08:54:00-07:00,16.22550883440146,23.2,4.6,480.1029104565075,909.7483354528281,945.725960479279,860.3726183405511,841.425895143391,False
2021-08-23 08:55:00-07:00,16.346602704106527,23.3,5.4,310.577399401966,587.8525091959428,960.8727749856487,564.8514717933822,551.7001409598486,False
2021-08-23 08:56:00-07:00,16.46728250298583,23.3,4.8,287.2263055875558,543.6693716468245,960.3013467103689,522.0864297576256,509.65987901590125,False
2021-08-23 08:57:00-07:00,16.587545697680167,23.3,5.5,604.7194279547151,1145.64120737696,935.1301478081418,1071.3236315895147,1047.1769888143613,False
2021-08-23 08:58:00-07:00,16.707389749183644,23.3,5.7,636.2001201408814,1205.268234691263,932.221899121811,1123.5774426950818,1098.0122512099908,False
2021-08-23 08:59:00-07:00,16.82681211270133,23.3,5.4,339.2654477606398,642.3538771128885,959.3391578128026,616.235227487267,602.187782732211,False
2021-08-23 09:00:00-07:00,16.94581023860707,23.4,5.0,337.3322646683621,638.7196122950018,957.9691283844932,611.8736702723243,597.9224572201321,False
2021-08-23 09:01:00-07:00,17.064381571196297,23.4,5.6,303.37617328750815,574.3823486779452,960.7777668589185,551.8537902859769,538.9260220205618,False
2021-08-23 09:02:00-07:00,17.182523628731243,23.3,5.8,285.2358416878028,539.7666329775863,962.5794107186755,519.5682474971685,507.15791178510636,False
2021-08-23 09:03:00-07:00,17.30023368669875,23.2,5.1,298.47435987810184,565.0028568858932,961.0231056127029,542.9808002045305,530.2000988183629,False
2021-08-23 09:04:00-07:00,17.41750925301993,23.2,4.8,336.0804248163888,636.4570498189443,958.3590158058611,609.9543518671852,596.0333784648699,False
2021-08-23 09:05:00-07:00,17.53434775182668,23.3,4.1,382.72708723654443,725.1435350585613,952.5222708727972,690.7153667227087,675.33290913087,False
2021-08-23 09:06:00-07:00,17.650746601615545,23.4,4.2,480.4617347603115,910.4875813915511,943.251019689748,858.8183395624328,839.9454908415564,False
2021-08-23 09:07:00-07:00,17.766703216211095,23.5,4.1,641.9294858842891,1216.7244643416127,922.8456667923682,1122.8488995979228,1097.4812355152606,False
2021-08-23 09:08:00-07:00,17.882215004642838,23.6,5.0,675.1952878819643,1279.6411622574835,922.4009800917636,1180.342262232066,1153.3065470899255,False
2021-08-23 09:09:00-07:00,17.997279371034498,23.6,4.6,492.20333488268477,932.8118844610016,942.4291028987856,879.1090674459073,859.7726081741972,False
2021-08-23 09:10:00-07:00,18.111893715554746,23.7,4.9,850.7366250608756,1611.1586433865523,897.6026873675464,1446.1803280792196,1411.0724304046423,False
2021-08-23 09:11:00-07:00,18.226055433244216,23.7,4.8,493.05276502414387,934.3638691731252,942.6290689259944,880.7585440367528,861.3798977474901,False
2021-08-23 09:12:00-07:00,18.339761914970428,23.8,4.0,433.4698205212792,821.674370533716,945.0147851602514,776.4944287416046,759.4398680969006,False
2021-08-23 09:13:00-07:00,18.453010547329388,23.9,4.0,830.6952148989672,1574.1984254973834,893.5372748255397,1406.6049711535875,1372.9590159497748,False
2021-08-23 09:14:00-07:00,18.565798788022764,24.0,4.8,514.9435298993517,976.0152720180045,938.7333146542065,916.2180514545884,896.0473637818403,False
2021-08-23 09:15:00-07:00,18.678123864585668,23.9,4.1,441.07962659710176,835.9500091094725,944.3163439600687,789.4012563356432,772.076886251397,False
2021-08-23 09:16:00-07:00,18.789983227047443,24.0,4.0,505.73838199537124,958.9185014822483,936.3849366591528,897.9168402717448,878.226379380373,False
2021-08-23 09:17:00-07:00,18.901374246050278,24.1,5.0,518.3245960062764,982.4845814068899,938.5672943877494,922.1278953487451,901.8152175361195,False
2021-08-23 09:18:00-07:00,19.01229428854322,24.0,4.6,572.9665913722936,1085.9923941200136,931.3859474902611,1011.478054964686,989.0126271577498,False
2021-08-23 09:19:00-07:00,19.1227407177076,24.1,4.7,480.26277172530746,910.1713420703295,941.6067109811196,857.0234438361144,838.217284767679,False
2021-08-23 09:20:00-07:00,19.232710893903842,24.0,4.1,367.72055808457105,696.793744577744,950.1361987704389,662.0489598001178,647.2562241693737,False
2021-08-23 09:21:00-07:00,19.34220217356761,24.0,3.2,366.1318884806763,693.8643722202223,947.550460332362,657.4715053054971,642.7989784077558,False
2021-08-23 09:22:00-07:00,19.451211910168375,24.1,3.3,352.34850053175927,667.8128348404263,948.2787096076772,633.2726932819243,619.0460871541742,False
2021-08-23 09:23:00-07:00,19.5597374541373,24.1,4.6,476.6565244076834,903.4247963084542,941.5303984902738,850.6019084742933,831.9454521867193,False
2021-08-23 09:24:00-07:00,19.667776152805946,24.2,3.3,634.6533304362318,1203.8849344180826,915.7830808538305,1102.4974542349032,1077.837681530075,False
2021-08-23 09:25:00-07:00,19.77532542330853,24.4,3.4,440.2563114976895,834.8371993845499,939.0867503015373,783.9845526008735,766.8524111966966,False
2021-08-23 09:26:00-07:00,19.882382463363175,24.7,3.6,337.4955243848704,639.8104469235991,946.9592321081029,605.8744095135136,592.1639140849127,False
2021-08-23 09:27:00-07:00,19.988944684952315,24.6,3.6,317.8366166543684,602.3639802163085,948.8419866472367,571.548235673179,558.4198186618046,False
2021-08-23 09:28:00-07:00,20.095009425456706,24.4,4.0,296.50971197160743,561.8471903003838,951.8889432226466,534.8161282276455,522.2732366957298,False
2021-08-23 09:29:00-07:00,20.200574019897815,24.3,3.0,280.4813297978294,531.5159176023245,950.5735950618742,505.2449966278526,493.19517920487414,False
2021-08-23 09:30:00-07:00,20.30563580187973,24.4,2.7,275.1571577746873,521.4237524529192,949.5719302975505,495.12935911971056,483.24960750631095,False
2021-08-23 09:31:00-07:00,20.410192102567713,24.5,2.7,275.1308882554679,521.3499813140983,949.1284141652736,494.82808098974516,482.95775239847904,False
2021-08-23 09:32:00-07:00,20.514240251634934,24.5,3.2,271.7759798867274,514.8909822389786,950.5574305295457,489.43344907991747,477.63203622701695,False
2021-08-23 09:33:00-07:00,20.617777577232662,24.5,3.2,266.3891888268291,504.74193313194354,950.5855243653823,479.80037517542524,468.14730541605616,False
2021-08-23 09:34:00-07:00,20.720801405964238,24.5,3.3,263.67523016949536,499.61570398435225,950.8295967491348,475.04939834897675,463.4663776929037,False
2021-08-23 09:35:00-07:00,20.823309063821295,24.5,2.7,258.6169836409213,490.0073641228655,949.6758763907649,465.3481729613109,453.92375985118866,False
2021-08-23 09:36:00-07:00,20.92529794342268,24.5,3.1,261.6029109315189,495.57180002419994,950.6651013314251,471.1228154870028,459.60113574699517,False
2021-08-23 09:37:00-07:00,21.02676523174038,24.4,3.7,270.9464031595273,513.2407776000553,952.3014999005036,488.75996231863337,476.95060448651213,False
2021-08-23 09:38:00-07:00,21.127708320438305,24.3,3.8,279.39709837453245,529.2797413555344,952.7376223446552,504.26472233426597,492.20721614710897,False
2021-08-23 09:39:00-07:00,21.228124531949565,24.3,4.4,285.1114622553031,540.0163119259663,954.0315768748721,515.1926136048825,502.94633169404926,False
2021-08-23 09:40:00-07:00,21.328011188972813,24.3,4.6,299.0492929268864,566.4931562171794,953.9066825474562,540.3816073329675,527.7239653701845,False
2021-08-23 09:41:00-07:00,21.427365613541543,24.3,4.2,311.4573815787072,590.2154636914793,952.1597888586548,561.979431289592,548.9771754195234,False
2021-08-23 09:42:00-07:00,21.526185127958556,24.3,3.2,325.00309915096665,615.9297084711867,948.8948619595491,584.452535696552,571.0991302692369,False
2021-08-23 09:43:00-07:00,21.624467054804892,24.4,3.8,367.8079612903956,697.1795097784485,947.0487730792441,660.2629993516686,645.5435470832106,False
2021-08-23 09:44:00-07:00,21.722208716951815,24.3,4.0,431.4390178741588,817.9637838204318,942.6336810176773,771.0402124818013,754.1363142566206,False
2021-08-23 09:45:00-07:00,21.819407438487126,24.4,2.8,617.0608983882189,1170.6058396603148,914.6326749715158,1070.674350465791,1046.9167496673363,False
2021-08-23 09:46:00-07:00,21.91606054382634,24.7,3.0,1050.9924893374405,1990.6592295073215,846.7065395699168,1685.5041876790608,1642.815773919071,False
2021-08-23 09:47:00-07:00,22.01216542290527,24.9,3.2,1228.876732511985,2322.5823604983766,817.9334719512276,1899.7178540151149,1827.3,False
2021-08-23 09:48:00-07:00,22.1077192737902,25.0,2.8,1222.9495349869364,2311.563201266024,814.4174501826927,1882.5774083112178,1827.3,False
2021-08-23 09:49:00-07:00,22.202719489389473,25.3,3.3,1182.2867881449106,2235.5031150828395,824.9252729705668,1844.1230174362636,1795.6102388161703,False
2021-08-23 09:50:00-07:00,22.29716340021797,25.3,3.6,685.9020130591827,1301.3078195617145,904.7652530587785,1177.3780986731217,1150.7766082522,False
2021-08-23 09:51:00-07:00,22.391048338184152,25.3,4.0,981.4924857626318,1859.4411919316838,863.3247460981622,1605.301594908885,1565.255298870471,False
2021-08-23 09:52:00-07:00,22.484371637515334,25.5,4.1,1103.5771008377683,2088.0249780495583,844.1201063138842,1762.543866457239,1716.848292964185,False
2021-08-23 09:53:00-07:00,22.577130634802288,25.7,4.2,725.5283727787951,1376.398063522739,900.5406782531297,1239.5024456710617,1211.1176105166587,False
2021-08-23 09:54:00-07:00,22.66932266905302,25.8,4.5,612.3400070347617,1161.7821023247152,916.577649895031,1064.863509038896,1041.229375078944,False
2021-08-23 09:55:00-07:00,22.760945082602355,25.7,4.6,632.7920102660676,1200.4446190574313,915.0345001234332,1098.4482419250817,1073.915645351965,False
2021-08-23 09:56:00-07:00,22.851995220315366,25.6,4.7,823.3769254453098,1561.274079404643,890.2097666022456,1389.8614338289435,1356.8592409765945,False
2021-08-23 09:57:00-07:00,22.942470430504983,25.6,4.5,936.1480329911257,1773.5968260563513,872.6340407730394,1547.7009650237912,1509.5618929044058,False
2021-08-23 09:58:00-07:00,23.032368064995328,25.6,5.0,436.42834669927186,827.5353398455375,938.9731734085035,777.0334841624486,760.0527430991976,False
2021-08-23 09:59:00-07:00,23.121685538893296,25.5,4.9,381.7254878363197,723.8386623427177,943.4374893640162,682.8965303052214,667.7859130640439,False
2021-08-23 10:00:00-07:00,23.210420092302904,25.6,4.4,354.724928522824,672.6897461920341,943.3386785553648,634.5742562505372,620.3843997994661,False
2021-08-23 10:01:00-07:00,23.298569148941446,25.4,5.7,295.1398769595361,559.2537817086401,950.691142218534,531.6776165226217,519.1996904183306,False
2021-08-23 10:02:00-07:00,23.386130077081134,25.2,5.6,274.47254720583004,519.9477950763592,952.0967756262067,495.0406191861573,483.13542725934985,False
2021-08-23 10:03:00-07:00,23.47310024972008,25.1,5.2,265.2923145349152,502.64901902791763,951.7443297479514,478.3933537131908,466.7497471269224,False
2021-08-23 10:04:00-07:00,23.559477044672732,25.0,4.3,262.2804127503862,497.017229021537,950.3849626024465,472.35770061640505,460.8202030860294,False
2021-08-23 10:05:00-07:00,23.645257845464098,25.1,4.4,261.0557182913301,494.54734455044473,950.391786152983,470.01373412451187,458.51166131449503,False
2021-08-23 10:06:00-07:00,23.730440040622334,25.2,4.7,268.02138526746546,507.93819247270886,950.0504349051463,482.5669006636309,470.8769503549687,False
2021-08-23 10:07:00-07:00,23.8150210245799,25.2,3.6,370.62643737353096,702.8578205583482,941.9365976197639,662.0475041071732,647.358714940139,False
2021-08-23 10:08:00-07:00,23.898998197772894,25.3,4.7,305.7869494062398,579.5622175333384,948.5238682403783,549.7285964606938,536.9751279707875,False
2021-08-23 10:09:00-07:00,23.982368966749462,25.3,4.6,333.052520707266,631.3933865356722,946.8431118762003,597.8304789254886,584.2651004239935,False
2021-08-23 10:10:00-07:00,24.06513080034712,25.3,5.1,406.9388717048059,771.5704590108611,943.1997850987158,727.7450911275616,711.7400340620062,False
2021-08-23 10:11:00-07:00,24.14728100744545,25.3,4.1,649.6581389203641,1232.5280467920027,912.3219387637678,1124.46237723,1099.2471543410677,False
2021-08-23 10:12:00-07:00,24.228817070849143,25.5,3.7,505.23986361352974,958.5754832946254,927.4684008072825,889.048470544334,869.7092533848394,False
2021-08-23 10:13:00-07:00,24.30973642500063,25.5,5.1,430.5334188327121,816.4180548490295,940.1965126998572,767.5934080742584,750.7972973623216,False
2021-08-23 10:14:00-07:00,24.39003651180825,25.6,4.8,480.7285020732295,911.7399615109907,933.9793241914862,851.5462730904068,832.982181823998,False
2021-08-23 10:15:00-07:00,24.4697147815181,25.6,5.5,328.9365538837744,623.4917453270461,947.8452335202757,590.9736789474783,577.5179186495978,False
2021-08-23 10:16:00-07:00,24.548768692096953,25.6,5.4,288.71501514082195,547.1883023130692,949.0744810174571,519.3224540365995,507.0635366131307,False
2021-08-23 10:17:00-07:00,24.62719571011045,25.5,5.0,313.5230198290438,594.3693457123233,947.6961835350628,563.281560541801,550.3081447154334,False
2021-08-23 10:18:00-07:00,24.704993310855116,25.4,5.8,307.64705296966423,583.0971143094164,950.3203905786454,554.1290774158056,541.2811732743261,False
2021-08-23 10:19:00-07:00,24.782158978501084,25.3,5.8,294.2935169681909,557.5995198488054,951.4823149725091,530.5460819733008,518.0779873142324,False
2021-08-23 10:20:00-07:00,24.85869020694773,25.3,4.5,267.0823058875786,506.15787103512923,949.1809587441328,480.4354133050131,468.7872854913044,False
2021-08-23 10:21:00-07:00,24.934584549933028,25.4,3.9,260.70712249538764,494.0901101196302,947.5433775194305,468.17181174170173,456.7269065574652,False
2021-08-23 10:22:00-07:00,25.009839418749852,25.4,3.5,319.82022819358,606.3557854676694,944.2322944656452,572.540714574656,559.448475893615,False
2021-08-23 10:23:00-07:00,25.084452387755455,25.5,3.2,257.9283172126884,488.85339501251804,945.5849024473079,462.25238983394706,450.9162240280715,False
2021-08-23 10:24:00-07:00,25.158420990525887,25.4,4.2,231.27162158013581,438.2185823511476,948.2701445814017,415.54959844437957,404.8600707007308,False
2021-08-23 10:25:00-07:00,25.231742771804672,25.3,4.4,218.70716557163314,414.3161923491142,949.0337989395498,393.20006998724915,382.8096039696269,False
2021-08-23 10:26:00-07:00,25.30441528697547,25.3,4.8,223.08060551437245,422.6319871953712,949.7479401825213,401.39385929404955,390.88546774669044,False
2021-08-23 10:27:00-07:00,25.376436102909686,25.2,5.4,236.83138210152813,448.6662609695818,951.5785815493826,426.9412042024998,416.0590169784069,False
2021-08-23 10:28:00-07:00,25.447802798127004,25.2,5.2,389.14252526997984,737.7181905082273,945.4196060170723,697.4532410219156,682.0299278276372,False
2021-08-23 10:29:00-07:00,25.518512962963534,25.2,4.7,598.7161495011899,1135.6705038708496,922.2360964620938,1047.3563323569915,1024.0953876882718,False
2021-08-23 10:30:00-07:00,25.588564200398135,25.4,5.4,937.0115055251488,1774.422791362755,879.819413084073,1561.1716188597816,1522.3531440240265,False
2021-08-23 10:31:00-07:00,25.657954125568462,25.4,4.4,891.699768390374,1690.0079826404656,879.4768433783117,1486.3228858567854,1450.2329616432723,False
2021-08-23 10:32:00-07:00,25.726680412459697,25.7,4.1,330.36773510889134,626.4966036316578,943.5119633064037,591.1070404972993,577.7000271928266,False
2021-08-23 10:33:00-07:00,25.794740610180035,25.7,4.9,363.2841104076583,688.9323438532747,943.6094613348479,650.0830778795428,635.6001102447502,False
2021-08-23 10:34:00-07:00,25.86213241965955,25.7,4.1,963.2075534574617,1824.7799296207568,865.0938670003325,1578.605925740215,1539.5155034389222,False
2021-08-23 10:35:00-07:00,25.928853509666688,25.9,4.4,1085.7842538769862,2054.580375610292,847.5098782942646,1741.277164079263,1696.347564383993,False
2021-08-23 10:36:00-07:00,25.994901562668684,26.0,5.2,1073.025044904463,2030.789103722725,855.1258142270632,1736.5801858443433,1691.624726045452,False
2021-08-23 10:37:00-07:00,26.06027427564538,26.2,5.8,1072.3901808856644,2029.1065307458314,858.835647554312,1742.6690212897797,1697.3620113898646,False
2021-08-23 10:38:00-07:00,26.124969360267794,26.1,6.3,1073.7007766471454,2030.82585273741,862.9302782285616,1752.4611181364494,1706.6389571124773,False
2021-08-23 10:39:00-07:00,26.18898454309276,26.3,4.7,1076.1569275101872,2037.006428813542,849.2548045051814,1729.9374964778426,1685.4152042825312,False
2021-08-23 10:40:00-07:00,26.25231756634189,26.7,5.2,1066.7446757542623,2019.039221670321,852.6925519471758,1721.6197064075056,1677.3344308575677,False
2021-08-23 10:41:00-07:00,26.314966187501117,26.5,6.5,1052.6241762718169,1991.296724185655,865.3680941450201,1723.2046510857622,1678.5005036067946,False
2021-08-23 10:42:00-07:00,26.376928180105306,26.2,5.7,1052.0643124311885,1990.787223348505,861.19613717783,1714.4582666907106,1670.2220166215018,False
2021-08-23 10:43:00-07:00,26.43820133393017,26.4,6.7,1060.3415211255553,2005.5243234552834,866.1835081048825,1737.1520940801684,1691.8610116156149,False
2021-08-23 10:44:00-07:00,26.49878349558186,26.4,6.8,1074.1910464365164,2031.1191874516207,865.0504225886997,1757.020511433041,1710.951254938033,False
2021-08-23 10:45:00-07:00,26.558672407219973,26.4,6.3,1088.2670699002683,2058.29205714336,859.3220565752163,1768.7357635768647,1722.3497736331733,False
2021-08-23 10:46:00-07:00,26.617865949942548,26.5,6.8,1104.604249174752,2088.415415064269,860.1404337169545,1796.330540894554,1748.777544998162,False
2021-08-23 10:47:00-07:00,26.67636198158764,26.3,6.6,1033.7769369564403,1956.3129556003116,869.4702596018257,1700.9559333682178,1657.0293962614085,False
2021-08-23 10:48:00-07:00,26.734158377777707,26.3,5.9,925.078872057992,1752.154846077341,880.2137799696552,1542.2708401578861,1504.140441521203,False
2021-08-23 10:49:00-07:00,26.791253032131785,26.5,4.7,1134.3273895643486,2145.7286944780444,839.3457582029674,1801.0082779645377,1753.8696640188723,False
2021-08-23 10:50:00-07:00,26.847643856990576,26.9,6.0,1127.4331058829875,2132.1904433784907,848.8328549139499,1809.873301273205,1762.0865093255538,False
2021-08-23 10:51:00-07:00,26.90332878309407,26.7,7.5,1089.8019273918571,2060.1611429032105,866.0647672386377,1784.232980702555,1737.011230497103,False
2021-08-23 10:52:00-07:00,26.958305760308768,26.7,6.3,1109.182139683692,2097.3954094268934,854.8858847129968,1793.033730180888,1745.771530486485,False
2021-08-23 10:53:00-07:00,27.01257275783206,26.7,7.7,1082.1436125773869,2046.025026037207,868.2764251913799,1776.515295459686,1729.5498311997599,False
2021-08-23 10:54:00-07:00,27.06612776439678,26.6,7.7,1075.6849220298488,2033.4799113657905,869.8198962971397,1768.7612856265087,1722.0721550970736,False
2021-08-23 10:55:00-07:00,27.11896882416627,26.7,5.1,1002.1396441346478,1897.7163734017847,861.655326183111,1635.1774207265453,1594.0372557630558,False
2021-08-23 10:56:00-07:00,27.171093895187013,26.8,5.6,681.158015062854,1292.2377808397348,908.1734336574772,1173.5760225271406,1147.019633046049,False
2021-08-23 10:57:00-07:00,27.222501062691148,27.1,4.3,1005.9643600828176,1906.1760129171003,852.7772475339934,1625.5435336107666,1585.0071557673937,False
2021-08-23 10:58:00-07:00,27.27318839708847,27.5,6.4,1067.2687571915476,2019.3010600594207,857.579207085487,1731.7106019526414,1686.882476675881,False
2021-08-23 10:59:00-07:00,27.323153989839774,27.1,5.7,1056.6569921598093,1999.861217921231,855.9973592731152,1711.87592145329,1667.8877818491958,False
2021-08-23 11:00:00-07:00,27.372395954222995,27.2,5.6,1055.9912379766736,1999.0744005382485,854.7069562076213,1708.6227961166214,1664.800207654275,False
2021-08-23 11:01:00-07:00,27.420912424704028,27.5,6.0,1063.4388880627266,2012.3342858228664,855.2926458954466,1721.1347157475636,1676.7960360250067,False
2021-08-23 11:02:00-07:00,27.4687015581573,27.3,7.1,1078.5444391887513,2040.2135451798385,861.6884623198385,1758.0284725501217,1712.0140504983524,False
2021-08-23 11:03:00-07:00,27.515761533693006,27.2,6.2,1079.217493349869,2041.4941338852877,856.0202342808005,1747.5602867713637,1702.1345791923093,False
2021-08-23 11:04:00-07:00,27.562090552960505,27.5,5.6,1083.0953828745812,2049.560888114035,849.3975412380482,1740.8919789817319,1695.9244387436438,False
2021-08-23 11:05:00-07:00,27.607686840778623,27.8,5.7,1097.9269782943188,2077.370393963317,846.4784748144098,1758.449322706678,1712.8529424127578,False
2021-08-23 11:06:00-07:00,27.65254867474278,27.7,5.9,1117.2410208392098,2113.5006209841004,845.5926413867506,1787.1605726704834,1740.4125420566672,False
2021-08-23 11:07:00-07:00,27.69667426601719,27.7,6.4,1062.6941961852517,2011.4172583232837,856.97417296137,1723.7326414318222,1679.2426109828978,False
2021-08-23 11:08:00-07:00,27.740061940028365,27.5,6.4,1108.3654235128604,2095.9660781983034,851.8220769443045,1785.3901779356877,1738.5341490196224,False
2021-08-23 11:09:00-07:00,27.782710015846718,27.7,4.3,1124.5717819194715,2128.623269435083,831.3224784984837,1769.5723721363188,1723.9586238023323,False
2021-08-23 11:10:00-07:00,27.824616837101306,27.9,6.8,844.0082055786024,1599.696124212537,888.3233733513397,1421.0474573975446,1387.028048248304,False
2021-08-23 11:11:00-07:00,27.865780771786635,27.3,5.5,901.6847539932495,1709.0135168959882,875.783641248012,1496.7260807692394,1460.3553323232384,False
2021-08-23 11:12:00-07:00,27.906200212850035,27.4,5.1,1151.0015062333937,2177.0459369966215,835.6235038940684,1819.1907540114626,1771.404848198351,False
2021-08-23 11:13:00-07:00,27.94587357838342,28.1,4.6,1158.054823624346,2190.420261485441,826.9389786789194,1811.3438939103823,1764.1416313405869,False
2021-08-23 11:14:00-07:00,27.98479931181925,28.3,4.0,623.7028489622371,1184.8823426187596,899.5995887924889,1065.919668187317,1042.5631865574549,False
2021-08-23 11:15:00-07:00,28.02297588247626,28.0,3.9,651.0927340513008,1236.4908196511092,897.2381453816492,1109.4267298051964,1084.918302073888,False
2021-08-23 11:16:00-07:00,28.060401785392255,27.9,5.0,303.97316947099927,576.7940048483681,935.4844367084219,539.5818147223704,527.1431528242368,False
2021-08-23 11:17:00-07:00,28.097075566213594,27.5,6.2,504.6247309867532,957.6197907368828,926.653884179927,887.3820986539013,868.0950344090178,False
2021-08-23 11:18:00-07:00,28.132995723502013,27.4,5.3,1158.8850897975185,2191.3709624851654,836.1808950472039,1832.3825327912982,1784.0268298921792,False
2021-08-23 11:19:00-07:00,28.16816085648662,27.4,4.9,1192.8575545137503,2255.17061219476,827.4928196958653,1866.1374887802926,1816.6139824112909,False
2021-08-23 11:20:00-07:00,28.20256956668576,27.6,4.4,1185.121049395684,2240.8729440987318,823.3738613889414,1845.0762088645783,1796.5699342220978,False
2021-08-23 11:21:00-07:00,28.236220482613604,28.1,4.4,862.4741007316056,1636.5198482490375,869.9278156980628,1423.6541369338102,1389.9737272761502,False
2021-08-23 11:22:00-07:00,28.269112260272532,28.2,4.5,767.0764596428642,1456.3640697791402,883.5731136550908,1286.8041357501547,1257.304206523849,False
2021-08-23 11:23:00-07:00,28.301243583330915,28.0,4.0,1151.663946905626,2179.5332458166376,822.8659995369472,1793.4638028429147,1747.1190526949533,False
2021-08-23 11:24:00-07:00,28.332613163348427,28.0,4.8,1157.4227125492826,2189.1269188712618,829.2416118001615,1815.3151346399268,1767.8798299080197,False
2021-08-23 11:25:00-07:00,28.363219739953692,28.0,4.2,1148.981619112382,2174.4225596151987,825.0786909895544,1794.0697191454642,1747.6354014711676,False
2021-08-23 11:26:00-07:00,28.393062081288083,28.4,4.2,1159.505777252978,2193.8877262537003,821.535623988887,1802.3569221493942,1755.685382051927,False
2021-08-23 11:27:00-07:00,28.422138983885805,28.4,5.1,851.0733060464784,1614.267341595777,874.8249021010453,1412.20126907644,1378.7967367601511,False
2021-08-23 11:28:00-07:00,28.450449273120736,28.3,5.2,330.02863387815563,626.454283730381,932.6388825665472,584.2556231573293,571.0960348291756,False
2021-08-23 11:29:00-07:00,28.477991821569926,28.0,4.8,722.9333470875263,1372.4076510262908,892.4127599715746,1224.7540996584778,1196.984831385286,False
2021-08-23 11:30:00-07:00,28.504765475804245,27.8,3.2,741.3151664670693,1408.1078193176832,881.3126552060586,1240.9832410592805,1212.9482958520766,False
2021-08-23 11:31:00-07:00,28.530769167610536,28.0,3.5,424.7429812527472,806.8887725540795,921.8284369918084,743.813016029766,727.7692136620828,False
2021-08-23 11:32:00-07:00,28.55600183948782,27.8,4.1,743.5646802008837,1411.812594718588,886.5624850917735,1251.6600824575762,1223.190101493065,False
2021-08-23 11:33:00-07:00,28.580462463781824,27.7,4.4,1031.9204504066859,1954.7807033281501,846.7000237382499,1655.1128679110175,1613.6062053950432,False
2021-08-23 11:34:00-07:00,28.60415004280283,27.7,2.9,1134.0371767223128,2147.432564592968,816.8853187997086,1754.2061351284021,1709.6278277158553,False
2021-08-23 11:35:00-07:00,28.627063608982102,27.9,4.1,696.5900133032601,1322.7635218223745,892.6145471165661,1180.7179619737929,1154.257162515547,False
2021-08-23 11:36:00-07:00,28.649202225211337,27.8,3.7,263.94566094508883,500.96944541391,933.9424293990488,467.87662090456126,456.5763230471595,False
2021-08-23 11:37:00-07:00,28.67056498475677,27.6,3.8,220.65654294020828,418.53674069803566,935.563963151503,391.5678918519672,381.32613836769514,False
2021-08-23 11:38:00-07:00,28.69115101160242,27.5,3.4,185.32108708959345,351.4031054889961,934.0966399734266,328.24446011349886,318.8143036437935,False
2021-08-23 11:39:00-07:00,28.7109594605672,27.4,3.1,155.85007434417957,295.41528937751985,931.7645609775687,275.25749741290616,266.4486547680257,False
2021-08-23 11:40:00-07:00,28.729989529927014,27.3,3.4,141.62560690139134,268.4109531781952,930.8102665203425,249.83967086477503,241.30555845876358,False
2021-08-23 11:41:00-07:00,28.748240411182312,27.3,3.0,158.1494991629057,299.7340774866833,932.5242420892099,279.5092934365779,270.6482291750753,False
2021-08-23 11:42:00-07:00,28.76571136555931,27.2,2.3,142.18436477426283,269.4383567382239,930.1591500365932,250.62055289088275,242.08352690380565,False
2021-08-23 11:43:00-07:00,28.782401672726422,27.2,1.3,120.85482340765363,228.99212345801567,925.3294121737779,211.89314699183078,203.77274765879537,False
2021-08-23 11:44:00-07:00,28.79831064391697,27.3,1.6,99.51714103753864,188.47057047182852,920.2419529969667,173.43852585344794,165.69848141438501,False
2021-08-23 11:45:00-07:00,28.813437622024665,27.4,2.2,88.25414131528635,167.11515610920776,916.5807221891434,153.1745304753291,145.62728008679673,False
2021-08-23 11:46:00-07:00,28.827781981843426,27.3,2.0,81.17992420979284,153.66526795766288,914.4065990026307,140.51253505799446,133.0797977606496,False
2021-08-23 11:47:00-07:00,28.841343130019432,27.3,2.7,75.10118480316454,142.13245895822956,912.2880655519937,129.66574603515141,122.3296141812903,False
2021-08-23 11:48:00-07:00,28.854120505261502,27.2,4.1,70.81791903424534,134.0021315915022,911.6189153930593,122.15887786180325,114.88275314476132,False
2021-08-23 11:49:00-07:00,28.866113578437428,27.1,3.5,69.32968709265695,131.15970007703055,911.1507519826006,119.50625935499875,112.2525094831886,False
2021-08-23 11:50:00-07:00,28.877321852643796,27.1,5.8,68.73963785084955,130.05915832859367,911.93522619652,118.60552796931508,111.35331886037795,False
2021-08-23 11:51:00-07:00,28.88774487010296,27.0,3.6,69.54783198461254,131.5791835569983,911.7970957803818,119.97351743242481,112.71223432586099,False
2021-08-23 11:52:00-07:00,28.897382184708626,27.0,3.3,950.519915057384,1802.963400830576,853.8794370089893,1539.5133736490247,1502.145068034549,False
2021-08-23 11:53:00-07:00,28.90623340411603,27.0,2.9,77.25933531182682,146.2330840663248,914.8931889583722,133.78765261265764,126.4033873328337,False
2021-08-23 11:54:00-07:00,28.91429816132168,27.1,3.6,85.36341125732382,161.59714451193014,918.284528746665,148.3921576949445,140.87171725430312,False
2021-08-23 11:55:00-07:00,28.921576121970308,27.0,4.0,970.3038871190411,1838.9531573997804,856.6169216980638,1575.278392838735,1536.5293811083218,False
2021-08-23 11:56:00-07:00,28.928066984462035,27.0,3.4,977.9651320115919,1854.209198313658,850.4662075933624,1576.9422649745457,1538.2896171060577,False
2021-08-23 11:57:00-07:00,28.933770479949064,27.0,3.1,991.1590261006418,1878.924287747051,846.0000880150737,1589.570112807665,1550.5643262921965,False
2021-08-23 11:58:00-07:00,28.938686372418694,27.0,2.4,1004.6587677318348,1905.099361708794,837.5471676212261,1595.6105744362062,1556.5995833323693,False
2021-08-23 11:59:00-07:00,28.94281445874242,26.9,2.2,1018.4275323848666,1931.0972468668617,833.8780809693649,1610.2996663825627,1570.8366033025998,False
2021-08-23 12:00:00-07:00,28.946154568701274,26.9,1.4,1037.204051504113,1966.9730768486218,822.9056850406755,1618.6333272606803,1579.1471218911936,False
2021-08-23 12:01:00-07:00,28.948706565045708,26.8,1.3,1062.4880751340306,2014.3418659245335,817.8904597966435,1647.5109949086454,1607.0701077326148,False
2021-08-23 12:02:00-07:00,28.950470344393267,26.7,1.5,1088.0173626064557,2062.1956660480705,815.7747425062134,1682.2871384677944,1640.5722542937015,False
2021-08-23 12:03:00-07:00,28.95144583309457,26.5,1.8,1110.8430987955705,2104.2514148254345,815.9440186382952,1716.9513556379832,1673.8802731461046,False
2021-08-23 12:04:00-07:00,28.951632994305044,26.3,2.9,1132.1042990836363,2142.810491646606,824.3771942812931,1766.484100980147,1721.1957887254541,False
2021-08-23 12:05:00-07:00,28.951031822769465,26.2,2.3,274.5967816287567,520.9221296313293,938.8327910776529,489.05877689589585,477.3869522408719,False
2021-08-23 12:06:00-07:00,28.949642346232874,26.2,2.0,285.3910112962088,541.4747067855241,937.5194857056092,507.64308862816,495.6958723308946,False
2021-08-23 12:07:00-07:00,28.947464625465987,26.2,1.9,331.722318494047,629.6703196420876,934.0521653862605,588.1449255411508,574.901189567618,False
2021-08-23 12:08:00-07:00,28.944498754238708,26.2,1.5,724.5355214956722,1376.3807590840368,880.8119245331077,1212.33258529915,1185.1713833610424,False
2021-08-23 12:09:00-07:00,28.940744859302853,26.5,0.9,1009.1164027664652,1914.7156396515077,824.8533818139856,1579.3596705786745,1541.2770436509409,False
2021-08-23 12:10:00-07:00,28.936203100382084,26.8,1.3,1117.940710558968,2117.9179726145812,807.9236659560878,1711.1160526290575,1668.4978975579706,False
2021-08-23 12:11:00-07:00,28.93087367010583,26.9,2.9,1121.9447018598848,2124.231364078976,823.0299097451137,1748.3059478556597,1703.7890519720122,False
2021-08-23 12:12:00-07:00,28.924756794019334,26.2,4.6,1124.89967985771,2128.086752728808,841.4484830102698,1790.6753697979063,1743.9029152702738,False
2021-08-23 12:13:00-07:00,28.917852730515797,25.5,3.5,1111.8432562091766,2104.1530572285624,837.3774888437523,1761.9704032049578,1716.4916415800144,False
2021-08-23 12:14:00-07:00,28.910161765367917,25.3,2.2,1103.6002207481765,2089.5862453337704,827.4063297125091,1728.9368858693579,1685.0698260444672,False
2021-08-23 12:15:00-07:00,28.901684232845927,25.3,2.5,1074.9051279444152,2035.5595342497977,835.3021375057175,1700.307229978999,1657.3520290741637,False
2021-08-23 12:16:00-07:00,28.89242048465741,25.0,3.9,1110.7477907367802,2101.6427234172206,843.6156064873478,1772.97860073534,1726.871170851489,False
2021-08-23 12:17:00-07:00,28.882370910060963,24.8,4.2,1111.4749743911632,2102.7913993451775,847.0756604442857,1781.22341337688,1734.6771734740587,False
2021-08-23 12:18:00-07:00,28.87153593084902,24.8,3.5,1107.7192924681608,2096.0834237487693,841.5717141831645,1764.004519995168,1718.322584587361,False
2021-08-23 12:19:00-07:00,28.859916001279025,25.0,5.0,1100.9164141254646,2082.4785941158775,854.4149555298961,1779.3008553834784,1732.6211968814418,False
2021-08-23 12:20:00-07:00,28.847511608017356,25.0,5.4,1108.2193701713209,2095.7278917948693,856.5462994233582,1795.0879703152111,1747.691815503519,False
2021-08-23 12:21:00-07:00,28.8343232699422,24.9,4.8,1112.9827567405773,2105.083945499736,851.459621052979,1792.3939785199148,1745.2583406939464,False
2021-08-23 12:22:00-07:00,28.820351538198178,24.7,3.5,1097.3742377078795,2076.916026223581,843.6688697502929,1752.2293964103183,1706.965973131759,False
2021-08-23 12:23:00-07:00,28.805596995986505,25.0,2.7,1083.3020300299638,2051.5099324047987,837.0636407609851,1717.244373076083,1673.5709935795508,False
2021-08-23 12:24:00-07:00,28.79006025849785,25.4,2.7,1066.2530650255947,2019.5575772049153,838.0164473755066,1692.4224661195485,1649.7018318099595,False
2021-08-23 12:25:00-07:00,28.773741961605957,25.7,3.1,1061.5595251439427,2010.7813213698425,840.8686924602587,1690.8030605237705,1648.067354901831,False
2021-08-23 12:26:00-07:00,28.75664280592334,26.0,2.7,826.8444267722023,1569.2599767780232,874.1224125052438,1371.7253167491283,1339.6928779765353,False
2021-08-23 12:27:00-07:00,28.738763491208612,26.2,3.2,961.0182145526633,1821.9914841769885,855.6353398321728,1558.9603027351027,1520.8381439743207,False
2021-08-23 12:28:00-07:00,28.720104759350832,26.4,2.9,766.256944120296,1454.722505770952,882.8631997897854,1284.3209662511572,1254.9140892641387,False
2021-08-23 12:29:00-07:00,28.700667383585223,26.2,4.8,893.7931461718974,1693.8019083430704,877.9960922242326,1487.1514565271634,1451.0680044938463,False
2021-08-23 12:30:00-07:00,28.680452168389078,25.8,4.1,1011.016705758239,1915.188093828379,856.9584347693228,1641.2365911760107,1599.988920655054,False
2021-08-23 12:31:00-07:00,28.65945994917314,25.9,4.0,998.6010464428886,1891.7443773919583,857.7049759266482,1622.5585656703417,1582.0054720202802,False
2021-08-23 12:32:00-07:00,28.63769159236561,25.9,3.6,987.829900535649,1872.0017283164786,856.1021269140149,1602.624661198449,1562.8679360691572,False
2021-08-23 12:33:00-07:00,28.615147995098994,25.9,4.1,979.4521901192674,1855.6959503106789,861.4543304241032,1598.5973123456058,1558.85258272633,False
2021-08-23 12:34:00-07:00,28.591830085066835,25.9,4.3,977.2339676760796,1851.377228286922,863.3299216609611,1598.3493574618358,1558.5651401890264,False
2021-08-23 12:35:00-07:00,28.56773882043385,26.0,4.1,979.324671311065,1855.291753645685,861.0687573051322,1597.5337647501497,1557.8390638097242,False
2021-08-23 12:36:00-07:00,28.542875172504225,26.1,5.1,975.9525932901977,1848.616948788937,868.3578679314344,1605.261072272275,1565.0847780424856,False
2021-08-23 12:37:00-07:00,28.517240193059482,25.6,4.3,972.4380516188062,1842.0213666003008,865.664484358291,1594.5724764950041,1554.8696709520789,False
2021-08-23 12:38:00-07:00,28.49083491393036,25.6,4.3,971.6651974332102,1840.7449869370794,865.6995749677643,1593.5321528154723,1553.8675437483028,False
2021-08-23 12:39:00-07:00,28.463660413040657,25.6,3.3,972.6770948298299,1843.4404649408364,857.662364942262,1581.0495087914207,1542.0593655836685,False
2021-08-23 12:40:00-07:00,28.4357177978422,25.9,2.6,973.5866988399862,1846.080227957413,850.0210702236155,1569.2070910870161,1530.8513594312008,False
2021-08-23 12:41:00-07:00,28.40700820491424,26.1,2.9,975.5292235843626,1849.8832699000895,851.1157493898833,1574.4647855448225,1535.8870583318276,False
2021-08-23 12:42:00-07:00,28.377532800054595,26.1,3.0,973.1400933218961,1844.746127097336,852.6053068519133,1572.8403377577026,1534.2844286526542,False
2021-08-23 12:43:00-07:00,28.347292777889415,26.2,3.0,970.935759368895,1840.9240892875314,852.3313922348732,1569.0773920211575,1530.667351523951,False
2021-08-23 12:44:00-07:00,28.316289361687492,26.2,2.2,975.0620264907292,1848.993297417356,844.9078686049631,1562.2289859857608,1524.2599536867065,False
2021-08-23 12:45:00-07:00,28.284523803216743,26.7,2.6,983.178667755479,1864.7243417942345,844.2906225723189,1574.3692754592118,1535.9702171951203,False
2021-08-23 12:46:00-07:00,28.25199738228329,26.8,2.7,990.291905696405,1877.779963093021,843.6051165324525,1584.1047845873925,1545.363754724446,False
2021-08-23 12:47:00-07:00,28.21871138427564,26.8,2.6,997.8210579313522,1891.7759402594204,841.5830708493299,1592.0866051624016,1553.101772351814,False
2021-08-23 12:48:00-07:00,28.184667189500164,26.8,2.6,1008.8517302753517,1912.6324979028784,839.6830396044717,1606.0050694853821,1566.5506110829203,False
2021-08-23 12:49:00-07:00,28.149866139084143,27.3,2.4,1000.5020030675125,1897.6829211665536,836.6227147599758,1587.644637260003,1548.9530701120436,False
2021-08-23 12:50:00-07:00,28.11430962355885,27.5,2.9,816.6223464531934,1550.7781832009564,869.3873574628719,1348.226946704153,1317.0708645829332,False
2021-08-23 12:51:00-07:00,28.07799906031832,27.4,2.7,1043.565653030757,1978.3360532261024,831.610121376083,1645.2042853460403,1604.4830423385783,False
2021-08-23 12:52:00-07:00,28.040935893735785,27.5,3.9,517.0545909681724,981.804274951395,916.5106584245641,899.8340824797548,880.4109182204752,False
2021-08-23 12:53:00-07:00,28.003121594672873,27.0,3.8,424.3909797041313,805.5080809665824,928.524609431893,747.9340762737297,731.7131632545688,False
2021-08-23 12:54:00-07:00,27.964557660291153,26.7,3.0,331.5661524846568,629.1908398199344,935.0535192888747,588.3271090779523,575.0684199889795,False
2021-08-23 12:55:00-07:00,27.925245613861616,26.4,2.7,440.90103363734164,837.1846818611399,925.5755181262721,774.877645681003,758.1323017838941,False
2021-08-23 12:56:00-07:00,27.88518700421847,26.4,3.0,256.7671729984642,486.95736413280997,940.1803993650535,457.82776908413905,446.6123595228062,False
2021-08-23 12:57:00-07:00,27.84438340592884,26.4,3.5,244.55447120829177,463.781201074396,941.3471348854762,436.57910484512763,425.66052280753524,False
2021-08-23 12:58:00-07:00,27.802836418746054,26.3,3.8,237.23164719777034,449.78289338144873,942.6253918952042,423.976776141447,413.22426476256135,False
2021-08-23 12:59:00-07:00,27.760547638796588,26.2,3.2,229.71904737153048,435.52985483194533,941.943843786836,410.24466554432524,399.68968711848896,False
2021-08-23 13:00:00-07:00,27.71751877232582,26.4,3.2,226.4701498741162,429.45072397956164,940.7463515510984,404.00420175475045,393.54608246306833,False
2021-08-23 13:01:00-07:00,27.67375146494631,26.4,4.0,234.60892762346415,444.73719740748044,942.6335132585994,419.22418686899647,408.5381419235452,False
2021-08-23 13:02:00-07:00,27.629247414787567,26.4,3.5,301.18955443665,571.3256859054845,939.7780062846938,536.9193140394914,524.4764657938061,False
2021-08-23 13:03:00-07:00,27.58400834378141,26.5,2.8,254.89358741318836,483.44188921177584,939.216701282902,454.0566964474583,442.90649436729507,False
2021-08-23 13:04:00-07:00,27.53803599745304,26.6,3.2,250.33295909930393,474.71159181902357,939.7865758399131,446.1275813871147,435.08713647413236,False
2021-08-23 13:05:00-07:00,27.491332144741843,26.8,3.1,251.76567373275253,477.4919334797862,938.4590475039342,448.1066250842522,437.0508387663583,False
2021-08-23 13:06:00-07:00,27.443898577342924,26.8,3.7,253.09198190124496,480.0094905137246,939.6708191369822,451.05091114455706,439.9400536042528,False
2021-08-23 13:07:00-07:00,27.39573710996116,26.7,4.2,258.1944882016862,489.64994824399605,941.1866406796871,460.85198989674933,449.581621923579,False
2021-08-23 13:08:00-07:00,27.34684957966841,26.7,3.9,248.24044619198,470.69492511674486,940.8033717659307,442.8313726229458,431.82838854235126,False
2021-08-23 13:09:00-07:00,27.297237845683206,26.8,4.9,230.78012720048397,437.5046511418609,942.1217310012776,412.18263925488003,401.59925019737096,False
2021-08-23 13:10:00-07:00,27.24690375519787,26.8,7.2,218.10920691127532,413.2365267027267,945.6715738448936,390.786036577165,380.4596405622699,False
2021-08-23 13:11:00-07:00,27.195849278186717,26.7,8.9,209.54982417937887,396.99650639402535,947.7925911220071,376.2703474615777,366.1164385991623,False
2021-08-23 13:12:00-07:00,27.144076305152197,26.5,6.9,207.85798199691948,393.7921175733469,946.2391784572302,372.62152981553675,362.5295630723569,False
2021-08-23 13:13:00-07:00,27.091586780994984,26.3,7.0,215.26052274117006,407.7677180690197,947.8843861920924,386.5166531508028,376.2265220497297,False
2021-08-23 13:14:00-07:00,27.038382671274608,26.1,7.6,225.09759944907046,426.38919089183514,950.1711003729685,405.1426866968347,394.5788999917211,False
2021-08-23 13:15:00-07:00,26.984465962025524,26.0,6.6,231.08981345957687,437.7522336320759,949.463429897125,415.6297371894384,404.9275320683868,False
2021-08-23 13:16:00-07:00,26.929838659040975,26.0,8.0,235.52053852655774,446.06098621880335,951.7715042498796,424.54813584065533,413.69802819402395,False
2021-08-23 13:17:00-07:00,26.874502788175015,25.9,6.6,243.4591927685238,461.1776864885681,950.2918088315661,438.2533778859783,427.221783243911,False
2021-08-23 13:18:00-07:00,26.818460394640525,26.0,7.8,259.1885904439173,491.0445438966102,951.7723491243994,467.36261906919594,455.8863384119335,False
2021-08-23 13:19:00-07:00,26.761713542797068,26.0,8.7,294.35940043450967,557.6035908825777,953.4343494864393,531.6384169444332,519.1307807154503,False
2021-08-23 13:20:00-07:00,26.704264315943846,26.0,7.7,439.7304378859382,833.5459277233301,944.6357787488001,787.3973065578189,770.1120319578044,False
2021-08-23 13:21:00-07:00,26.646114776383246,26.1,6.6,880.1722395139986,1666.815824312631,891.7300897937532,1486.3498246839513,1449.9617768175224,False
2021-08-23 13:22:00-07:00,26.587267122158423,26.2,7.1,344.1499681412978,652.3265552314629,947.7737913475942,618.2580124484393,604.3136765938766,False
2021-08-23 13:23:00-07:00,26.527723452388198,26.1,7.5,272.37890172172825,516.0242718122522,950.9466375692564,490.71154618398526,478.886149350236,False
2021-08-23 13:24:00-07:00,26.467485922551756,25.7,8.8,235.27104840362077,445.5972743610886,954.2602421893217,425.2157629507141,414.33180349116407,False
2021-08-23 13:25:00-07:00,26.40655670554756,25.5,7.5,213.2783345792227,403.84615609616617,952.753149637001,384.7656971894183,374.4534398059392,False
2021-08-23 13:26:00-07:00,26.34493799078775,25.4,8.9,202.37129027239277,383.07402039326314,954.4589333720709,365.6284209071049,355.5520369157568,False
2021-08-23 13:27:00-07:00,26.28263198507156,25.3,7.0,200.1908465048325,378.9533507497952,952.5591951430296,360.9754987869791,350.9763571242134,False
2021-08-23 13:28:00-07:00,26.21964091108834,25.3,7.0,202.17658226892996,382.79769404860883,952.4836214900432,364.6085339254565,354.5633155196209,False
2021-08-23 13:29:00-07:00,26.155967007714032,25.2,8.9,203.56475654658746,385.33069114331363,955.5405315317798,368.19909343059,358.0794580737638,False
2021-08-23 13:30:00-07:00,26.091612529687822,25.0,7.9,197.79838971744152,374.3500151592464,955.1243134993374,357.5508012374418,347.57236482294724,False
2021-08-23 13:31:00-07:00,26.026579746812523,24.9,8.3,185.4799729630509,350.9664443660475,955.1605126444027,335.2292889216572,325.5307519358068,False
2021-08-23 13:32:00-07:00,25.96087090011733,24.8,8.1,174.24094619303074,329.65662666919246,954.3737956676318,314.61564606126467,305.17321771314937,False
2021-08-23 13:33:00-07:00,25.894488377733325,24.7,6.7,167.3623518183232,316.65514004704136,952.5715549419942,301.6366791349852,292.3616431162116,False
2021-08-23 13:34:00-07:00,25.827434450336565,24.7,5.6,167.14309136049215,316.33183648117523,951.0455162637292,300.84597473689286,291.59285667035954,False
2021-08-23 13:35:00-07:00,25.75971144678232,24.7,4.8,189.29274160317698,358.3296284323269,951.8398660120426,341.07242551517106,331.33085907733073,False
2021-08-23 13:36:00-07:00,25.691321709438153,24.7,6.3,204.7529540332171,387.5189842663493,955.0758999718865,370.1100426543749,359.96974136367714,False
2021-08-23 13:37:00-07:00,25.622267594636753,24.6,5.1,279.4247218763134,529.1916677479657,954.2324578808093,504.9718658051859,492.8870704437828,False
2021-08-23 13:38:00-07:00,25.552551471880868,24.6,5.4,700.1197644792136,1326.981027992523,916.2011253143016,1215.7815111174784,1187.8027863292632,False
2021-08-23 13:39:00-07:00,25.482175723636303,24.6,5.4,971.7298459835499,1839.1552716465685,878.9145214485417,1616.4602754488067,1575.580903502297,False
2021-08-23 13:40:00-07:00,25.411142745203374,24.7,5.2,702.073171696884,1330.9435336528256,914.3248753705018,1216.9147805322953,1188.9394535489466,False
2021-08-23 13:41:00-07:00,25.33945494384042,24.6,6.5,1028.923598043219,1945.8909865407677,878.2429182835778,1708.9649786812738,1664.4745315062114,False
2021-08-23 13:42:00-07:00,25.267114739285454,24.4,5.4,475.7403668315507,901.5593513727044,942.9977428926368,850.1684334282098,831.4998202794374,False
2021-08-23 13:43:00-07:00,25.194124562907017,24.3,5.8,470.2409665838435,890.9258599116953,945.4858393580059,842.3577844643625,823.8314479390446,False
2021-08-23 13:44:00-07:00,25.120486807968867,24.3,5.4,673.4742741109151,1276.3438776954042,921.16181585662,1175.7192440353783,1148.8451878629137,False
2021-08-23 13:45:00-07:00,25.046204027385972,24.4,4.4,1115.9586505262405,2110.329193860424,850.2905709321594,1794.3930151023837,1747.2085287279263,False
2021-08-23 13:46:00-07:00,24.971278636632775,24.5,4.0,1079.6230177027655,2042.6745290629287,852.1303402873539,1740.624941546704,1695.5907687419121,False
2021-08-23 13:47:00-07:00,24.895713111324547,24.6,4.9,1034.599967640494,1958.2921203970038,865.61639211191,1695.1297599592367,1651.5415093097404,False
2021-08-23 13:48:00-07:00,24.819509937253336,24.7,4.4,1013.2973511390785,1918.722509666099,864.4966257547416,1658.729135366012,1616.6024361108102,False
2021-08-23 13:49:00-07:00,24.74267161020037,25.0,3.7,978.2504383651549,1853.000391967657,863.1758034918915,1599.4651022074725,1559.6428846859183,False
2021-08-23 13:50:00-07:00,24.665200635797603,25.1,3.4,1022.6461406563892,1937.4742811980116,852.7670225273196,1652.2141740004872,1610.656014930061,False
2021-08-23 13:51:00-07:00,24.587099528671953,25.1,6.5,1048.4948443244323,1983.108165361869,872.8617173085204,1730.97919882631,1685.7502610410243,False
2021-08-23 13:52:00-07:00,24.50837081301957,25.1,5.8,1038.0539948238802,1964.010504130129,869.4348594971727,1707.57919670935,1663.3890088541818,False
2021-08-23 13:53:00-07:00,24.429017021734186,25.1,5.5,1019.7357438115891,1929.6734846218044,870.0240401126485,1678.862321188915,1635.7967860568313,False
2021-08-23 13:54:00-07:00,24.34904069628165,25.1,5.5,1006.2358295890609,1904.1004917044847,872.1034819288933,1660.572668757999,1618.1686870024616,False
2021-08-23 13:55:00-07:00,24.268444332318282,25.2,5.5,991.3455088142739,1876.8155263365359,873.4779981293148,1639.3570688024536,1597.740917664991,False
2021-08-23 13:56:00-07:00,24.18723059539125,25.2,5.3,990.3875442714485,1874.7005336798138,872.4114916155154,1635.510288920009,1594.0710864807434,False
2021-08-23 13:57:00-07:00,24.105401997312807,25.4,6.6,994.2784106317746,1881.2391953849487,879.7050716730483,1654.9356612102642,1612.5470616815826,False
2021-08-23 13:58:00-07:00,24.022961111019065,25.3,5.8,993.5304244455572,1880.2393430450384,874.9934763764469,1645.1971591907447,1603.3143025076488,False
2021-08-23 13:59:00-07:00,23.939910516648546,25.2,5.5,1000.6733753190565,1893.9565921901242,872.2970399347782,1652.0927291324053,1610.0142253234935,False
2021-08-23 14:00:00-07:00,23.85625280124507,25.3,6.4,1022.4076169673468,1934.0407071100053,874.9908990894288,1692.2680171897384,1648.5352842361133,False
2021-08-23 14:01:00-07:00,23.771990558658285,25.6,6.2,1050.265218910692,1987.1086619723246,867.9147778466806,1724.6409729129252,1679.8075029255788,False
2021-08-23 14:02:00-07:00,23.687126388638546,25.3,6.3,1080.7761678265783,2043.5440722806547,865.9816267044395,1769.6716199558161,1723.0553717223827,False
2021-08-23 14:03:00-07:00,23.60166289752616,25.1,5.6,1116.849693043447,2111.8927113086856,856.2754717935693,1808.361927753245,1760.4191829935412,False
2021-08-23 14:04:00-07:00,23.51560269735249,25.3,6.8,1145.678616836658,2164.076901232086,860.5267309340505,1862.2460213071374,1811.8856309983826,False
2021-08-23 14:05:00-07:00,23.428948405764874,25.3,8.0,1149.6348238652085,2170.5926201039297,868.4096777368334,1884.9636377224024,1827.3,False
2021-08-23 14:06:00-07:00,23.34170258717714,25.2,8.0,1103.173066430705,2084.3436228330265,874.9239374205592,1823.6421294265047,1774.5029759532888,False
2021-08-23 14:07:00-07:00,23.25386798634414,24.7,8.2,543.1655730998441,1028.5253512135323,944.8068475723566,971.7577947283083,950.0969109652876,False
2021-08-23 14:08:00-07:00,23.16544717800682,24.2,8.4,601.1147812236536,1137.8715504386628,942.6032894961261,1072.5614664675406,1048.245163829033,False
2021-08-23 14:09:00-07:00,23.076442799634876,23.9,7.7,430.06795708261296,814.271319556917,956.5299934122205,778.8749399315379,761.605979427784,False
2021-08-23 14:10:00-07:00,22.98685749303606,23.8,6.1,516.6189209550713,978.6910583932153,944.5636776140108,924.4360253638441,903.9701884721777,False
2021-08-23 14:11:00-07:00,22.8966939042929,23.7,8.2,709.5712520323577,1342.5947217050466,933.0328074965876,1252.6849225225594,1223.2206313624517,False
2021-08-23 14:12:00-07:00,22.80595468281421,23.2,7.5,276.12433426441766,522.472073115709,966.2543083504598,504.8408916408503,492.62906996575106,False
2021-08-23 14:13:00-07:00,22.71464248214841,23.0,7.8,267.74214448263984,506.3498354280267,968.1815502978309,490.2385686577585,478.23844165860925,False
2021-08-23 14:14:00-07:00,22.62275995903509,22.9,8.0,299.6129580439777,566.7669096008683,968.6151679908273,548.9790253546871,536.0116486344014,False
2021-08-23 14:15:00-07:00,22.530309773367705,22.7,6.9,327.9046212502644,620.3947519130379,966.6751531161043,599.7201917979635,585.885287683942,False
2021-08-23 14:16:00-07:00,22.437294588135284,22.8,6.0,747.7416174316061,1415.3388408779667,922.7088370420104,1305.9456558868958,1274.9984207340572,False
2021-08-23 14:17:00-07:00,22.343717005537734,22.9,5.6,1125.367671538879,2126.059619873688,866.2741309471394,1841.7504495478847,1792.0968354907682,False
2021-08-23 14:18:00-07:00,22.249579819207167,23.3,4.0,1130.603141620638,2137.9655209969396,849.7852005987746,1816.8114591336482,1768.7058335744077,False
2021-08-23 14:19:00-07:00,22.154885636774218,23.7,4.6,1100.2399313964934,2080.9223786230655,857.73744999554,1784.885054678802,1737.8780591345703,False
2021-08-23 14:20:00-07:00,22.059637130450724,23.8,5.6,695.8388476128293,1318.2548291753826,921.9538236275923,1215.3700802737826,1187.2878485141225,False
2021-08-23 14:21:00-07:00,21.96383697443585,23.7,5.3,467.02472565576636,884.706121274443,947.2156431072675,838.0074776239079,819.5549112850646,False
2021-08-23 14:22:00-07:00,21.867487843968075,23.7,6.3,607.722439587305,1151.1509902562868,936.1961523183488,1077.7031278153927,1053.3603042477823,False
2021-08-23 14:23:00-07:00,21.770592416209016,23.5,6.5,583.1702599092476,1104.416482043901,940.8087420261876,1039.04468114471,1015.6790866173745,False
2021-08-23 14:24:00-07:00,21.673153369313937,23.2,5.1,302.6224002886914,572.8548662446462,960.8905483022651,550.4508265234388,537.545584284591,False
2021-08-23 14:25:00-07:00,21.57517338238664,23.2,4.6,273.0354726279105,516.8391774652247,960.6338608013114,496.4932144617929,484.47439605197394,False
2021-08-23 14:26:00-07:00,21.47665513549342,23.1,5.0,244.1749099784618,462.05346006625615,962.3488233806983,444.65660363374207,433.41120309119617,False
2021-08-23 14:27:00-07:00,21.37760130870609,23.1,5.1,232.35923439307336,439.6043178262676,962.5556418086821,423.143616287131,412.20799996932783,False
2021-08-23 14:28:00-07:00,21.27801458299815,22.9,6.1,235.5793145688256,445.6761673023635,965.2472070032533,430.18767571652097,419.1245083882115,False
2021-08-23 14:29:00-07:00,21.17789757204003,22.8,5.0,247.20215547425897,467.72049185885425,963.9583432406466,450.8630704319615,439.50963800315805,False
2021-08-23 14:30:00-07:00,21.07725309105037,22.7,4.0,271.5561912561386,513.9686488310459,961.9989743015201,494.43731299860434,482.43644678424266,False
2021-08-23 14:31:00-07:00,20.97608375400069,22.6,4.1,332.05210224257655,628.6608021972929,960.0076600759055,603.5191856988649,589.6950897217176,False
2021-08-23 14:32:00-07:00,20.874392240867145,22.7,3.3,297.72068264656065,563.7436380362648,959.1359347877259,540.7067812485461,527.9852960291588,False
2021-08-23 14:33:00-07:00,20.772181231600882,22.7,3.7,314.7246537358441,595.7820518850934,959.5654832254412,571.6918925141646,558.4371281805699,False
2021-08-23 14:34:00-07:00,20.669453405217585,22.6,3.2,329.6078923520808,624.2744674488397,957.4429886910469,597.7072118777287,584.0181917046309,False
2021-08-23 14:35:00-07:00,20.566211439810935,22.6,3.2,557.0915504551356,1056.0926480439548,933.8418190470732,986.2234795316073,964.3746304573496,False
2021-08-23 14:36:00-07:00,20.462458012532956,22.6,2.5,323.49432027735975,612.7046416830168,955.9065426805807,585.6883757155566,572.2310962892527,False
2021-08-23 14:37:00-07:00,20.3581957987122,22.8,2.1,517.595094596076,981.4828038030776,932.7163262493765,915.4450350401441,895.3893060013263,False
2021-08-23 14:38:00-07:00,20.253427472781926,22.9,2.9,443.740720322205,841.1483321454773,944.4968653745866,794.4619630264649,777.0243760487477,False
2021-08-23 14:39:00-07:00,20.14815570738634,22.9,3.2,281.65396404111993,533.3166548809891,958.5659138119348,511.21916663711954,498.98771635187103,False
2021-08-23 14:40:00-07:00,20.042383102292643,22.7,3.5,257.7328389234398,487.761386033068,961.2994009470204,468.8847281986766,457.2872278148364,False
2021-08-23 14:41:00-07:00,19.936112468504056,22.5,2.3,242.27659764720102,458.6180644805884,959.7433767179638,440.1556498284567,429.00227724833957,False
2021-08-23 14:42:00-07:00,19.829346401695343,22.5,1.8,231.2277580594363,437.6496145067556,958.8983254464474,419.66148248281115,408.8110094319481,False
2021-08-23 14:43:00-07:00,19.722087566679892,22.5,3.1,220.2305496979938,416.6511936347187,961.8119791435347,400.74010916232487,390.12588891619214,False
2021-08-23 14:44:00-07:00,19.614338625654007,22.5,3.2,207.3787312955877,392.2814094887448,961.8110414463845,377.3005910004253,367.00363198916835,False
2021-08-23 14:45:00-07:00,19.50610223828701,22.5,2.8,192.87908634046659,364.9001954316519,960.4376607141139,350.46389009449877,340.5281100128285,False
2021-08-23 14:46:00-07:00,19.39738106176536,22.5,2.6,182.62655796666002,345.43178998587587,959.7526046305084,331.52906016112314,321.8359346097431,False
2021-08-23 14:47:00-07:00,19.288177749825866,22.5,2.8,176.4245107685351,333.6651838793009,959.7430562233442,320.23284333164446,310.67729085471933,False
2021-08-23 14:48:00-07:00,19.17849495386199,22.5,3.0,177.56632173137453,335.8036288162416,960.18674136052,322.4341920901047,312.84823808934254,False
2021-08-23 14:49:00-07:00,19.06833532193062,22.5,3.4,194.11439643957485,367.09148970028076,961.8453095939682,353.08522756007756,343.10346838518416,False
2021-08-23 14:50:00-07:00,18.957701498866047,22.5,3.7,241.77600140832877,457.524197306884,962.872466155342,440.53745218662266,429.3472908415062,False
2021-08-23 14:51:00-07:00,18.846596051680233,22.5,3.4,787.2640149895882,1491.747458838252,903.2100546397928,1347.3613038060696,1315.4846021219087,False
2021-08-23 14:52:00-07:00,18.73502176693079,22.7,3.7,1235.457445948708,2332.9205074835118,833.026542467953,1943.3847042015718,1827.3,False
2021-08-23 14:53:00-07:00,18.622981204797252,23.1,3.9,701.5602689964942,1329.7345131903382,915.59278594537,1217.4953274996521,1189.4767228149562,False
2021-08-23 14:54:00-07:00,18.510476995876292,23.2,3.5,1178.204557038124,2226.960018534368,837.9714942165815,1866.1290142918303,1816.287011624093,False
2021-08-23 14:55:00-07:00,18.397511766865165,23.3,3.5,1206.265302378101,2279.785495113505,832.6329444750015,1898.224509567757,1827.3,False
2021-08-23 14:56:00-07:00,18.284088140712964,23.3,3.8,1009.314447525485,1910.5036182370875,867.6064018429747,1657.5651699266637,1615.399898475353,False
2021-08-23 14:57:00-07:00,18.170208735611848,23.1,3.5,743.6854292610494,1409.7720569228902,907.1298364217884,1278.8462953884696,1249.0985128145066,False
2021-08-23 14:58:00-07:00,18.055876166171366,23.1,3.5,528.2932063508215,1001.436721702871,936.3434254211205,937.6886903417636,917.0278108499825,False
2021-08-23 14:59:00-07:00,17.941093042485907,23.0,3.4,257.5389400145809,487.44291442177234,959.5369330116861,467.71947912254524,456.157851999498,False
2021-08-23 15:00:00-07:00,17.825861970196833,23.0,1.9,250.13846868490296,473.6081283405607,956.0747543489825,452.80477496088304,441.50221022893624,False
2021-08-23 15:01:00-07:00,17.710185550621965,23.0,2.9,313.90530165840016,594.5295719938418,955.6423620478175,568.157644487473,555.0093311406446,False
2021-08-23 15:02:00-07:00,17.59406630178673,23.0,3.2,250.17228780447397,473.50059589865555,959.2196635703581,454.1910822982724,442.83606838971394,False
2021-08-23 15:03:00-07:00,17.477506971382788,22.9,2.9,235.76614172951594,446.2444905865684,959.16464060741,428.02193643650264,417.0497935293126,False
2021-08-23 15:04:00-07:00,17.36051006857558,22.9,2.3,229.64021454133942,434.66866124003855,957.9234719992647,416.37931314433,405.5846221743923,False
2021-08-23 15:05:00-07:00,17.243078175328375,22.9,3.0,234.21897082589393,443.38369680184354,959.2136873616512,425.2997107253367,414.36602284456103,False
2021-08-23 15:06:00-07:00,17.12521386880734,22.8,3.8,337.65051633028077,639.4483870722028,957.6598145422248,612.3740237728906,598.4174200778633,False
2021-08-23 15:07:00-07:00,17.006919720401257,22.9,2.5,356.1242673357891,674.7027759936936,951.8254614295836,642.1992810880184,627.7621725940585,False
2021-08-23 15:08:00-07:00,16.88819829696313,23.0,2.8,476.0309245769673,902.3647417421349,940.0870374585812,848.3013967714413,829.7197001162665,False
2021-08-23 15:09:00-07:00,16.76905215982753,23.1,2.4,316.7069434764423,599.9373634923558,953.4929546576237,572.036049325831,558.8454653282884,False
2021-08-23 15:10:00-07:00,16.64948386498534,23.3,2.0,537.5402319413217,1019.6364608751988,926.9287806800675,945.1303814159872,924.4382369515713,False
2021-08-23 15:11:00-07:00,16.52949596319487,23.5,2.4,902.262265986038,1710.7596836621476,872.2595721106746,1492.2265096553378,1456.1020734238248,False
2021-08-23 15:12:00-07:00,16.409090999015785,23.5,1.8,316.23706120088974,599.2261262192849,949.6158206533485,569.0346096066531,555.9405719166776,False
2021-08-23 15:13:00-07:00,16.28827151208625,23.4,2.0,301.9048345068434,571.9913611295381,951.669159361034,544.3465378079212,531.6478082863339,False
2021-08-23 15:14:00-07:00,16.167039954719055,23.4,1.5,243.971970261269,462.0654148614263,953.0654710248178,440.37859225918316,429.2885795508141,False
2021-08-23 15:15:00-07:00,16.04539901749851,23.4,1.2,237.6161204306182,449.97742622221625,952.6061111237988,428.65124608704144,417.7346013576822,False
2021-08-23 15:16:00-07:00,15.923351141702236,23.5,1.7,243.9554123440339,462.03310018454016,953.030083347095,440.331443977989,429.2424689636086,False
2021-08-23 15:17:00-07:00,15.800898843171462,23.5,2.7,664.602194432545,1260.5586492225075,911.8035511559743,1149.3818528014606,1123.4612584129957,False
2021-08-23 15:18:00-07:00,15.67804463252116,23.5,1.9,530.7096889362024,1007.0148746417469,926.0939286585497,932.5903614745723,912.2219102618207,False
2021-08-23 15:19:00-07:00,15.554791014125536,23.5,2.0,348.2813837682489,660.0495254735204,947.7108415751471,625.5360912677863,611.4593092166284,False
2021-08-23 15:20:00-07:00,15.431140486302207,23.6,3.1,295.0219586973814,558.8573280579815,954.014316884628,533.1578920632036,520.6187919373117,False
2021-08-23 15:21:00-07:00,15.30709554147046,23.5,3.5,339.35459374922954,642.9424057478369,952.9712023928652,612.7055974748777,598.7994710464603,False
2021-08-23 15:22:00-07:00,15.182658665210877,23.5,2.8,457.9654969570182,868.4472492717532,939.3440549418988,815.7707606340666,797.9368461322699,False
2021-08-23 15:23:00-07:00,15.057832337538503,23.5,3.3,839.5470757215382,1591.1897471597235,889.4109625120395,1415.2216045606185,1381.3766083569303,False
2021-08-23 15:24:00-07:00,14.932619031989237,23.5,3.1,482.17837883227037,914.211092202707,937.9678894912939,857.5006487029037,838.7387087696696,False
2021-08-23 15:25:00-07:00,14.807021131409664,23.5,2.8,291.52810667076653,552.1952013203003,953.9966938940718,526.7923964437377,514.3580912949003,False
2021-08-23 15:26:00-07:00,14.681041265309773,23.5,2.4,325.44271114799676,616.6073027457082,950.806307814323,586.2741128949953,572.8663258446594,False
2021-08-23 15:27:00-07:00,14.554681803546075,23.5,2.2,858.8986450355835,1628.805116389572,877.9461286493558,1430.0031462584884,1395.9182310405927,False
2021-08-23 15:28:00-07:00,14.427945194300028,23.6,2.8,958.1885324214969,1815.8084906521904,865.8732714553903,1572.2600381374866,1533.3856783781189,False
2021-08-23 15:29:00-07:00,14.300833879027683,23.7,2.6,1108.2221220366753,2097.749720893614,838.3401378891924,1758.6277902709674,1713.2571685340788,False
2021-08-23 15:30:00-07:00,14.173350292657403,23.7,2.5,1149.3007084959354,2173.8487891206637,830.5783831897634,1805.5518125668661,1758.482420814532,False
2021-08-23 15:31:00-07:00,14.04549686376378,23.9,1.3,1238.7240630769127,2341.320297493971,800.3981742411049,1873.988491427815,1824.9582362717404,False
2021-08-23 15:32:00-07:00,13.917276013603407,24.2,1.1,764.6790156508245,1451.594492259738,881.60375436514,1279.7311541919441,1250.4946814681161,False
2021-08-23 15:33:00-07:00,13.788690157508432,24.3,1.6,460.0873534353252,873.1192870218848,929.7419570818844,811.7756346816667,794.1707989844012,False
2021-08-23 15:34:00-07:00,13.659741703894735,24.3,2.8,351.5810871038957,666.6527624421558,945.5000892328009,630.3202463763515,616.1824313943492,False
2021-08-23 15:35:00-07:00,13.53043305448631,23.9,2.3,211.26909070997726,400.10103714199136,952.3336567327578,381.0296837640017,370.77101101674987,False
2021-08-23 15:36:00-07:00,13.40076651742677,23.6,1.5,194.27395454901523,367.84329073194556,952.041417865286,350.20204806067403,340.34456031171715,False
2021-08-23 15:37:00-07:00,13.270744654371404,23.6,2.3,178.90044238340178,338.5184092527795,953.2314628127207,322.68639844106224,313.15730974612677,False
2021-08-23 15:38:00-07:00,13.140369760183646,23.5,1.8,163.1567625787467,308.71287997895007,951.7723228905869,293.8243748838083,284.6457529563189,False
2021-08-23 15:39:00-07:00,13.00964420950934,23.5,1.1,145.28896536967144,274.85885856808744,949.0043794032224,260.84226049888593,252.05008196635563,False
2021-08-23 15:40:00-07:00,12.878570370156796,23.4,2.3,133.38059706919208,252.26753607055886,949.5759582897306,239.54718730959007,230.97306949843374,False
2021-08-23 15:41:00-07:00,12.747150603373719,23.4,2.2,125.91381340569801,238.07477275878745,948.408070797202,225.79203593764385,217.36538612278457,False
2021-08-23 15:42:00-07:00,12.615387262787612,23.3,2.4,125.43868524264248,237.19775684006387,948.9573157706568,225.09054663776797,216.6667192114692,False
2021-08-23 15:43:00-07:00,12.483282695894314,23.3,2.2,132.15594078633694,249.8843191699156,950.003257782674,237.39091728022535,228.83552907686834,False
2021-08-23 15:44:00-07:00,12.350839243052087,23.3,2.0,144.52903216348128,273.31981162600084,951.4859653750202,260.05996482108407,251.2564935353819,False
2021-08-23 15:45:00-07:00,12.218059237722779,23.3,1.6,156.1745555011949,295.44732076028794,951.967445936372,281.25623135291534,272.2176410638392,False
2021-08-23 15:46:00-07:00,12.08494500672318,23.4,0.9,162.07854642587844,306.74551167349784,950.5500165335828,291.5769511928456,282.4340016899046,False
2021-08-23 15:47:00-07:00,11.951498779569363,23.5,1.1,162.96273922786165,308.3936675395079,950.5254137604657,293.1360184390982,283.9755670001014,False
2021-08-23 15:48:00-07:00,11.81772304819597,23.5,2.3,163.36336979624917,309.1187924487186,952.4850482049831,294.43102792658385,285.23957217714434,False
2021-08-23 15:49:00-07:00,11.683620029012983,23.4,2.3,162.86386433915823,308.08113152170824,953.2185385932568,293.6686459572797,284.47981319256735,False
2021-08-23 15:50:00-07:00,11.549192020841819,23.4,2.0,161.96874366840512,306.39667552049275,952.6679356839072,291.89428836851977,282.73022782610064,False
2021-08-23 15:51:00-07:00,11.414441315824812,23.4,2.4,164.77353231191313,311.7715696188589,953.3047492616784,297.21331800242615,287.9831737220978,False
2021-08-23 15:52:00-07:00,11.27937019816971,23.4,2.6,171.25295091162346,324.0804783159389,954.0183524017891,309.17872396855574,299.8035345768063,False
2021-08-23 15:53:00-07:00,11.143980946634823,23.4,2.8,224.5782976828246,425.11662225243043,956.3610819027738,406.5649927921871,395.92233650653435,False
2021-08-23 15:54:00-07:00,11.008275832037146,23.3,3.0,212.76331403345202,402.63126924040085,957.2987478658376,385.43840989546874,375.0747420986291,False
2021-08-23 15:55:00-07:00,10.872257118506996,23.3,2.9,287.5599067278916,544.6083183140285,955.5031545507961,520.3749661436583,508.0287816102075,False
2021-08-23 15:56:00-07:00,10.735927063485923,23.4,2.8,947.8544407262439,1795.9104138332275,868.7435808571647,1560.1856438121508,1521.6852334871312,False
2021-08-23 15:57:00-07:00,10.599287916749041,23.5,3.0,1127.1395905619715,2132.634697726351,840.0199169123325,1791.455621588447,1744.6926171617633,False
2021-08-23 15:58:00-07:00,10.462341921879252,23.6,2.5,934.4828204511223,1771.3129590291346,867.3256019458781,1536.3050784244786,1498.716180452969,False
2021-08-23 15:59:00-07:00,10.325091223171578,23.8,2.7,1103.4386433810287,2088.0330652246225,839.9133600803483,1753.766867771682,1708.548332819615,False
2021-08-23 16:00:00-07:00,10.187538234232115,23.9,2.6,871.5398945549862,1652.5872803615564,876.9706234107871,1449.270497499411,1414.542938674897,False
2021-08-23 16:01:00-07:00,10.049685085997249,24.0,2.9,1076.0169341723831,2037.1571907967834,845.206609057603,1721.8187213506615,1677.7352627699252,False
2021-08-23 16:02:00-07:00,9.911533993713073,24.1,3.0,571.4624758171271,1084.0068007178008,923.2958908635899,1000.8590247709318,978.8106080726262,False
2021-08-23 16:03:00-07:00,9.77308716650665,24.0,3.6,211.24561789690853,399.97074518429804,954.3537468086729,381.71357928049173,371.42706508072774,False
2021-08-23 16:04:00-07:00,9.634346806404285,23.8,3.3,207.2043116060257,392.2257072739342,954.9217466105324,374.5448574555767,364.3478663531567,False
2021-08-23 16:05:00-07:00,9.49531510858974,23.6,2.7,211.1049160081444,399.6290247323226,954.9218172613272,381.61447452776133,371.32399998603796,False
2021-08-23 16:06:00-07:00,9.355994261679575,23.5,2.6,206.09569497456155,390.17213889101845,955.0351187783187,372.62809500977454,362.4552254850096,False
2021-08-23 16:07:00-07:00,9.216386446696385,23.5,2.8,200.44736939451107,379.4340541044889,955.3033854065427,362.4746364245475,352.4313416629154,False
2021-08-23 16:08:00-07:00,9.076493838689757,23.5,1.8,195.84790031154387,370.80977404704606,953.1688940919349,353.44434224690315,343.535782958739,False
2021-08-23 16:09:00-07:00,8.936318605643484,23.6,2.6,193.5929245502712,366.41117410362676,954.3068571065132,349.66869596753946,339.7977094234107,False
2021-08-23 16:10:00-07:00,8.795862814536283,23.6,2.8,192.11079212498683,363.6600920668632,954.4242353060168,347.08600528223167,337.24648167895845,False
2021-08-23 16:11:00-07:00,8.655128808535396,23.6,2.3,187.59418829211197,355.07818461482924,953.454408629235,338.5508605290744,328.8263003304264,False
2021-08-23 16:12:00-07:00,8.514118640854571,23.6,3.0,182.41821513480073,345.2440299266043,954.3659151055334,329.4891345556259,319.8678594685252,False
2021-08-23 16:13:00-07:00,8.372834452915919,23.6,3.1,178.11327896969271,337.0857601172685,954.2444887105355,321.6622288147051,312.136733276693,False
2021-08-23 16:14:00-07:00,8.23127837922541,23.5,2.7,172.93180751129455,327.20595630052,953.958943021139,312.14104822266506,302.73145670165104,False
2021-08-23 16:15:00-07:00,8.089452547657636,23.5,3.0,166.1104788151517,314.27966780895827,953.8563367716839,299.77765265807466,290.5133637956515,False
2021-08-23 16:16:00-07:00,7.947359079772552,23.4,3.2,160.25915949197352,303.12939368772584,954.2816283915744,289.2708114216736,280.12321461976137,False
2021-08-23 16:17:00-07:00,7.8050000897572005,23.5,2.8,154.7343161528671,292.70159130546597,952.5601430853209,278.81586969523573,269.7995820155547,False
2021-08-23 16:18:00-07:00,7.662377686048884,23.5,3.4,149.56115970035592,282.863827394571,952.8545862644361,269.5280952212288,260.61155528028695,False
2021-08-23 16:19:00-07:00,7.519493970323333,23.5,2.8,145.01951152570192,274.34286601208447,951.2540013133116,260.9697490257571,252.15838754438406,False
2021-08-23 16:20:00-07:00,7.3763510377697274,23.5,2.2,140.5534608261517,265.85704684231865,949.9946342261932,252.5627679714244,243.85046743543606,False
2021-08-23 16:21:00-07:00,7.2329508811602095,23.5,2.3,132.80559525479117,251.17876058519406,948.985108711456,238.36490341994917,229.80739479709158,False
2021-08-23 16:22:00-07:00,7.08929577461661,23.5,2.1,124.09000134742872,234.64039045757744,947.3863009654119,222.29509157268424,213.91066943078533,False
2021-08-23 16:23:00-07:00,6.945387698283339,23.5,1.9,116.02951576982655,219.3645762464937,945.6277216120299,207.43722443836026,199.20952259124834,False
2021-08-23 16:24:00-07:00,6.801228721782647,23.6,2.8,109.30937114394764,206.61611754816556,944.6132703186628,195.17232649771793,187.06689526097057,False
2021-08-23 16:25:00-07:00,6.6568209084230645,23.5,3.4,104.10611071622226,196.7756767768321,944.2607769121221,185.80755343070012,177.79015959301253,False
2021-08-23 16:26:00-07:00,6.512166315499962,23.4,3.0,100.37935816019933,189.72345053564698,943.3547230489036,178.9765131359376,171.0266779157685,False
2021-08-23 16:27:00-07:00,6.367266993282057,23.4,2.7,96.44344046195148,182.24395596713384,942.0719296253592,171.68691526051677,163.81013004475054,False
2021-08-23 16:28:00-07:00,6.222124986635125,23.5,2.7,92.72880909644917,175.24474567635565,940.2164617642616,164.76799472260097,156.96369925781653,False
2021-08-23 16:29:00-07:00,6.076742334012157,23.5,2.9,92.12519733503726,174.1105941995283,940.1321671033428,163.68697024045323,155.8924744022956,False
2021-08-23 16:30:00-07:00,5.931121067744873,23.5,3.0,91.97904210664443,173.7959872370143,940.3677158680342,163.43213554510118,155.63819527210254,False
2021-08-23 16:31:00-07:00,5.785263214348165,23.5,2.9,89.73014626336035,169.56041590607208,939.4040630252653,159.28574363041793,151.53349102688125,False
2021-08-23 16:32:00-07:00,5.639170695475314,23.5,3.4,87.29240380827254,164.91158400135492,939.1033239172582,154.86901668813255,147.1557677338759,False
2021-08-23 16:33:00-07:00,5.492845721531495,23.4,3.4,84.36501282779439,159.40384443845815,938.3130954178519,149.5707146965554,141.9065520222214,False
2021-08-23 16:34:00-07:00,5.346290202915046,23.4,3.3,98.8826161452092,186.84067105332323,943.4166002950285,176.26859068196794,168.34228201144637,False
2021-08-23 16:35:00-07:00,5.199506141981892,23.4,3.6,88.08408220823623,166.4116054255873,940.036326597256,156.4329542674211,148.70034219503648,False
2021-08-23 16:36:00-07:00,5.052495535521801,23.4,3.3,71.96207790861594,135.9283335589707,932.8281425891594,126.79777491905436,119.3503076832067,False
2021-08-23 16:37:00-07:00,4.90526037365705,23.4,3.0,70.48428274962725,133.13813288427914,931.8631223037212,124.06651620723208,116.64609906836765,False
2021-08-23 16:38:00-07:00,4.757802641578856,23.4,3.3,68.68942656790183,129.70419091980744,931.3855113029099,120.8046041779751,113.41189463973126,False
2021-08-23 16:39:00-07:00,4.610124318460921,23.3,3.2,64.01334600412933,120.88418849937896,929.0585606074558,112.30849016743336,104.9935695577693,False
2021-08-23 16:40:00-07:00,4.4622273778243535,23.3,2.7,56.70943624749441,107.0467925418441,924.3793743615572,98.95184711724126,91.76158547234003,False
2021-08-23 16:41:00-07:00,4.314113787521881,23.3,3.2,48.68596598967127,91.86655215454398,918.6482120251993,84.39304388169155,77.33666468446317,False
2021-08-23 16:42:00-07:00,4.165785510128903,23.3,2.9,42.57470286649495,80.33151746698688,912.7949216701894,73.32620119392575,66.37625809656095,False
2021-08-23 16:43:00-07:00,4.01724450183216,23.3,2.4,39.43270735353176,74.38717419402599,909.4329034661138,67.65014380791264,60.75536522654165,False
2021-08-23 16:44:00-07:00,3.8684926143570357,23.4,2.7,39.3144272923191,74.16062901391336,908.9272164435814,67.40661409932137,60.516287871463625,False
2021-08-23 16:45:00-07:00,3.719531993024945,23.4,3.3,41.967271047915105,79.17999418383845,911.8547733960831,72.20065565400719,65.26334696827836,False
2021-08-23 16:46:00-07:00,3.5703644786086333,23.3,3.1,47.00874224687688,88.69615582383585,917.1722503744901,81.34965283651397,74.32213651421503,False
2021-08-23 16:47:00-07:00,3.4209920064779467,23.3,2.8,52.020674519691234,98.18918815971303,920.964462643627,90.42875291092409,83.31798818587083,False
2021-08-23 16:48:00-07:00,3.2714165059013425,23.3,2.6,54.003447000466835,101.93476129948615,922.3812357901489,94.02271109739388,86.87882819160151,False
2021-08-23 16:49:00-07:00,3.121639901751447,23.3,2.8,53.37618501402548,100.75050149463345,922.0011356470782,92.89207679506468,85.75825316100938,False
2021-08-23 16:50:00-07:00,2.9716641134346222,23.3,2.9,51.26217182851802,96.75618311433915,920.4127523052002,89.05562480281485,81.95747628903426,False
2021-08-23 16:51:00-07:00,2.8214910552401338,23.3,3.1,50.530401187993974,95.37393717388701,919.911698021982,87.73560049267223,80.64935041340989,False
2021-08-23 16:52:00-07:00,2.6711226366506797,23.3,3.1,53.26121299586018,100.53450407825797,922.0442464460615,92.69726105466586,85.5645044512366,False
2021-08-23 16:53:00-07:00,2.5205607613161813,23.3,3.1,58.08125111460029,109.63948772250376,925.5175727975931,101.47327255970319,94.258289109098,False
2021-08-23 16:54:00-07:00,2.3698073287366075,23.4,2.9,63.95458420965009,120.76625883140186,928.3964285550878,112.11896338903283,104.8096039410637,False
2021-08-23 16:55:00-07:00,2.218864131958271,23.3,3.3,68.54637473556213,129.43993784949546,931.7760499168063,120.60903399087978,113.2152964893911,False
2021-08-23 16:56:00-07:00,2.0677332628914353,23.3,2.8,71.79111037259663,135.60807475415743,932.920780254737,126.51159090849126,119.06571663988692,False
2021-08-23 16:57:00-07:00,1.9164165053420763,23.4,3.1,75.74916305367057,143.06920068148233,934.6649110411995,133.7217617276932,126.20874646497876,False
2021-08-23 16:58:00-07:00,1.764915738672915,23.4,3.1,80.37411805761225,151.8217880222137,936.6726090303426,142.20731029441853,134.6138241089641,False
2021-08-23 16:59:00-07:00,1.6132328384209667,23.4,2.9,84.80460456146324,160.22728009297205,938.1714673577145,150.32066247555915,142.6512950354041,False
2021-08-23 17:00:00-07:00,1.4613696752077765,23.3,2.7,86.7114611716868,163.82419122698292,939.3111246445176,153.88188530539583,146.17543661126413,False
2021-08-23 17:01:00-07:00,1.3093281151016671,23.4,3.0,85.31465563875099,161.18919329218238,938.459233038382,151.269486711057,143.5903810901922,False
2021-08-23 17:02:00-07:00,1.1571100199322946,23.4,2.5,82.9893188783148,156.80288310114685,937.1056814620185,146.94087262370945,139.3062631392122,False
2021-08-23 17:03:00-07:00,1.0047172462171392,23.4,2.0,77.76124267497767,146.88705345331104,934.7284243272076,137.29950402847973,129.75793712337034,False
2021-08-23 17:04:00-07:00,0.8521516469507244,23.5,2.2,71.17157003316167,134.42320336788418,931.2940440629296,125.18752868037048,117.76225518874277,False
2021-08-23 17:05:00-07:00,0.6994150705055016,23.5,2.2,65.7959442561213,124.2787805784514,928.2973828625926,115.36766675633085,108.03509950964929,False
2021-08-23 17:06:00-07:00,0.5465092583706871,23.5,2.3,64.87351807029279,122.49175264329986,928.1580847257728,113.69171052810832,106.37234661277594,False
2021-08-23 17:07:00-07:00,0.39343625578609276,23.5,1.8,73.20937166668878,138.29581395514995,931.8888772194861,128.87633079081965,121.4189865643909,False
2021-08-23 17:08:00-07:00,0.24019779543578756,23.5,1.5,69.46439364562966,131.197187641386,929.9478282945583,122.00653972546058,114.61399576958571,False
2021-08-23 17:09:00-07:00,0.08679570922084838,23.5,1.4,66.05621601447704,124.7647212356034,927.9845896718084,115.77973864133898,108.44611720655253,False
2021-08-23 17:10:00-07:00,0.06676817526647592,23.5,1.5,61.773761623537375,116.6356177838686,925.8242139615742,107.98407915467276,100.72084317531063,False
2021-08-23 17:11:00-07:00,0.2204920343913099,23.5,1.5,59.02102161487252,111.43778256915327,924.0566051587854,102.97481904727464,95.7583015219754,False
2021-08-23 17:12:00-07:00,0.3743740481810233,23.4,2.0,56.77369628235798,107.20034844110585,923.2651856843102,98.97434960890035,91.7908023290187,False
2021-08-23 17:13:00-07:00,0.5284124013420787,23.3,2.2,55.25648805292884,104.30007727152568,923.1115427157999,96.28060523549522,89.11670255069166,False
2021-08-23 17:14:00-07:00,3.648873681013222,23.2,2.0,56.81366021219683,107.24502253326627,924.5893975436638,99.15761077358931,91.96461633324559,False
2021-08-23 17:15:00-07:00,9.321115672830745,23.1,1.9,61.93560075358641,116.92015468367654,928.386117145101,108.54704842278308,101.26370370010534,False
2021-08-23 17:16:00-07:00,12.680428333333229,23.1,1.5,68.54555937357571,129.43727714622403,931.6814312232459,120.59430762523395,113.20128598846097,False
2021-08-23 17:17:00-07:00,15.331216437965814,23.1,1.2,76.3658170384788,144.23407330307302,935.14204316069,134.87934600202445,127.35413332048151,False
2021-08-23 17:18:00-07:00,17.596692699143574,23.1,1.8,85.73048121997647,161.98054231103512,939.1825788628339,152.12930345327834,144.4382374533443,False
2021-08-23 17:19:00-07:00,19.610895247357227,23.1,1.7,94.2838034555103,178.14767759562278,942.0950470753316,167.83204471080924,159.9885122354283,False
2021-08-23 17:20:00-07:00,21.444784508785446,23.1,1.4,99.22443327514273,187.551517244218,943.0087561797293,176.86272299609107,168.93402489983373,False
2021-08-23 17:21:00-07:00,23.14130621858377,23.1,1.3,99.39830069329157,187.87712515290406,942.9787641566663,177.16413928999282,169.2329893429744,False
2021-08-23 17:22:00-07:00,24.728784701330767,23.1,1.2,93.03656205858567,175.7937259667593,941.218508297026,165.46030852240935,157.64320437724473,False
2021-08-23 17:23:00-07:00,26.22706212500565,23.1,1.2,87.18792999374594,164.7187082209677,939.3177155159398,154.723200708856,147.0097154575126,False
2021-08-23 17:24:00-07:00,27.650675287163047,23.1,1.4,81.95713428744686,154.80802496622036,937.6266646624574,145.15213211205963,137.52856531137883,False
2021-08-23 17:25:00-07:00,29.01064952191695,23.1,1.2,76.44589214650301,144.3850207729764,935.180291981261,135.0260258841925,127.49941023789926,False
2021-08-23 17:26:00-07:00,30.31558108138797,23.2,1.3,72.67871679811749,137.27659101810653,932.9201804425288,128.06810206314717,120.61029119675314,False
2021-08-23 17:27:00-07:00,31.57232517469192,23.2,1.4,71.4327623367912,134.9272452801176,932.3429304645896,125.79846326397933,118.36177029025886,False
2021-08-23 17:28:00-07:00,32.78645219189271,23.2,1.6,72.01252647467066,136.02248446984092,932.7730249589094,126.87810430135981,119.43037788341415,False
2021-08-23 17:29:00-07:00,33.96256170123839,23.2,1.6,73.11245987233097,138.0971273631826,933.3377494268814,128.89126205547024,121.42440824631058,False
2021-08-23 17:30:00-07:00,35.104500796361776,23.2,1.5,73.33941617363939,138.52432916688693,933.3874971405578,129.29687689415536,121.82657143934316,False
2021-08-23 17:31:00-07:00,36.21552937477815,23.2,1.1,72.30209157161694,136.56457249753075,932.5949926463253,127.35943648408326,119.90917158739516,False
2021-08-23 17:32:00-07:00,37.298435895673876,23.2,1.6,69.52241240528069,131.27505452226643,931.8050435619418,122.32275789771678,114.9159196693069,False
2021-08-23 17:33:00-07:00,38.35562797399834,23.2,2.0,65.70533259976064,124.0759689141068,929.8969003317061,115.37785889888104,108.03507466075195,False
2021-08-23 17:34:00-07:00,39.38920128213495,23.3,1.9,62.310500470490695,117.66178279422412,927.3247293451408,109.11068088392064,101.82991859880043,False
2021-08-23 17:35:00-07:00,40.40099323740894,23.3,2.0,59.9859676186284,113.27292979256771,925.8996024234135,104.87936066027368,97.63787049665554,False
2021-08-23 17:36:00-07:00,41.39262536665326,23.3,2.0,58.64620990590996,110.70074320169745,925.3639783406533,102.43848013438978,95.21763739752795,False
2021-08-23 17:37:00-07:00,42.36553714036664,23.3,2.0,58.02051412913716,109.51928640324707,924.9427763031209,101.29907282455599,94.08887567656872,False
2021-08-23 17:38:00-07:00,43.321013293251625,23.3,2.0,56.91680708632843,107.43502072165016,924.1865703862195,99.29000334011428,92.09856909590789,False
2021-08-23 17:39:00-07:00,44.26020607623972,23.3,2.2,55.053861607577,103.91732408976719,922.965520380739,95.91210710508588,88.75164607343667,False
2021-08-23 17:40:00-07:00,45.18415418620861,23.3,1.9,53.54481372057164,101.06518104045928,921.7183011865475,93.15362697772298,86.01974339717842,False
2021-08-23 17:41:00-07:00,46.093795473486225,23.3,2.3,52.857717865889576,99.76877663932301,921.3868441065227,91.92563824807439,84.80214775466251,False
2021-08-23 17:42:00-07:00,46.98998333288427,23.3,2.5,51.975360082544164,98.10234946599147,920.7995622706131,90.33260044600367,83.2234882164524,False
2021-08-23 17:43:00-07:00,47.873494882432944,23.3,2.7,50.14432670502422,94.64275887363873,919.4356457109232,87.01792611684724,79.9393540370709,False
2021-08-23 17:44:00-07:00,48.74504059892667,23.3,2.8,48.390596070727184,91.32821417789314,918.0282304451403,83.841878851446,76.79286724668646,False
2021-08-23 17:45:00-07:00,49.60527200318512,23.3,2.9,47.75854382681296,90.13370690035535,917.5305761287543,82.70043202090332,75.66192041459408,False
2021-08-23 17:46:00-07:00,50.45478823004754,23.3,2.7,47.686414128165374,89.99666755369837,917.3900659586587,82.56204878314684,75.52528811625074,False
2021-08-23 17:47:00-07:00,51.29414167898595,23.3,2.8,48.17627265960146,90.92306014064057,917.8470706004746,83.45346440011772,76.40810113315375,False
2021-08-23 17:48:00-07:00,52.123842904562636,23.3,2.8,47.6155920669543,89.86311922567184,917.3687811964397,82.43762015856491,75.4018035125938,False
2021-08-23 17:49:00-07:00,52.944364845662356,23.3,2.4,45.615608032950206,86.08053592160614,915.456160515489,78.80295690990918,71.80223513643271,False
2021-08-23 17:50:00-07:00,53.75614652467104,23.2,2.3,43.70147415152323,82.4453652691007,914.3484605940322,75.3837928169149,68.41160437839847,False
2021-08-23 17:51:00-07:00,54.55959681137289,23.2,2.3,42.35159102987061,79.89300363628138,913.054438025835,72.94666153732089,65.99758594627657,False
2021-08-23 17:52:00-07:00,55.35509510541595,23.2,2.4,41.66879970278762,78.60215733553987,912.4178348857978,71.71801021344612,64.78042153099841,False
2021-08-23 17:53:00-07:00,56.14299706801517,23.2,2.3,42.324272529541126,79.8413470568183,913.0277729724385,72.89736729440635,65.94876011795063,False
2021-08-23 17:54:00-07:00,56.92363465321158,23.2,2.3,42.78900619238555,80.72009799955416,913.4787761859106,73.73609633423952,66.77952439538518,False
2021-08-23 17:55:00-07:00,57.69731860181591,23.2,2.5,42.673485526789335,80.50223946410635,913.4400062147408,73.53396611639386,66.57890317256647,False
2021-08-23 17:56:00-07:00,58.464340165387036,23.3,2.2,41.87475620110632,79.00575825391297,911.858694126789,72.04208754990987,65.10575235740156,False
2021-08-23 17:57:00-07:00,59.22497263688714,23.2,2.1,39.61537652659857,74.73549841157121,910.002847185389,68.00951634034891,61.10919061163301,False
2021-08-23 17:58:00-07:00,59.97947271832836,23.2,2.0,36.18173487809977,68.23932254827955,906.1820650240979,61.83725022264545,54.99673928115929,False
2021-08-23 17:59:00-07:00,60.72808172421204,23.2,1.9,33.02876589349139,62.27327459183441,902.3081536297766,56.18968341743819,49.4049314144179,False
2021-08-23 18:00:00-07:00,61.47102666573678,23.2,2.0,31.423157714325587,59.257530050252264,899.8827812683417,53.32483095271335,46.57055252847815,False
2021-08-23 18:01:00-07:00,62.208521208853135,23.2,2.2,30.981205360154718,58.42123208832199,899.3344129473772,52.54022446381354,45.79357820441619,False
2021-08-23 18:02:00-07:00,62.94076701474725,23.2,2.2,30.243471373670896,57.02466266623299,898.305442550823,51.22556483270183,44.49228211846684,False
2021-08-23 18:03:00-07:00,63.66795254042427,23.2,2.2,28.71904735353399,54.1388226586548,896.0900443452782,48.51325999699514,41.80786626195904,False
2021-08-23 18:04:00-07:00,64.39025664412442,23.2,2.2,27.5809051455925,51.98424470498665,894.3513396718052,46.49217889373176,39.807879162486465,False
2021-08-23 18:05:00-07:00,65.10784721011612,23.2,2.3,27.12417112168794,51.11975233025816,893.6554438608838,45.68344495875531,39.007542409500545,False
2021-08-23 18:06:00-07:00,65.82088215182571,23.1,2.0,27.254791819475766,51.369258289457285,894.2762228856652,45.93830627553401,39.25750619821489,False
2021-08-23 18:07:00-07:00,66.52950985219438,23.1,2.2,27.67956430492,52.17366420518207,894.990472525717,46.69493238039399,40.00591104217162,False
2021-08-23 18:08:00-07:00,67.23386954448195,23.1,2.2,27.61155300970113,52.044910235382325,894.8845792372083,46.57418759742839,39.8864343244065,False
2021-08-23 18:09:00-07:00,67.93409161633856,23.0,2.1,27.247781901365947,51.35872489050679,894.7749566470283,45.95450083734986,39.27081077305525,False
2021-08-23 18:10:00-07:00,68.63029786598052,23.0,2.1,26.782461464264987,50.477794543311106,894.0328565545121,45.128806848128185,38.45385730401554,False
2021-08-23 18:11:00-07:00,69.32260169146957,23.0,2.1,26.316614049477657,49.59587441247616,893.2758731575182,44.30279802081525,37.63664703107967,False
2021-08-23 18:12:00-07:00,70.01110822054717,23.0,2.3,26.24357254042829,49.45783663579605,893.202027136007,44.1758399408545,37.51080102855217,False
2021-08-23 18:13:00-07:00,70.69591438661526,23.0,2.2,25.9717078819162,48.94303904767859,892.7289965578224,43.69287013752442,37.03313097346571,False
2021-08-23 18:14:00-07:00,71.3771093865538,23.1,2.4,25.697465654300903,48.421595239121295,891.8282263573594,43.18374539949951,36.53182877321098,False
2021-08-23 18:15:00-07:00,72.05477280769567,23.1,2.2,25.718981719748374,48.46209496909155,891.8195676061284,43.21944458062236,36.56738113635935,False
2021-08-23 18:16:00-07:00,72.72897724832214,23.1,2.2,25.54177412311792,48.12663278158998,891.5202440030852,42.90586740048998,36.2571886511507,False
2021-08-23 18:17:00-07:00,73.39978629856472,23.1,2.3,25.66022205071351,48.35097579217987,891.7430561657787,43.116646921516065,36.465572781566365,False
2021-08-23 18:18:00-07:00,74.06725474320439,23.2,2.4,25.18313512585744,47.463391156894794,890.1294381833306,42.24856170476243,35.61122163543183,False
2021-08-23 18:19:00-07:00,74.73142820955499,23.2,2.5,24.109072125261985,45.42964174212737,888.2562295046721,40.353162281610125,33.73648534005149,False
2021-08-23 18:20:00-07:00,75.39234275665164,23.2,2.6,22.73451791189959,42.83701876944982,885.508632718102,37.93254992025519,31.34401118394016,False
2021-08-23 18:21:00-07:00,76.05002435641593,23.1,2.4,20.861026783807173,39.291145060078215,882.1924803812263,34.66235271756897,28.109238694510154,False
2021-08-23 18:22:00-07:00,76.70448828576288,23.1,2.4,19.581307309497006,36.88195419710395,879.0774306194503,32.42209353181439,25.897606313476846,False
2021-08-23 18:23:00-07:00,77.35573842241003,23.1,2.6,18.398830000020368,34.64258650036686,876.3621241930565,30.359450693003204,23.860267355656514,False
2021-08-23 18:24:00-07:00,78.00376642316625,23.2,2.7,16.916025438430367,31.85258723615729,871.6298531653285,27.7636659355876,21.303175072036623,False
2021-08-23 18:25:00-07:00,78.64855123753058,23.2,2.8,15.729486217829105,29.61636315277616,868.0821558555876,25.70943637426392,19.27822027270213,False
2021-08-23 18:26:00-07:00,79.29005635014691,23.2,2.7,14.940085267305035,28.120856703855434,865.7739910542682,24.34630634036209,17.934136881498144,False
2021-08-23 18:27:00-07:00,79.92823124611049,23.2,2.7,13.950284710832884,26.252301282820245,862.5104412495891,22.642883963262445,16.256409129738746,False
2021-08-23 18:28:00-07:00,80.56300847515075,23.2,2.7,12.959374292474871,24.384832583278982,858.8863978614348,20.94380101990663,14.584757958913219,False
2021-08-23 18:29:00-07:00,81.19430282133656,23.2,2.6,12.266310044368439,23.080799552928784,856.0862111286848,19.759154239087447,13.420589081477814,False
2021-08-23 18:30:00-07:00,81.82201006023548,23.2,2.4,11.672284163524537,21.96057761961225,853.6364902722519,18.746350403557162,12.425513110758738,False
2021-08-23 18:31:00-07:00,82.44600581072991,23.2,2.3,11.177358123791482,21.02296879500595,851.6786089118389,17.904812818527663,11.598237365620703,False
2021-08-23 18:32:00-07:00,83.06614463146192,23.2,2.3,10.98118008591708,20.659203003240417,850.5604878946368,17.571901785950516,11.27278453721109,False
2021-08-23 18:33:00-07:00,83.68225958734314,23.3,2.1,10.584916889148818,19.91181179137492,848.1902735536145,16.889005090274384,10.605563401992294,False
2021-08-23 18:34:00-07:00,84.29416259937021,23.3,1.9,9.88840700726245,18.599332533206976,844.7849874978607,15.71243690153381,9.452303127004363,False
2021-08-23 18:35:00-07:00,84.90164609127629,23.3,1.9,8.891653877744094,16.71756201710298,839.6708081695548,14.037248809525511,7.8115160087462066,False
2021-08-23 18:36:00-07:00,85.50448703635313,23.3,1.9,7.694352972298969,14.459147821914678,832.6136086941494,12.038883246646531,5.858923864685513,False
2021-08-23 18:37:00-07:00,86.10245203031106,23.3,1.9,6.79620171093115,12.771350865036968,826.1615966644397,10.551199622220715,4.4113738253966295,False
2021-08-23 18:38:00-07:00,86.69531093660135,23.3,1.7,6.1974736328089355,11.640134741735894,821.7677145464208,9.565486923728699,3.452744555770479,False
2021-08-23 18:39:00-07:00,87.28285308723697,23.3,1.7,5.598430495418197,10.514042507457502,816.5242468026025,8.584970639252282,2.5036318790140193,False
2021-08-23 18:40:00-07:00,87.8649150047292,23.3,1.7,4.799154285820823,9.008698770198805,808.821289659789,7.286427357468753,1.2504517410552731,False
2021-08-23 18:41:00-07:00,88.44142103260324,23.3,1.7,4.199597111860348,7.8799428907459,802.1262266366754,6.320708857066505,-0.5481900000000001,False
2021-08-23 18:42:00-07:00,89.01244219513218,23.3,1.6,3.6998558436874007,6.941202382388655,795.5481813818403,5.522060931912591,-0.5481900000000001,False
2021-08-23 18:43:00-07:00,89.57827915009017,23.3,1.4,3.499974710985345,6.564397619886335,792.8202785811363,5.204387549715633,-0.5481900000000001,False
2021-08-23 18:44:00-07:00,,23.3,1.3,,,,,,False
2021-08-23 18:45:00-07:00,,23.3,1.2,,,,,,False
2021-08-23 18:46:00-07:00,,23.3,1.2,,,,,,False
2021-08-23 18:47:00-07:00,,23.3,1.1,,,,,,False
2021-08-23 18:48:00-07:00,,23.2,1.1,,,,,,False
2021-08-23 18:49:00-07:00,,23.1,1.4,,,,,,False
2021-08-23 18:50:00-07:00,,23.1,1.3,,,,,,False
2021-08-23 18:51:00-07:00,,23.0,1.3,,,,,,False
2021-08-23 18:52:00-07:00,,23.0,1.3,,,,,,False
2021-08-23 18:53:00-07:00,,22.9,1.4,,,,,,False
2021-08-23 18:54:00-07:00,,22.9,1.2,,,,,,False
2021-08-23 18:55:00-07:00,,22.8,1.2,,,,,,False
2021-08-23 18:56:00-07:00,,22.7,1.4,,,,,,False
2021-08-23 18:57:00-07:00,,22.7,1.4,,,,,,False
2021-08-23 18:58:00-07:00,,22.7,1.6,,,,,,False
2021-08-23 18:59:00-07:00,,22.7,2.0,,,,,,False
2021-08-23 19:00:00-07:00,,22.7,1.9,,,,,,False
2021-08-23 19:01:00-07:00,,22.7,1.7,,,,,,False
2021-08-23 19:02:00-07:00,,22.7,1.6,,,,,,False
2021-08-23 19:03:00-07:00,,22.7,1.4,,,,,,False
2021-08-23 19:04:00-07:00,,22.6,1.7,,,,,,False
2021-08-23 19:05:00-07:00,,22.6,1.7,,,,,,False
2021-08-23 19:06:00-07:00,,22.6,1.7,,,,,,False
2021-08-23 19:07:00-07:00,,22.6,1.6,,,,,,False
2021-08-23 19:08:00-07:00,,22.6,1.5,,,,,,False
2021-08-23 19:09:00-07:00,,22.6,1.4,,,,,,False
2021-08-23 19:10:00-07:00,,22.6,1.2,,,,,,False
2021-08-23 19:11:00-07:00,,22.5,1.0,,,,,,False
2021-08-23 19:12:00-07:00,,22.5,0.9,,,,,,False
2021-08-23 19:13:00-07:00,,22.5,0.9,,,,,,False
2021-08-23 19:14:00-07:00,,22.5,1.0,,,,,,False
2021-08-23 19:15:00-07:00,,22.5,1.1,,,,,,False
2021-08-23 19:16:00-07:00,,22.4,1.1,,,,,,False
2021-08-23 19:17:00-07:00,,22.5,1.1,,,,,,False
2021-08-23 19:18:00-07:00,,22.5,1.2,,,,,,False
2021-08-23 19:19:00-07:00,,22.5,1.2,,,,,,False
2021-08-23 19:20:00-07:00,,22.5,1.2,,,,,,False
2021-08-23 19:21:00-07:00,,22.5,1.1,,,,,,False
2021-08-23 19:22:00-07:00,,22.5,1.1,,,,,,False
2021-08-23 19:23:00-07:00,,22.5,1.1,,,,,,False
2021-08-23 19:24:00-07:00,,22.6,1.0,,,,,,False
2021-08-23 19:25:00-07:00,,22.6,1.0,,,,,,False
2021-08-23 19:26:00-07:00,,22.6,0.9,,,,,,False
2021-08-23 19:27:00-07:00,,22.6,0.8,,,,,,False
2021-08-23 19:28:00-07:00,,22.5,1.0,,,,,,False
2021-08-23 19:29:00-07:00,,22.5,1.0,,,,,,False
2021-08-23 19:30:00-07:00,,22.5,1.0,,,,,,False
2021-08-23 19:31:00-07:00,,22.5,0.9,,,,,,False
2021-08-23 19:32:00-07:00,,22.5,1.3,,,,,,False
2021-08-23 19:33:00-07:00,,22.5,1.1,,,,,,False
2021-08-23 19:34:00-07:00,,22.5,1.2,,,,,,False
2021-08-23 19:35:00-07:00,,22.5,1.0,,,,,,False
2021-08-23 19:36:00-07:00,,22.5,0.9,,,,,,False
2021-08-23 19:37:00-07:00,,22.5,1.0,,,,,,False
2021-08-23 19:38:00-07:00,,22.4,0.9,,,,,,False
2021-08-23 19:39:00-07:00,,22.4,1.1,,,,,,False
2021-08-23 19:40:00-07:00,,22.4,1.1,,,,,,False
2021-08-23 19:41:00-07:00,,22.4,1.3,,,,,,False
2021-08-23 19:42:00-07:00,,22.4,1.3,,,,,,False
2021-08-23 19:43:00-07:00,,22.4,1.0,,,,,,False
2021-08-23 19:44:00-07:00,,22.4,1.3,,,,,,False
2021-08-23 19:45:00-07:00,,22.4,1.4,,,,,,False
2021-08-23 19:46:00-07:00,,22.4,1.4,,,,,,False
2021-08-23 19:47:00-07:00,,22.4,1.5,,,,,,False
2021-08-23 19:48:00-07:00,,22.4,1.4,,,,,,False
2021-08-23 19:49:00-07:00,,22.3,1.3,,,,,,False
2021-08-23 19:50:00-07:00,,22.3,1.1,,,,,,False
2021-08-23 19:51:00-07:00,,22.3,1.4,,,,,,False
2021-08-23 19:52:00-07:00,,22.2,1.4,,,,,,False
2021-08-23 19:53:00-07:00,,22.2,1.4,,,,,,False
2021-08-23 19:54:00-07:00,,22.2,1.6,,,,,,False
2021-08-23 19:55:00-07:00,,22.2,1.4,,,,,,False
2021-08-23 19:56:00-07:00,,22.2,1.3,,,,,,False
2021-08-23 19:57:00-07:00,,22.1,1.2,,,,,,False
2021-08-23 19:58:00-07:00,,22.1,1.1,,,,,,False
2021-08-23 19:59:00-07:00,,22.1,1.1,,,,,,False
2021-08-23 20:00:00-07:00,,22.1,0.9,,,,,,False
2021-08-23 20:01:00-07:00,,22.1,0.9,,,,,,False
2021-08-23 20:02:00-07:00,,22.1,1.1,,,,,,False
2021-08-23 20:03:00-07:00,,22.0,1.2,,,,,,False
2021-08-23 20:04:00-07:00,,22.0,1.5,,,,,,False
2021-08-23 20:05:00-07:00,,22.0,1.4,,,,,,False
2021-08-23 20:06:00-07:00,,22.0,1.2,,,,,,False
2021-08-23 20:07:00-07:00,,22.0,1.4,,,,,,False
2021-08-23 20:08:00-07:00,,22.0,1.3,,,,,,False
2021-08-23 20:09:00-07:00,,21.9,1.2,,,,,,False
2021-08-23 20:10:00-07:00,,21.9,1.1,,,,,,False
2021-08-23 20:11:00-07:00,,21.9,1.1,,,,,,False
2021-08-23 20:12:00-07:00,,21.9,1.3,,,,,,False
2021-08-23 20:13:00-07:00,,21.9,1.2,,,,,,False
2021-08-23 20:14:00-07:00,,21.9,1.0,,,,,,False
2021-08-23 20:15:00-07:00,,21.8,1.0,,,,,,False
2021-08-23 20:16:00-07:00,,21.8,0.8,,,,,,False
2021-08-23 20:17:00-07:00,,21.8,1.2,,,,,,False
2021-08-23 20:18:00-07:00,,21.8,1.0,,,,,,False
2021-08-23 20:19:00-07:00,,21.8,1.2,,,,,,False
2021-08-23 20:20:00-07:00,,21.7,1.2,,,,,,False
2021-08-23 20:21:00-07:00,,21.7,1.0,,,,,,False
2021-08-23 20:22:00-07:00,,21.7,1.4,,,,,,False
2021-08-23 20:23:00-07:00,,21.7,1.4,,,,,,False
2021-08-23 20:24:00-07:00,,21.7,1.0,,,,,,False
2021-08-23 20:25:00-07:00,,21.6,1.3,,,,,,False
2021-08-23 20:26:00-07:00,,21.6,1.4,,,,,,False
2021-08-23 20:27:00-07:00,,21.6,1.5,,,,,,False
2021-08-23 20:28:00-07:00,,21.6,2.2,,,,,,False
2021-08-23 20:29:00-07:00,,21.5,1.4,,,,,,False
2021-08-23 20:30:00-07:00,,21.5,1.6,,,,,,False
2021-08-23 20:31:00-07:00,,21.4,1.6,,,,,,False
2021-08-23 20:32:00-07:00,,21.4,1.9,,,,,,False
2021-08-23 20:33:00-07:00,,21.4,1.6,,,,,,False
2021-08-23 20:34:00-07:00,,21.3,1.4,,,,,,False
2021-08-23 20:35:00-07:00,,21.2,2.0,,,,,,False
2021-08-23 20:36:00-07:00,,21.1,2.0,,,,,,False
2021-08-23 20:37:00-07:00,,21.0,1.7,,,,,,False
2021-08-23 20:38:00-07:00,,20.9,1.7,,,,,,False
2021-08-23 20:39:00-07:00,,20.9,1.7,,,,,,False
2021-08-23 20:40:00-07:00,,20.8,1.4,,,,,,False
2021-08-23 20:41:00-07:00,,20.7,1.3,,,,,,False
2021-08-23 20:42:00-07:00,,20.6,1.2,,,,,,False
2021-08-23 20:43:00-07:00,,20.5,1.0,,,,,,False
2021-08-23 20:44:00-07:00,,20.5,1.1,,,,,,False
2021-08-23 20:45:00-07:00,,20.4,0.9,,,,,,False
2021-08-23 20:46:00-07:00,,20.4,1.1,,,,,,False
2021-08-23 20:47:00-07:00,,20.4,1.1,,,,,,False
2021-08-23 20:48:00-07:00,,20.3,1.3,,,,,,False
2021-08-23 20:49:00-07:00,,20.3,1.7,,,,,,False
2021-08-23 20:50:00-07:00,,20.3,1.6,,,,,,False
2021-08-23 20:51:00-07:00,,20.2,1.5,,,,,,False
2021-08-23 20:52:00-07:00,,20.2,1.4,,,,,,False
2021-08-23 20:53:00-07:00,,20.2,1.5,,,,,,False
2021-08-23 20:54:00-07:00,,20.2,1.5,,,,,,False
2021-08-23 20:55:00-07:00,,20.2,1.8,,,,,,False
2021-08-23 20:56:00-07:00,,20.2,2.0,,,,,,False
2021-08-23 20:57:00-07:00,,20.2,2.0,,,,,,False
2021-08-23 20:58:00-07:00,,20.2,2.2,,,,,,False
2021-08-23 20:59:00-07:00,,20.2,2.0,,,,,,False
2021-08-23 21:00:00-07:00,,20.2,1.9,,,,,,False
2021-08-23 21:01:00-07:00,,20.2,2.1,,,,,,False
2021-08-23 21:02:00-07:00,,20.3,2.9,,,,,,False
2021-08-23 21:03:00-07:00,,20.5,1.9,,,,,,False
2021-08-23 21:04:00-07:00,,20.6,1.8,,,,,,False
2021-08-23 21:05:00-07:00,,20.7,1.8,,,,,,False
2021-08-23 21:06:00-07:00,,20.6,1.8,,,,,,False
2021-08-23 21:07:00-07:00,,20.5,1.9,,,,,,False
2021-08-23 21:08:00-07:00,,20.5,2.8,,,,,,False
2021-08-23 21:09:00-07:00,,20.6,3.0,,,,,,False
2021-08-23 21:10:00-07:00,,20.7,2.7,,,,,,False
2021-08-23 21:11:00-07:00,,20.7,2.2,,,,,,False
2021-08-23 21:12:00-07:00,,20.5,2.1,,,,,,False
2021-08-23 21:13:00-07:00,,20.5,2.2,,,,,,False
2021-08-23 21:14:00-07:00,,20.6,2.4,,,,,,False
2021-08-23 21:15:00-07:00,,20.6,2.2,,,,,,False
2021-08-23 21:16:00-07:00,,20.6,1.7,,,,,,False
2021-08-23 21:17:00-07:00,,20.6,2.2,,,,,,False
2021-08-23 21:18:00-07:00,,20.6,2.3,,,,,,False
2021-08-23 21:19:00-07:00,,20.7,2.4,,,,,,False
2021-08-23 21:20:00-07:00,,20.7,2.4,,,,,,False
2021-08-23 21:21:00-07:00,,20.7,2.3,,,,,,False
2021-08-23 21:22:00-07:00,,20.7,2.1,,,,,,False
2021-08-23 21:23:00-07:00,,20.8,2.5,,,,,,False
2021-08-23 21:24:00-07:00,,20.9,2.8,,,,,,False
2021-08-23 21:25:00-07:00,,20.9,3.0,,,,,,False
2021-08-23 21:26:00-07:00,,20.9,3.1,,,,,,False
2021-08-23 21:27:00-07:00,,20.8,3.5,,,,,,False
2021-08-23 21:28:00-07:00,,20.8,3.3,,,,,,False
2021-08-23 21:29:00-07:00,,20.7,3.6,,,,,,False
2021-08-23 21:30:00-07:00,,20.8,3.9,,,,,,False
2021-08-23 21:31:00-07:00,,20.7,4.4,,,,,,False
2021-08-23 21:32:00-07:00,,20.8,4.3,,,,,,False
2021-08-23 21:33:00-07:00,,20.7,4.5,,,,,,False
2021-08-23 21:34:00-07:00,,20.8,5.0,,,,,,False
2021-08-23 21:35:00-07:00,,20.9,5.0,,,,,,False
2021-08-23 21:36:00-07:00,,20.8,5.3,,,,,,False
2021-08-23 21:37:00-07:00,,20.7,5.0,,,,,,False
2021-08-23 21:38:00-07:00,,20.5,5.2,,,,,,False
2021-08-23 21:39:00-07:00,,20.6,4.9,,,,,,False
2021-08-23 21:40:00-07:00,,20.5,4.8,,,,,,False
2021-08-23 21:41:00-07:00,,20.4,4.9,,,,,,False
2021-08-23 21:42:00-07:00,,20.2,4.7,,,,,,False
2021-08-23 21:43:00-07:00,,20.0,4.6,,,,,,False
2021-08-23 21:44:00-07:00,,19.8,4.2,,,,,,False
2021-08-23 21:45:00-07:00,,19.5,4.4,,,,,,False
2021-08-23 21:46:00-07:00,,19.5,4.4,,,,,,False
2021-08-23 21:47:00-07:00,,19.4,4.1,,,,,,False
2021-08-23 21:48:00-07:00,,19.4,4.0,,,,,,False
2021-08-23 21:49:00-07:00,,19.5,4.4,,,,,,False
2021-08-23 21:50:00-07:00,,19.8,4.0,,,,,,False
2021-08-23 21:51:00-07:00,,19.7,3.7,,,,,,False
2021-08-23 21:52:00-07:00,,19.6,3.5,,,,,,False
2021-08-23 21:53:00-07:00,,19.4,3.3,,,,,,False
2021-08-23 21:54:00-07:00,,19.4,2.9,,,,,,False
2021-08-23 21:55:00-07:00,,19.4,2.5,,,,,,False
2021-08-23 21:56:00-07:00,,19.4,2.3,,,,,,False
2021-08-23 21:57:00-07:00,,19.5,1.9,,,,,,False
2021-08-23 21:58:00-07:00,,19.5,1.4,,,,,,False
2021-08-23 21:59:00-07:00,,19.5,1.3,,,,,,False
2021-08-23 22:00:00-07:00,,19.5,1.2,,,,,,False
2021-08-23 22:01:00-07:00,,19.3,2.1,,,,,,False
2021-08-23 22:02:00-07:00,,19.3,2.2,,,,,,False
2021-08-23 22:03:00-07:00,,19.5,1.9,,,,,,False
2021-08-23 22:04:00-07:00,,19.5,1.9,,,,,,False
2021-08-23 22:05:00-07:00,,19.7,2.0,,,,,,False
2021-08-23 22:06:00-07:00,,19.9,2.4,,,,,,False
2021-08-23 22:07:00-07:00,,20.0,2.2,,,,,,False
2021-08-23 22:08:00-07:00,,20.0,2.5,,,,,,False
2021-08-23 22:09:00-07:00,,20.1,2.3,,,,,,False
2021-08-23 22:10:00-07:00,,20.3,1.9,,,,,,False
2021-08-23 22:11:00-07:00,,20.3,1.7,,,,,,False
2021-08-23 22:12:00-07:00,,20.4,1.7,,,,,,False
2021-08-23 22:13:00-07:00,,20.5,1.6,,,,,,False
2021-08-23 22:14:00-07:00,,20.5,1.3,,,,,,False
2021-08-23 22:15:00-07:00,,20.4,1.4,,,,,,False
2021-08-23 22:16:00-07:00,,20.3,1.9,,,,,,False
2021-08-23 22:17:00-07:00,,20.2,1.7,,,,,,False
2021-08-23 22:18:00-07:00,,20.2,1.8,,,,,,False
2021-08-23 22:19:00-07:00,,20.2,1.6,,,,,,False
2021-08-23 22:20:00-07:00,,20.4,1.5,,,,,,False
2021-08-23 22:21:00-07:00,,20.5,1.2,,,,,,False
2021-08-23 22:22:00-07:00,,20.6,1.1,,,,,,False
2021-08-23 22:23:00-07:00,,20.7,1.0,,,,,,False
2021-08-23 22:24:00-07:00,,20.7,1.6,,,,,,False
2021-08-23 22:25:00-07:00,,20.5,2.0,,,,,,False
2021-08-23 22:26:00-07:00,,20.2,2.1,,,,,,False
2021-08-23 22:27:00-07:00,,20.1,1.4,,,,,,False
2021-08-23 22:28:00-07:00,,20.0,1.4,,,,,,False
2021-08-23 22:29:00-07:00,,19.9,1.3,,,,,,False
2021-08-23 22:30:00-07:00,,19.8,1.4,,,,,,False
2021-08-23 22:31:00-07:00,,19.8,1.3,,,,,,False
2021-08-23 22:32:00-07:00,,19.8,1.3,,,,,,False
2021-08-23 22:33:00-07:00,,19.8,1.3,,,,,,False
2021-08-23 22:34:00-07:00,,19.8,1.0,,,,,,False
2021-08-23 22:35:00-07:00,,19.8,0.9,,,,,,False
2021-08-23 22:36:00-07:00,,19.8,0.8,,,,,,False
2021-08-23 22:37:00-07:00,,19.9,0.8,,,,,,False
2021-08-23 22:38:00-07:00,,19.9,0.8,,,,,,False
2021-08-23 22:39:00-07:00,,19.9,0.7,,,,,,False
2021-08-23 22:40:00-07:00,,19.9,0.7,,,,,,False
2021-08-23 22:41:00-07:00,,19.9,0.8,,,,,,False
2021-08-23 22:42:00-07:00,,19.9,1.0,,,,,,False
2021-08-23 22:43:00-07:00,,19.9,1.0,,,,,,False
2021-08-23 22:44:00-07:00,,19.9,1.1,,,,,,False
2021-08-23 22:45:00-07:00,,19.9,1.3,,,,,,False
2021-08-23 22:46:00-07:00,,19.9,1.2,,,,,,False
2021-08-23 22:47:00-07:00,,19.9,1.1,,,,,,False
2021-08-23 22:48:00-07:00,,19.9,1.0,,,,,,False
2021-08-23 22:49:00-07:00,,19.9,1.1,,,,,,False
2021-08-23 22:50:00-07:00,,19.9,1.3,,,,,,False
2021-08-23 22:51:00-07:00,,19.9,1.3,,,,,,False
2021-08-23 22:52:00-07:00,,19.8,1.4,,,,,,False
2021-08-23 22:53:00-07:00,,19.8,1.3,,,,,,False
2021-08-23 22:54:00-07:00,,19.8,1.3,,,,,,False
2021-08-23 22:55:00-07:00,,19.7,1.3,,,,,,False
2021-08-23 22:56:00-07:00,,19.7,1.2,,,,,,False
2021-08-23 22:57:00-07:00,,19.7,1.2,,,,,,False
2021-08-23 22:58:00-07:00,,19.7,1.3,,,,,,False
2021-08-23 22:59:00-07:00,,19.7,1.3,,,,,,False
2021-08-23 23:00:00-07:00,,19.7,1.2,,,,,,False
2021-08-23 23:01:00-07:00,,19.7,1.2,,,,,,False
2021-08-23 23:02:00-07:00,,19.7,1.3,,,,,,False
2021-08-23 23:03:00-07:00,,19.7,1.2,,,,,,False
2021-08-23 23:04:00-07:00,,19.7,1.2,,,,,,False
2021-08-23 23:05:00-07:00,,19.6,1.5,,,,,,False
2021-08-23 23:06:00-07:00,,19.4,1.5,,,,,,False
2021-08-23 23:07:00-07:00,,19.4,1.2,,,,,,False
2021-08-23 23:08:00-07:00,,19.4,1.3,,,,,,False
2021-08-23 23:09:00-07:00,,19.4,1.5,,,,,,False
2021-08-23 23:10:00-07:00,,19.4,1.6,,,,,,False
2021-08-23 23:11:00-07:00,,19.4,1.6,,,,,,False
2021-08-23 23:12:00-07:00,,19.4,1.8,,,,,,False
2021-08-23 23:13:00-07:00,,19.4,1.7,,,,,,False
2021-08-23 23:14:00-07:00,,19.4,1.9,,,,,,False
2021-08-23 23:15:00-07:00,,19.4,1.9,,,,,,False
2021-08-23 23:16:00-07:00,,19.4,2.1,,,,,,False
2021-08-23 23:17:00-07:00,,19.3,2.3,,,,,,False
2021-08-23 23:18:00-07:00,,19.3,2.7,,,,,,False
2021-08-23 23:19:00-07:00,,19.3,2.8,,,,,,False
2021-08-23 23:20:00-07:00,,19.1,3.2,,,,,,False
2021-08-23 23:21:00-07:00,,18.9,3.2,,,,,,False
2021-08-23 23:22:00-07:00,,19.0,3.3,,,,,,False
2021-08-23 23:23:00-07:00,,19.0,3.2,,,,,,False
2021-08-23 23:24:00-07:00,,19.1,3.3,,,,,,False
2021-08-23 23:25:00-07:00,,19.2,3.4,,,,,,False
2021-08-23 23:26:00-07:00,,19.1,3.5,,,,,,False
2021-08-23 23:27:00-07:00,,19.1,3.8,,,,,,False
2021-08-23 23:28:00-07:00,,19.0,3.8,,,,,,False
2021-08-23 23:29:00-07:00,,19.1,3.9,,,,,,False
2021-08-23 23:30:00-07:00,,19.2,4.1,,,,,,False
2021-08-23 23:31:00-07:00,,19.2,4.1,,,,,,False
2021-08-23 23:32:00-07:00,,19.1,3.9,,,,,,False
2021-08-23 23:33:00-07:00,,19.1,4.0,,,,,,False
2021-08-23 23:34:00-07:00,,19.2,3.9,,,,,,False
2021-08-23 23:35:00-07:00,,19.1,3.9,,,,,,False
2021-08-23 23:36:00-07:00,,18.9,4.1,,,,,,False
2021-08-23 23:37:00-07:00,,18.9,4.2,,,,,,False
2021-08-23 23:38:00-07:00,,18.9,4.5,,,,,,False
2021-08-23 23:39:00-07:00,,18.9,4.5,,,,,,False
2021-08-23 23:40:00-07:00,,18.9,4.7,,,,,,False
2021-08-23 23:41:00-07:00,,18.8,5.0,,,,,,False
2021-08-23 23:42:00-07:00,,18.8,4.5,,,,,,False
2021-08-23 23:43:00-07:00,,18.8,3.7,,,,,,False
2021-08-23 23:44:00-07:00,,18.7,3.9,,,,,,False
2021-08-23 23:45:00-07:00,,18.7,4.3,,,,,,False
2021-08-23 23:46:00-07:00,,18.7,4.3,,,,,,False
2021-08-23 23:47:00-07:00,,18.6,4.9,,,,,,False
2021-08-23 23:48:00-07:00,,18.6,4.0,,,,,,False
2021-08-23 23:49:00-07:00,,18.5,3.9,,,,,,False
2021-08-23 23:50:00-07:00,,18.4,4.9,,,,,,False
2021-08-23 23:51:00-07:00,,18.4,3.9,,,,,,False
2021-08-23 23:52:00-07:00,,18.3,3.9,,,,,,False
2021-08-23 23:53:00-07:00,,18.2,4.7,,,,,,False
2021-08-23 23:54:00-07:00,,18.2,4.0,,,,,,False
2021-08-23 23:55:00-07:00,,18.2,3.7,,,,,,False
2021-08-23 23:56:00-07:00,,18.1,3.9,,,,,,False
2021-08-23 23:57:00-07:00,,18.1,4.1,,,,,,False
2021-08-23 23:58:00-07:00,,18.1,4.3,,,,,,False
2021-08-23 23:59:00-07:00,,18.2,4.7,,,,,,False
2021-08-24 00:00:00-07:00,,18.2,4.7,,,,,,False
2021-08-24 00:01:00-07:00,,18.2,4.3,,,,,,False
2021-08-24 00:02:00-07:00,,18.2,5.2,,,,,,False
2021-08-24 00:03:00-07:00,,18.2,5.8,,,,,,False
2021-08-24 00:04:00-07:00,,18.3,5.8,,,,,,False
2021-08-24 00:05:00-07:00,,18.3,5.9,,,,,,False
2021-08-24 00:06:00-07:00,,18.3,6.1,,,,,,False
2021-08-24 00:07:00-07:00,,18.3,5.4,,,,,,False
2021-08-24 00:08:00-07:00,,18.2,4.7,,,,,,False
2021-08-24 00:09:00-07:00,,18.2,4.6,,,,,,False
2021-08-24 00:10:00-07:00,,18.1,6.2,,,,,,False
2021-08-24 00:11:00-07:00,,18.1,5.5,,,,,,False
2021-08-24 00:12:00-07:00,,18.1,6.8,,,,,,False
2021-08-24 00:13:00-07:00,,18.2,6.0,,,,,,False
2021-08-24 00:14:00-07:00,,18.2,6.6,,,,,,False
2021-08-24 00:15:00-07:00,,18.2,6.9,,,,,,False
2021-08-24 00:16:00-07:00,,18.3,7.2,,,,,,False
2021-08-24 00:17:00-07:00,,18.4,7.6,,,,,,False
2021-08-24 00:18:00-07:00,,18.4,6.9,,,,,,False
2021-08-24 00:19:00-07:00,,18.4,6.6,,,,,,False
2021-08-24 00:20:00-07:00,,18.4,5.8,,,,,,False
2021-08-24 00:21:00-07:00,,18.4,6.3,,,,,,False
2021-08-24 00:22:00-07:00,,18.4,6.5,,,,,,False
2021-08-24 00:23:00-07:00,,18.3,5.4,,,,,,False
2021-08-24 00:24:00-07:00,,18.3,5.5,,,,,,False
2021-08-24 00:25:00-07:00,,18.3,5.9,,,,,,False
2021-08-24 00:26:00-07:00,,18.2,5.6,,,,,,False
2021-08-24 00:27:00-07:00,,18.2,5.8,,,,,,False
2021-08-24 00:28:00-07:00,,18.2,5.5,,,,,,False
2021-08-24 00:29:00-07:00,,18.2,5.6,,,,,,False
2021-08-24 00:30:00-07:00,,18.2,6.3,,,,,,False
2021-08-24 00:31:00-07:00,,18.2,6.2,,,,,,False
2021-08-24 00:32:00-07:00,,18.2,5.7,,,,,,False
2021-08-24 00:33:00-07:00,,18.2,6.0,,,,,,False
2021-08-24 00:34:00-07:00,,18.2,6.0,,,,,,False
2021-08-24 00:35:00-07:00,,18.2,5.5,,,,,,False
2021-08-24 00:36:00-07:00,,18.2,5.7,,,,,,False
2021-08-24 00:37:00-07:00,,18.2,5.8,,,,,,False
2021-08-24 00:38:00-07:00,,18.3,7.1,,,,,,False
2021-08-24 00:39:00-07:00,,18.3,6.4,,,,,,False
2021-08-24 00:40:00-07:00,,18.3,6.1,,,,,,False
2021-08-24 00:41:00-07:00,,18.3,7.2,,,,,,False
2021-08-24 00:42:00-07:00,,18.4,6.8,,,,,,False
2021-08-24 00:43:00-07:00,,18.3,6.0,,,,,,False
2021-08-24 00:44:00-07:00,,18.3,6.3,,,,,,False
2021-08-24 00:45:00-07:00,,18.3,5.3,,,,,,False
2021-08-24 00:46:00-07:00,,18.2,5.8,,,,,,False
2021-08-24 00:47:00-07:00,,18.2,6.7,,,,,,False
2021-08-24 00:48:00-07:00,,18.3,6.9,,,,,,False
2021-08-24 00:49:00-07:00,,18.3,6.8,,,,,,False
2021-08-24 00:50:00-07:00,,18.3,6.1,,,,,,False
2021-08-24 00:51:00-07:00,,18.3,5.8,,,,,,False
2021-08-24 00:52:00-07:00,,18.3,6.5,,,,,,False
2021-08-24 00:53:00-07:00,,18.3,6.4,,,,,,False
2021-08-24 00:54:00-07:00,,18.4,5.7,,,,,,False
2021-08-24 00:55:00-07:00,,18.3,4.9,,,,,,False
2021-08-24 00:56:00-07:00,,18.3,5.1,,,,,,False
2021-08-24 00:57:00-07:00,,18.3,5.0,,,,,,False
2021-08-24 00:58:00-07:00,,18.3,5.6,,,,,,False
2021-08-24 00:59:00-07:00,,18.3,5.8,,,,,,False
2021-08-24 01:00:00-07:00,,18.3,5.9,,,,,,False
2021-08-24 01:01:00-07:00,,18.4,5.4,,,,,,False
2021-08-24 01:02:00-07:00,,18.4,5.6,,,,,,False
2021-08-24 01:03:00-07:00,,18.4,5.3,,,,,,False
2021-08-24 01:04:00-07:00,,18.4,5.9,,,,,,False
2021-08-24 01:05:00-07:00,,18.3,5.8,,,,,,False
2021-08-24 01:06:00-07:00,,18.3,6.5,,,,,,False
2021-08-24 01:07:00-07:00,,18.3,6.3,,,,,,False
2021-08-24 01:08:00-07:00,,18.3,6.2,,,,,,False
2021-08-24 01:09:00-07:00,,18.3,6.1,,,,,,False
2021-08-24 01:10:00-07:00,,18.3,5.1,,,,,,False
2021-08-24 01:11:00-07:00,,18.2,4.8,,,,,,False
2021-08-24 01:12:00-07:00,,18.2,5.8,,,,,,False
2021-08-24 01:13:00-07:00,,18.2,6.3,,,,,,False
2021-08-24 01:14:00-07:00,,18.2,5.8,,,,,,False
2021-08-24 01:15:00-07:00,,18.2,5.3,,,,,,False
2021-08-24 01:16:00-07:00,,18.2,5.9,,,,,,False
2021-08-24 01:17:00-07:00,,18.2,5.9,,,,,,False
2021-08-24 01:18:00-07:00,,18.3,6.0,,,,,,False
2021-08-24 01:19:00-07:00,,18.3,6.1,,,,,,False
2021-08-24 01:20:00-07:00,,18.3,6.0,,,,,,False
2021-08-24 01:21:00-07:00,,18.3,6.0,,,,,,False
2021-08-24 01:22:00-07:00,,18.3,6.0,,,,,,False
2021-08-24 01:23:00-07:00,,18.2,6.2,,,,,,False
2021-08-24 01:24:00-07:00,,18.3,5.9,,,,,,False
2021-08-24 01:25:00-07:00,,18.2,5.3,,,,,,False
2021-08-24 01:26:00-07:00,,18.2,5.1,,,,,,False
2021-08-24 01:27:00-07:00,,18.2,5.7,,,,,,False
2021-08-24 01:28:00-07:00,,18.2,5.1,,,,,,False
2021-08-24 01:29:00-07:00,,18.1,5.7,,,,,,False
2021-08-24 01:30:00-07:00,,18.1,5.7,,,,,,False
2021-08-24 01:31:00-07:00,,18.1,4.7,,,,,,False
2021-08-24 01:32:00-07:00,,18.0,5.6,,,,,,False
2021-08-24 01:33:00-07:00,,18.0,5.8,,,,,,False
2021-08-24 01:34:00-07:00,,18.0,6.1,,,,,,False
2021-08-24 01:35:00-07:00,,18.0,6.0,,,,,,False
2021-08-24 01:36:00-07:00,,18.0,5.3,,,,,,False
2021-08-24 01:37:00-07:00,,18.0,5.5,,,,,,False
2021-08-24 01:38:00-07:00,,18.0,5.0,,,,,,False
2021-08-24 01:39:00-07:00,,18.0,4.6,,,,,,False
2021-08-24 01:40:00-07:00,,17.9,4.4,,,,,,False
2021-08-24 01:41:00-07:00,,18.0,5.7,,,,,,False
2021-08-24 01:42:00-07:00,,18.0,6.3,,,,,,False
2021-08-24 01:43:00-07:00,,18.0,6.0,,,,,,False
2021-08-24 01:44:00-07:00,,18.0,5.0,,,,,,False
2021-08-24 01:45:00-07:00,,18.0,5.3,,,,,,False
2021-08-24 01:46:00-07:00,,18.0,5.4,,,,,,False
2021-08-24 01:47:00-07:00,,18.0,5.2,,,,,,False
2021-08-24 01:48:00-07:00,,18.0,5.1,,,,,,False
2021-08-24 01:49:00-07:00,,17.9,4.5,,,,,,False
2021-08-24 01:50:00-07:00,,18.0,5.9,,,,,,False
2021-08-24 01:51:00-07:00,,18.0,5.6,,,,,,False
2021-08-24 01:52:00-07:00,,18.0,6.3,,,,,,False
2021-08-24 01:53:00-07:00,,18.0,6.0,,,,,,False
2021-08-24 01:54:00-07:00,,18.0,6.0,,,,,,False
2021-08-24 01:55:00-07:00,,18.0,5.4,,,,,,False
2021-08-24 01:56:00-07:00,,18.0,5.7,,,,,,False
2021-08-24 01:57:00-07:00,,18.0,5.1,,,,,,False
2021-08-24 01:58:00-07:00,,17.9,5.4,,,,,,False
2021-08-24 01:59:00-07:00,,17.9,5.9,,,,,,False
2021-08-24 02:00:00-07:00,,18.0,5.8,,,,,,False
2021-08-24 02:01:00-07:00,,18.0,5.7,,,,,,False
2021-08-24 02:02:00-07:00,,18.0,6.3,,,,,,False
2021-08-24 02:03:00-07:00,,18.0,6.3,,,,,,False
2021-08-24 02:04:00-07:00,,18.0,6.1,,,,,,False
2021-08-24 02:05:00-07:00,,17.9,6.1,,,,,,False
2021-08-24 02:06:00-07:00,,17.9,6.2,,,,,,False
2021-08-24 02:07:00-07:00,,17.9,5.8,,,,,,False
2021-08-24 02:08:00-07:00,,17.9,5.6,,,,,,False
2021-08-24 02:09:00-07:00,,17.8,6.2,,,,,,False
2021-08-24 02:10:00-07:00,,17.9,6.3,,,,,,False
2021-08-24 02:11:00-07:00,,17.8,5.6,,,,,,False
2021-08-24 02:12:00-07:00,,17.8,4.5,,,,,,False
2021-08-24 02:13:00-07:00,,17.7,4.6,,,,,,False
2021-08-24 02:14:00-07:00,,17.8,5.5,,,,,,False
2021-08-24 02:15:00-07:00,,17.7,4.7,,,,,,False
2021-08-24 02:16:00-07:00,,17.7,4.7,,,,,,False
2021-08-24 02:17:00-07:00,,17.7,4.3,,,,,,False
2021-08-24 02:18:00-07:00,,17.7,3.9,,,,,,False
2021-08-24 02:19:00-07:00,,17.6,3.5,,,,,,False
2021-08-24 02:20:00-07:00,,17.6,3.7,,,,,,False
2021-08-24 02:21:00-07:00,,17.6,3.6,,,,,,False
2021-08-24 02:22:00-07:00,,17.6,3.6,,,,,,False
2021-08-24 02:23:00-07:00,,17.6,3.8,,,,,,False
2021-08-24 02:24:00-07:00,,17.6,3.9,,,,,,False
2021-08-24 02:25:00-07:00,,17.6,3.8,,,,,,False
2021-08-24 02:26:00-07:00,,17.6,4.0,,,,,,False
2021-08-24 02:27:00-07:00,,17.6,4.0,,,,,,False
2021-08-24 02:28:00-07:00,,17.6,4.0,,,,,,False
2021-08-24 02:29:00-07:00,,17.6,4.1,,,,,,False
2021-08-24 02:30:00-07:00,,17.6,4.2,,,,,,False
2021-08-24 02:31:00-07:00,,17.6,4.1,,,,,,False
2021-08-24 02:32:00-07:00,,17.6,3.9,,,,,,False
2021-08-24 02:33:00-07:00,,17.6,3.9,,,,,,False
2021-08-24 02:34:00-07:00,,17.6,3.3,,,,,,False
2021-08-24 02:35:00-07:00,,17.6,3.5,,,,,,False
2021-08-24 02:36:00-07:00,,17.5,3.0,,,,,,False
2021-08-24 02:37:00-07:00,,17.6,3.2,,,,,,False
2021-08-24 02:38:00-07:00,,17.6,3.2,,,,,,False
2021-08-24 02:39:00-07:00,,17.5,2.9,,,,,,False
2021-08-24 02:40:00-07:00,,17.5,2.8,,,,,,False
2021-08-24 02:41:00-07:00,,17.5,2.6,,,,,,False
2021-08-24 02:42:00-07:00,,17.5,2.8,,,,,,False
2021-08-24 02:43:00-07:00,,17.5,2.5,,,,,,False
2021-08-24 02:44:00-07:00,,17.5,2.2,,,,,,False
2021-08-24 02:45:00-07:00,,17.4,2.2,,,,,,False
2021-08-24 02:46:00-07:00,,17.4,2.0,,,,,,False
2021-08-24 02:47:00-07:00,,17.4,2.1,,,,,,False
2021-08-24 02:48:00-07:00,,17.3,2.6,,,,,,False
2021-08-24 02:49:00-07:00,,17.4,2.5,,,,,,False
2021-08-24 02:50:00-07:00,,17.3,2.4,,,,,,False
2021-08-24 02:51:00-07:00,,17.3,2.5,,,,,,False
2021-08-24 02:52:00-07:00,,17.3,2.0,,,,,,False
2021-08-24 02:53:00-07:00,,17.3,2.2,,,,,,False
2021-08-24 02:54:00-07:00,,17.2,2.2,,,,,,False
2021-08-24 02:55:00-07:00,,17.2,2.1,,,,,,False
2021-08-24 02:56:00-07:00,,17.2,2.9,,,,,,False
2021-08-24 02:57:00-07:00,,17.2,2.6,,,,,,False
2021-08-24 02:58:00-07:00,,17.1,2.5,,,,,,False
2021-08-24 02:59:00-07:00,,17.1,2.7,,,,,,False
2021-08-24 03:00:00-07:00,,17.1,3.1,,,,,,False
2021-08-24 03:01:00-07:00,,17.1,3.6,,,,,,False
2021-08-24 03:02:00-07:00,,17.1,3.1,,,,,,False
2021-08-24 03:03:00-07:00,,17.1,3.0,,,,,,False
2021-08-24 03:04:00-07:00,,17.0,2.4,,,,,,False
2021-08-24 03:05:00-07:00,,17.0,2.6,,,,,,False
2021-08-24 03:06:00-07:00,,17.0,2.7,,,,,,False
2021-08-24 03:07:00-07:00,,17.0,2.4,,,,,,False
2021-08-24 03:08:00-07:00,,16.9,2.4,,,,,,False
2021-08-24 03:09:00-07:00,,16.9,2.3,,,,,,False
2021-08-24 03:10:00-07:00,,16.9,2.3,,,,,,False
2021-08-24 03:11:00-07:00,,16.9,2.3,,,,,,False
2021-08-24 03:12:00-07:00,,16.9,2.7,,,,,,False
2021-08-24 03:13:00-07:00,,16.9,2.5,,,,,,False
2021-08-24 03:14:00-07:00,,16.9,2.1,,,,,,False
2021-08-24 03:15:00-07:00,,16.9,1.5,,,,,,False
2021-08-24 03:16:00-07:00,,16.9,1.4,,,,,,False
2021-08-24 03:17:00-07:00,,16.9,1.9,,,,,,False
2021-08-24 03:18:00-07:00,,16.9,2.0,,,,,,False
2021-08-24 03:19:00-07:00,,16.9,1.6,,,,,,False
2021-08-24 03:20:00-07:00,,16.9,1.8,,,,,,False
2021-08-24 03:21:00-07:00,,16.8,2.1,,,,,,False
2021-08-24 03:22:00-07:00,,16.8,2.3,,,,,,False
2021-08-24 03:23:00-07:00,,16.8,2.3,,,,,,False
2021-08-24 03:24:00-07:00,,16.8,2.5,,,,,,False
2021-08-24 03:25:00-07:00,,16.7,2.2,,,,,,False
2021-08-24 03:26:00-07:00,,16.7,2.0,,,,,,False
2021-08-24 03:27:00-07:00,,16.7,2.2,,,,,,False
2021-08-24 03:28:00-07:00,,16.7,2.2,,,,,,False
2021-08-24 03:29:00-07:00,,16.7,2.1,,,,,,False
2021-08-24 03:30:00-07:00,,16.6,2.1,,,,,,False
2021-08-24 03:31:00-07:00,,16.6,2.1,,,,,,False
2021-08-24 03:32:00-07:00,,16.6,2.1,,,,,,False
2021-08-24 03:33:00-07:00,,16.6,1.5,,,,,,False
2021-08-24 03:34:00-07:00,,16.6,1.7,,,,,,False
2021-08-24 03:35:00-07:00,,16.6,2.2,,,,,,False
2021-08-24 03:36:00-07:00,,16.6,1.9,,,,,,False
2021-08-24 03:37:00-07:00,,16.6,2.0,,,,,,False
2021-08-24 03:38:00-07:00,,16.6,2.4,,,,,,False
2021-08-24 03:39:00-07:00,,16.6,2.4,,,,,,False
2021-08-24 03:40:00-07:00,,16.6,2.0,,,,,,False
2021-08-24 03:41:00-07:00,,16.5,2.3,,,,,,False
2021-08-24 03:42:00-07:00,,16.5,2.2,,,,,,False
2021-08-24 03:43:00-07:00,,16.5,2.2,,,,,,False
2021-08-24 03:44:00-07:00,,16.5,2.1,,,,,,False
2021-08-24 03:45:00-07:00,,16.5,2.2,,,,,,False
2021-08-24 03:46:00-07:00,,16.5,2.0,,,,,,False
2021-08-24 03:47:00-07:00,,16.4,2.3,,,,,,False
2021-08-24 03:48:00-07:00,,16.4,2.0,,,,,,False
2021-08-24 03:49:00-07:00,,16.4,1.9,,,,,,False
2021-08-24 03:50:00-07:00,,16.4,2.3,,,,,,False
2021-08-24 03:51:00-07:00,,16.4,2.5,,,,,,False
2021-08-24 03:52:00-07:00,,16.4,2.5,,,,,,False
2021-08-24 03:53:00-07:00,,16.4,2.6,,,,,,False
2021-08-24 03:54:00-07:00,,16.4,2.5,,,,,,False
2021-08-24 03:55:00-07:00,,16.4,2.5,,,,,,False
2021-08-24 03:56:00-07:00,,16.4,2.6,,,,,,False
2021-08-24 03:57:00-07:00,,16.4,2.6,,,,,,False
2021-08-24 03:58:00-07:00,,16.4,2.4,,,,,,False
2021-08-24 03:59:00-07:00,,16.3,2.5,,,,,,False
2021-08-24 04:00:00-07:00,,16.3,3.0,,,,,,False
2021-08-24 04:01:00-07:00,,16.3,2.8,,,,,,False
2021-08-24 04:02:00-07:00,,16.3,2.9,,,,,,False
2021-08-24 04:03:00-07:00,,16.2,2.8,,,,,,False
2021-08-24 04:04:00-07:00,,16.2,2.7,,,,,,False
2021-08-24 04:05:00-07:00,,16.2,2.6,,,,,,False
2021-08-24 04:06:00-07:00,,16.2,2.9,,,,,,False
2021-08-24 04:07:00-07:00,,16.2,2.8,,,,,,False
2021-08-24 04:08:00-07:00,,16.1,2.5,,,,,,False
2021-08-24 04:09:00-07:00,,16.1,2.8,,,,,,False
2021-08-24 04:10:00-07:00,,16.1,2.9,,,,,,False
2021-08-24 04:11:00-07:00,,16.1,2.9,,,,,,False
2021-08-24 04:12:00-07:00,,16.1,2.9,,,,,,False
2021-08-24 04:13:00-07:00,,16.1,2.8,,,,,,False
2021-08-24 04:14:00-07:00,,16.1,2.7,,,,,,False
2021-08-24 04:15:00-07:00,,16.1,2.9,,,,,,False
2021-08-24 04:16:00-07:00,,16.1,2.8,,,,,,False
2021-08-24 04:17:00-07:00,,16.1,2.4,,,,,,False
2021-08-24 04:18:00-07:00,,16.1,2.4,,,,,,False
2021-08-24 04:19:00-07:00,,16.1,2.7,,,,,,False
2021-08-24 04:20:00-07:00,,16.1,2.4,,,,,,False
2021-08-24 04:21:00-07:00,,16.0,2.0,,,,,,False
2021-08-24 04:22:00-07:00,,16.0,2.1,,,,,,False
2021-08-24 04:23:00-07:00,,16.0,2.1,,,,,,False
2021-08-24 04:24:00-07:00,,16.0,1.9,,,,,,False
2021-08-24 04:25:00-07:00,,16.0,1.5,,,,,,False
2021-08-24 04:26:00-07:00,,16.0,1.3,,,,,,False
2021-08-24 04:27:00-07:00,,16.0,1.8,,,,,,False
2021-08-24 04:28:00-07:00,,16.0,1.4,,,,,,False
2021-08-24 04:29:00-07:00,,16.0,1.1,,,,,,False
2021-08-24 04:30:00-07:00,,16.0,1.2,,,,,,False
2021-08-24 04:31:00-07:00,,16.0,1.2,,,,,,False
2021-08-24 04:32:00-07:00,,15.9,1.2,,,,,,False
2021-08-24 04:33:00-07:00,,15.9,1.1,,,,,,False
2021-08-24 04:34:00-07:00,,15.9,1.0,,,,,,False
2021-08-24 04:35:00-07:00,,15.9,1.1,,,,,,False
2021-08-24 04:36:00-07:00,,15.9,1.2,,,,,,False
2021-08-24 04:37:00-07:00,,15.9,1.6,,,,,,False
2021-08-24 04:38:00-07:00,,15.9,1.8,,,,,,False
2021-08-24 04:39:00-07:00,,15.9,1.6,,,,,,False
2021-08-24 04:40:00-07:00,,15.9,1.2,,,,,,False
2021-08-24 04:41:00-07:00,,15.9,1.2,,,,,,False
2021-08-24 04:42:00-07:00,,15.8,1.2,,,,,,False
2021-08-24 04:43:00-07:00,,15.8,1.3,,,,,,False
2021-08-24 04:44:00-07:00,,15.8,1.4,,,,,,False
2021-08-24 04:45:00-07:00,,15.8,1.7,,,,,,False
2021-08-24 04:46:00-07:00,,15.8,2.0,,,,,,False
2021-08-24 04:47:00-07:00,,15.8,1.8,,,,,,False
2021-08-24 04:48:00-07:00,,15.7,2.0,,,,,,False
2021-08-24 04:49:00-07:00,,15.7,1.8,,,,,,False
2021-08-24 04:50:00-07:00,,15.7,1.9,,,,,,False
2021-08-24 04:51:00-07:00,,15.7,2.3,,,,,,False
2021-08-24 04:52:00-07:00,,15.7,1.8,,,,,,False
2021-08-24 04:53:00-07:00,,15.6,1.4,,,,,,False
2021-08-24 04:54:00-07:00,,15.6,1.1,,,,,,False
2021-08-24 04:55:00-07:00,,15.6,1.3,,,,,,False
2021-08-24 04:56:00-07:00,,15.5,1.4,,,,,,False
2021-08-24 04:57:00-07:00,,15.5,1.7,,,,,,False
2021-08-24 04:58:00-07:00,,15.5,1.7,,,,,,False
2021-08-24 04:59:00-07:00,,15.4,2.6,,,,,,False
2021-08-24 05:00:00-07:00,,15.3,2.5,,,,,,False
2021-08-24 05:01:00-07:00,,15.2,2.7,,,,,,False
2021-08-24 05:02:00-07:00,,15.1,3.1,,,,,,False
2021-08-24 05:03:00-07:00,,14.8,4.0,,,,,,False
2021-08-24 05:04:00-07:00,,14.5,3.3,,,,,,False
2021-08-24 05:05:00-07:00,,14.4,3.7,,,,,,False
2021-08-24 05:06:00-07:00,,14.2,4.1,,,,,,False
2021-08-24 05:07:00-07:00,,14.0,3.5,,,,,,False
2021-08-24 05:08:00-07:00,,13.8,3.5,,,,,,False
2021-08-24 05:09:00-07:00,,13.7,2.5,,,,,,False
2021-08-24 05:10:00-07:00,,13.7,2.7,,,,,,False
2021-08-24 05:11:00-07:00,,13.6,2.0,,,,,,False
2021-08-24 05:12:00-07:00,,13.6,1.6,,,,,,False
2021-08-24 05:13:00-07:00,,13.6,1.9,,,,,,False
2021-08-24 05:14:00-07:00,,13.5,1.6,,,,,,False
2021-08-24 05:15:00-07:00,,13.4,1.8,,,,,,False
2021-08-24 05:16:00-07:00,,13.3,1.8,,,,,,False
2021-08-24 05:17:00-07:00,,13.2,2.0,,,,,,False
2021-08-24 05:18:00-07:00,,13.2,1.8,,,,,,False
2021-08-24 05:19:00-07:00,,13.1,1.7,,,,,,False
2021-08-24 05:20:00-07:00,,13.1,0.9,,,,,,False
2021-08-24 05:21:00-07:00,,13.1,0.6,,,,,,False
2021-08-24 05:22:00-07:00,,13.1,0.6,,,,,,False
2021-08-24 05:23:00-07:00,,13.1,0.7,,,,,,False
2021-08-24 05:24:00-07:00,89.66042905959351,13.1,0.5,0.899995692803449,1.6756193014284,787.4357649761025,1.3194425664289948,-0.5481900000000001,False
2021-08-24 05:25:00-07:00,89.09573802577219,13.1,0.8,0.8999695002778709,1.6755708598667665,787.4373979073725,1.3194071579029054,-0.5481900000000001,False
2021-08-24 05:26:00-07:00,88.52594352191238,13.1,0.8,1.0999010818248243,2.049013575080743,797.3492183359155,1.6337793724503102,-0.5481900000000001,False
2021-08-24 05:27:00-07:00,87.95070330764493,13.1,0.6,1.1997917173331172,2.235133770288162,801.827693201788,1.7921921550275723,-0.5481900000000001,False
2021-08-24 05:28:00-07:00,87.36991866859591,13.1,0.5,1.3996002831651457,2.6082945933057355,809.493990720255,2.1113987993091246,-0.5481900000000001,False
2021-08-24 05:29:00-07:00,86.78364730541796,13.1,0.4,1.599317702029613,2.9820770815423447,815.9389262743271,2.4331927719809396,-0.5481900000000001,False
2021-08-24 05:30:00-07:00,86.19204309607856,13.1,0.8,1.7989254144889282,3.3555451257697855,821.6924190398641,2.7572259915912003,-0.5481900000000001,False
2021-08-24 05:31:00-07:00,85.59531088776181,13.1,1.1,1.8984841954538167,3.5415088026646337,824.4118032417466,2.9196616582012695,-0.5481900000000001,False
2021-08-24 05:32:00-07:00,84.99367913377799,13.1,1.2,2.197735299297103,4.101217934006033,831.6422781557977,3.4107462258501915,-0.5481900000000001,False
2021-08-24 05:33:00-07:00,84.38738053115651,13.1,1.2,2.4967690463793413,4.660523393374331,837.9619766413898,3.9053413948953923,-0.5481900000000001,False
2021-08-24 05:34:00-07:00,83.77663999827996,13.1,1.5,2.7955558038944495,5.219735890284318,843.5233700616648,4.402969209004452,-0.5481900000000001,False
2021-08-24 05:35:00-07:00,83.16166743663183,13.1,1.6,3.1938739768105187,5.963746094196665,850.3004231252282,5.070975827306852,-0.5481900000000001,False
2021-08-24 05:36:00-07:00,82.54265371478063,13.0,1.6,3.292494653665588,6.1482810424312655,852.3721199723019,5.240623346322652,-0.5481900000000001,False
2021-08-24 05:37:00-07:00,81.91976877563872,13.0,1.5,3.3909303259307557,6.333513734070806,853.6814714316516,5.40680332383414,-0.5481900000000001,False
2021-08-24 05:38:00-07:00,81.2931611277915,13.0,1.5,3.489169505379415,6.5159586580620115,855.2751518971222,5.572937531029355,-0.5481900000000001,False
2021-08-24 05:39:00-07:00,80.66295818033117,13.0,1.1,3.7867724766219464,7.0733978370439585,859.2279800954947,6.077661335935122,-0.5481900000000001,False
2021-08-24 05:40:00-07:00,80.02926666213496,13.0,1.0,4.183631084405694,7.81569005962426,864.1826994328109,6.754184133656279,-0.5481900000000001,False
2021-08-24 05:41:00-07:00,79.39217544119613,13.0,0.6,4.699033675316634,8.782613814141543,869.6533642961076,7.637829650781663,1.2827293042711352,False
2021-08-24 05:42:00-07:00,78.75175420510696,13.1,0.9,5.236726564313807,9.788609857776615,874.495660154828,8.56009683957442,2.1755204414735245,False
2021-08-24 05:43:00-07:00,78.10805642104194,13.0,0.9,5.3154778458156855,9.937406509814991,875.6697758377752,8.701886530858543,2.310521546569017,False
2021-08-24 05:44:00-07:00,77.46112012211024,13.1,1.3,5.269072184742931,9.849520181262857,874.7901494859734,8.616263231732049,2.2298904022921175,False
2021-08-24 05:45:00-07:00,76.81096904709447,13.0,1.7,5.189881369973059,9.70101896688014,874.649978632499,8.484996032095182,2.099955345068886,False
2021-08-24 05:46:00-07:00,76.15761368363641,13.0,1.8,4.467182857189679,8.349425954008343,867.13366496672,7.240068327867507,0.8998973013124848,False
2021-08-24 05:47:00-07:00,75.50105220014011,13.0,1.5,3.7686266890983924,7.039262976818487,859.029211820096,6.046932526770768,-0.5481900000000001,False
2021-08-24 05:48:00-07:00,74.84127128223722,12.9,2.8,3.1969511060702045,5.970310798254271,851.4160059088441,5.083218173884094,-0.5481900000000001,False
2021-08-24 05:49:00-07:00,74.17824685146209,12.8,2.4,2.9695811610006047,5.544979048705382,848.3147210873905,4.70388735513793,-0.5481900000000001,False
2021-08-24 05:50:00-07:00,73.51194468880882,12.8,2.8,2.670282533152054,4.983149604058209,843.3907130169894,4.202742097636981,-0.5481900000000001,False
2021-08-24 05:51:00-07:00,72.8423205120315,12.8,2.7,2.9642594407275893,5.534970896265827,848.2429031218222,4.69499978174332,-0.5481900000000001,False
2021-08-24 05:52:00-07:00,72.16932220557499,12.8,2.4,3.158843410954516,5.897591034269729,851.5862388216543,5.022307366982069,-0.5481900000000001,False
2021-08-24 05:53:00-07:00,71.49288748619651,12.8,2.3,3.55123922250565,6.633584749688581,857.1218221893441,5.685790248300521,-0.5481900000000001,False
2021-08-24 05:54:00-07:00,70.81294596561581,12.9,1.8,4.336589186298338,8.10406673096216,866.3281970291326,7.020781519638224,0.685787737059369,False
2021-08-24 05:55:00-07:00,70.12941890391185,12.9,2.0,4.824665633920147,9.017605904923954,871.6068873991086,7.8598074145825905,1.49350681020582,False
2021-08-24 05:56:00-07:00,69.44221934146042,12.9,2.2,5.3118649319087865,9.928921613888471,876.4216018937193,8.70192138592131,2.3066237183279217,False
2021-08-24 05:57:00-07:00,68.75125215847522,12.9,2.4,5.3065850486416375,9.918993993485577,876.3871776934039,8.692879151508649,2.297802998423834,False
2021-08-24 05:58:00-07:00,68.05641408439485,12.9,2.6,5.4972754649357,10.277965143896564,877.965230583248,9.023696037487733,2.6188428402508803,False
2021-08-24 05:59:00-07:00,67.35759363322076,12.9,2.5,5.784841557260001,10.815351261948136,880.5539436872482,9.523500206071287,3.102779824372628,False
2021-08-24 06:00:00-07:00,66.65467098558847,12.9,2.6,5.876702880988648,10.988286936971264,881.2584934390164,9.683521191550922,3.2583652755619097,False
2021-08-24 06:01:00-07:00,65.94751781010712,12.9,2.6,6.165370679495003,11.527473523611391,883.717176838524,10.18702635836669,3.746627384007841,False
2021-08-24 06:02:00-07:00,65.23599654805274,13.0,1.7,6.941417848359515,12.984977662872533,888.6113661754104,11.538598740762348,5.066102624442954,False
2021-08-24 06:03:00-07:00,64.51996202046556,13.0,0.8,8.008484215602783,14.985776545282487,895.3987638765597,13.418245794376281,6.900926220511259,False
2021-08-24 06:04:00-07:00,63.79925821241892,13.0,1.1,9.266402650122261,17.342468550748514,902.5163651164592,15.651861678568055,9.085869512787466,False
2021-08-24 06:05:00-07:00,63.07371974652746,13.0,1.7,10.619248924327819,19.878660954086175,909.1026185235597,18.071742726101785,11.45852551748232,False
2021-08-24 06:06:00-07:00,62.343170913503386,13.1,1.5,12.067245752147619,22.59627989687901,914.5125429638545,20.66458139001785,14.009078728612675,False
2021-08-24 06:07:00-07:00,61.60742510456236,13.1,1.4,13.217275061152879,24.756436926651133,918.6790444989188,22.74321982097361,16.05442459938264,False
2021-08-24 06:08:00-07:00,60.866284158084504,13.1,1.4,13.73387165811419,25.719735270793908,920.689496282792,23.679890110994002,16.975289823227985,False
2021-08-24 06:09:00-07:00,60.11953763398325,13.0,1.6,13.66070847605776,25.58316922837652,920.9822900210058,23.561645781945128,16.856103814338216,False
2021-08-24 06:10:00-07:00,59.366961979707,13.0,1.5,13.541188457403505,25.358115093621,920.5874383949912,23.344362216561912,16.642106674733334,False
2021-08-24 06:11:00-07:00,58.608319599364414,13.0,1.4,13.325181817910156,24.951417563027686,919.8754998744789,22.95219770336694,16.25586289798771,False
2021-08-24 06:12:00-07:00,57.84335780676489,12.9,1.1,13.49401331118444,25.27028854206123,920.8826885133104,23.270971252120454,16.567520944561153,False
2021-08-24 06:13:00-07:00,57.071807642142666,12.9,1.4,13.759520075401404,25.764315453172067,921.9809858831443,23.75420896211991,17.042261327530195,False
2021-08-24 06:14:00-07:00,56.293382032846104,12.9,1.6,14.118630496938453,26.440406940795018,923.1258897445214,24.40782418242862,17.686193272235744,False
2021-08-24 06:15:00-07:00,55.507776392319435,12.9,1.4,14.280275294499695,26.744659746871385,923.5926891665252,24.701172216456666,17.975441040161467,False
2021-08-24 06:16:00-07:00,54.71466381454251,12.9,1.2,14.085307433557315,26.377550067701215,922.9693966301187,24.345671470566938,17.625218928332558,False
2021-08-24 06:17:00-07:00,53.913695269951965,12.9,1.4,13.928008213782745,26.081490368755105,922.5093099732292,24.060417683153698,17.343979926818108,False
2021-08-24 06:18:00-07:00,53.104496945592636,12.9,1.3,14.02783877431772,26.2693934161983,922.8057299616909,24.24154676708571,17.522537200521416,False
2021-08-24 06:19:00-07:00,52.28666783732707,12.9,1.2,14.226760258888902,26.643847459891006,923.4024795782328,24.602994809967562,17.878819557778858,False
2021-08-24 06:20:00-07:00,51.459776999828215,12.9,0.9,14.743836142464655,27.61724720529488,924.9047742814253,25.54332379268758,18.805947045818126,False
2021-08-24 06:21:00-07:00,50.6233604226655,13.0,0.7,15.669124559799307,29.347236681094913,927.3497599554911,27.21515289157035,20.455411266488547,False
2021-08-24 06:22:00-07:00,49.776917461379846,13.0,0.6,16.877228650435704,31.62147946042266,930.527261008336,29.424648671338456,22.635423047178122,False
2021-08-24 06:23:00-07:00,48.91990673634155,13.0,0.9,18.806041154363374,35.24025463728504,935.5616334712438,32.969430192400964,26.132733066880675,False
2021-08-24 06:24:00-07:00,48.0517414289879,13.0,0.9,20.74873535301275,38.88856496895206,939.9642107716239,36.55385927908205,29.672309111815714,False
2021-08-24 06:25:00-07:00,47.171783232359566,13.0,0.9,22.30528142680445,41.802962263070384,943.3795814895187,39.43606104475748,32.51870329071411,False
2021-08-24 06:26:00-07:00,46.279338393388564,13.0,1.1,23.099725283340018,43.29809756600548,944.9015016892944,40.91243741040816,33.977855266793476,False
2021-08-24 06:27:00-07:00,45.37364678843274,13.1,1.0,23.43428878602703,43.92593252469713,944.9940186970273,41.509743501528,34.57107648419746,False
2021-08-24 06:28:00-07:00,44.453875612098265,13.1,1.1,23.063482666635547,43.228228462659104,944.3438198039074,40.82231038978349,33.891364043732416,False
2021-08-24 06:29:00-07:00,43.51910856846223,13.1,1.0,22.61994809551858,42.393523856719135,943.5016053291879,39.99835781437573,33.07698888777475,False
2021-08-24 06:30:00-07:00,42.5683337344291,13.1,0.9,22.39221585305199,41.9649173262008,943.0520396671179,39.57510087893564,32.65873444849246,False
2021-08-24 06:31:00-07:00,41.60042905301769,13.1,0.9,22.33337290760709,41.86983435368165,942.5890379703307,39.46604688341388,32.55289171926045,False
2021-08-24 06:32:00-07:00,40.614144868941295,13.1,0.9,22.25740090472818,41.726825207219186,942.445041676546,39.325239521447635,32.41371487786395,False
2021-08-24 06:33:00-07:00,39.60808272519074,13.1,1.0,21.81922032260046,40.90207543542476,941.6254351633253,38.514434580964995,31.612229714415868,False
2021-08-24 06:34:00-07:00,38.58066942672661,13.1,0.9,22.031292768283354,41.301203680704305,942.0133427594799,38.90628493925039,31.99962477397865,False
2021-08-24 06:35:00-07:00,37.53012496839029,13.1,1.0,22.69561080730405,42.53590246290957,943.6426810941734,40.13869304286025,33.215708067813765,False
2021-08-24 06:36:00-07:00,36.45442176535711,13.1,1.0,23.798181975117004,44.61071137571329,945.6429918088907,42.18580657205242,35.23947476860433,False
2021-08-24 06:37:00-07:00,35.35123697584175,13.1,1.0,24.885475552069202,46.65682873427984,947.5202109089738,44.2082882026487,37.23927386519666,False
2021-08-24 06:38:00-07:00,34.2178834464311,13.1,1.0,25.60094098477851,48.00324294320927,948.7077869251689,45.5410503778833,38.557275782121636,False
2021-08-24 06:39:00-07:00,33.05122858443816,13.1,0.8,26.209741339156576,49.14874329587139,949.6392179847862,46.67357414842631,39.67763802703283,False
2021-08-24 06:40:00-07:00,31.847582823936744,13.1,0.8,26.448648798341807,49.59833698222605,950.0176133283798,47.1192937249111,40.11849143047789,False
2021-08-24 06:41:00-07:00,30.60255075997113,13.1,0.6,26.9316988309055,50.50717373856038,950.7181685203167,48.01808771386156,41.00780103994907,False
2021-08-24 06:42:00-07:00,29.310826936447825,13.1,0.5,27.75794320756571,52.042512514744196,952.299943673263,49.560081736405984,42.53130893518987,False
2021-08-24 06:43:00-07:00,27.965908857237938,13.1,0.4,28.731911269797443,53.874577877006715,953.6978936228096,51.38007144111932,44.33200605198195,False
2021-08-24 06:44:00-07:00,26.559682183185085,13.2,0.5,29.775584065344717,55.83593145770074,954.7104910393473,53.307149539620816,46.24117987297874,False
2021-08-24 06:45:00-07:00,25.081800763584667,13.2,0.6,30.343426579773045,56.90419275941684,955.5179157155856,54.37297566095589,47.29564369465461,False
2021-08-24 06:46:00-07:00,23.5187220729806,13.2,0.5,30.369864649143057,56.95379462412101,955.5234436109065,54.42068596594845,47.343018744451534,False
2021-08-24 06:47:00-07:00,21.85212930969608,13.2,0.7,30.54748364495362,57.28815822182365,955.8237163251281,54.75738029300542,47.675856924542984,False
2021-08-24 06:48:00-07:00,20.056192679215545,13.2,0.6,30.715006458451878,57.603141847700016,956.0181997353941,55.06965196834071,47.98502710411446,False
2021-08-24 06:49:00-07:00,18.092385590777006,13.2,0.7,30.9789509507448,58.09975425537598,956.400176614502,55.56661523110075,48.47663411103646,False
2021-08-24 06:50:00-07:00,15.898568488588369,13.2,0.7,31.072324277078796,58.27538936747465,956.523762543086,55.741794701440206,48.64998645346447,False
2021-08-24 06:51:00-07:00,13.361861568861956,13.2,0.5,31.354661879592758,58.80619159466214,956.8327302993981,56.267688862030084,49.17074339593855,False
2021-08-24 06:52:00-07:00,10.230215945281643,13.3,0.5,30.754216009093977,57.67466213203662,955.5528283799024,55.11118652612284,48.02894983447709,False
2021-08-24 06:53:00-07:00,5.578236981810565,13.3,0.2,29.920150087150848,56.12639927832272,953.9755085770734,53.5432102961378,46.47992331458699,False
2021-08-24 06:54:00-07:00,0.31531439698202357,13.3,0.2,29.22042320162259,54.80974203425689,953.0024319775758,52.23381745471038,45.1843240074246,False
2021-08-24 06:55:00-07:00,0.1608671903591373,13.4,0.2,30.39052666607297,57.00941515458877,954.1285057658391,54.39430809603217,47.32475224651943,False
2021-08-24 06:56:00-07:00,0.006575553563533946,13.4,0.4,32.140829984376154,60.30296047960291,956.4837827408035,57.678803749999766,50.574776085380726,False
2021-08-24 06:57:00-07:00,0.14755869982808056,13.4,0.2,33.98973775337366,63.757396939776925,959.0495120474421,61.14650042450814,54.00519976928283,False
2021-08-24 06:58:00-07:00,0.3015337532934241,13.4,0.2,35.79492432243466,67.15213735001244,961.140173958108,64.54261697424973,57.366834247514454,False
2021-08-24 06:59:00-07:00,0.4553478884591032,13.4,0.2,37.0146830255253,69.44575699958462,962.4868162051433,66.84062555348626,59.64168369258018,False
2021-08-24 07:00:00-07:00,0.6089990738434508,13.4,0.3,38.73361625618117,72.677923049615,964.3409377086216,70.08629646438078,62.854624469218095,False
2021-08-24 07:01:00-07:00,0.7624855833255767,13.5,0.7,41.44618806621701,77.77559837444919,966.7108431927737,75.1865142843863,67.90591788064663,False
2021-08-24 07:02:00-07:00,0.9158055831386154,13.4,0.8,43.222830928133554,81.11795576535576,968.8957788064276,78.59484492645973,71.27753044276751,False
2021-08-24 07:03:00-07:00,1.0689572361258186,13.4,0.8,44.9664575584383,84.39487258858077,970.4525806058563,81.90122189349066,74.5512684952381,False
2021-08-24 07:04:00-07:00,1.221938699985181,13.4,0.6,46.79962866652498,87.8389650347814,971.9249442214939,85.37288119190367,77.98926740794637,False
2021-08-24 07:05:00-07:00,1.3747481283420842,13.5,0.5,48.11403117609398,90.33886498701888,972.1102829514314,87.81933960404207,80.41693640782364,False
2021-08-24 07:06:00-07:00,1.527383670403919,13.5,0.5,48.6800525657889,91.40255463377436,972.5623475704525,88.89468310856013,81.4817343679469,False
2021-08-24 07:07:00-07:00,1.679843470623863,13.5,0.7,48.089233012162325,90.29284626300424,972.184460653984,87.78130204511186,80.37872646770404,False
2021-08-24 07:08:00-07:00,1.8321256697690889,13.5,0.7,47.1048494930907,88.4427871775942,971.3809057855648,85.91163471877137,78.52741693353367,False
2021-08-24 07:09:00-07:00,1.9842284031601645,13.5,0.8,46.21541566152497,86.73889124249409,971.0448022305104,84.22734949226142,76.8572502817837,False
2021-08-24 07:10:00-07:00,2.1361499035640117,13.5,1.0,45.041406664489045,84.5333757387833,970.1232039963659,82.00778931633712,74.65904846951521,False
2021-08-24 07:11:00-07:00,2.287888093465713,13.4,1.0,44.373042327229626,83.28017981271248,970.0158337058201,80.78309305219891,73.44367982938651,False
2021-08-24 07:12:00-07:00,2.439441196000198,13.4,1.3,44.11842279761646,82.80237941729119,969.9136369852872,80.31115697166058,72.9756916045128,False
2021-08-24 07:13:00-07:00,2.5908073283690882,13.3,1.3,45.17036741989929,84.78215858355895,971.3253854813013,82.35106286811224,74.99268669260155,False
2021-08-24 07:14:00-07:00,2.741984602052315,13.3,1.1,47.564848098464736,89.28104711980383,973.2641075210942,86.89403864360463,79.49137507289451,False
2021-08-24 07:15:00-07:00,2.892971123870872,13.3,1.1,51.768511564393684,97.177448455208,976.5453116707105,94.89818168905549,87.41679480344277,False
2021-08-24 07:16:00-07:00,3.0437649956463355,13.3,1.2,56.09417404877731,105.33903526720371,979.2969325168503,103.15819411145692,95.59749446617816,False
2021-08-24 07:17:00-07:00,3.194364313868783,13.3,1.3,59.65992005124221,112.03408068833632,981.6761799276709,109.98118835183445,102.3528501458312,False
2021-08-24 07:18:00-07:00,3.344767170757951,13.3,1.1,62.89087485152813,118.09677038249174,983.528139828709,116.15149689407025,108.46274129078299,False
2021-08-24 07:19:00-07:00,3.494971652532973,13.3,0.8,64.67271147650452,121.48357703277625,984.0083627865939,119.54085574148124,111.82188885484352,False
2021-08-24 07:20:00-07:00,3.644975840466978,13.3,0.4,64.87709821845144,121.86510937195449,983.8723590474807,119.89971264336411,112.17872272452098,False
2021-08-24 07:21:00-07:00,3.7947779109582442,13.4,0.6,63.964777657666325,120.15029950197788,983.0068364342255,118.108565810064,110.40747934732441,False
2021-08-24 07:22:00-07:00,3.9443757334949816,13.4,0.6,62.02912127459374,116.51728717983812,981.8789905245346,114.40587631479674,106.74143299506113,False
2021-08-24 07:23:00-07:00,4.093767474458426,13.4,0.7,60.1253439801615,112.901544276622,981.1510415586771,110.77346776059079,103.14222431813064,False
2021-08-24 07:24:00-07:00,4.242951193442207,13.4,0.8,58.86803640987746,110.54200611920788,980.4205807388888,108.3776578354356,100.76969400674867,False
2021-08-24 07:25:00-07:00,4.391924944833858,13.4,1.0,58.96796724277112,110.73042391094515,980.5960676583951,108.58181825721994,100.97116796241724,False
2021-08-24 07:26:00-07:00,4.54068677748096,13.4,1.1,60.1060654068055,112.86709221330989,981.3675085103208,110.76409707818055,103.1315669818876,False
2021-08-24 07:27:00-07:00,4.689234734380657,13.4,1.2,62.26267723230869,116.91476870143542,982.738335432604,114.89662518113656,107.22285603823192,False
2021-08-24 07:28:00-07:00,4.837566853711767,13.4,1.2,64.44278458710471,121.05024886705655,983.6452269352087,119.07049951739934,111.35763076429309,False
2021-08-24 07:29:00-07:00,4.985681167146543,13.4,1.1,64.39384379180419,120.95792882824317,983.5573459194953,118.96905944622605,111.25756569041104,False
2021-08-24 07:30:00-07:00,5.133575700894397,13.5,1.5,61.570892035155005,115.61425413066185,982.0161084927782,113.53505992768767,105.87663937319792,False
2021-08-24 07:31:00-07:00,5.281248475386673,13.5,1.5,58.07437739239831,109.05139980011135,979.8149321943938,106.85018990084984,99.25785853001332,False
2021-08-24 07:32:00-07:00,5.428697603748595,13.4,1.4,54.66007153273934,102.64316275457396,977.9351426381147,100.37835600922152,92.84725416059509,False
2021-08-24 07:33:00-07:00,5.575920897495531,13.4,1.6,51.69623845975693,97.04012230425417,976.2512493169871,94.73554063340136,87.25716275977098,False
2021-08-24 07:34:00-07:00,5.722916458099393,13.4,1.7,50.59534950074222,94.97275818326673,975.4619484528794,92.64231174739353,85.18427205346578,False
2021-08-24 07:35:00-07:00,5.869682282390663,13.4,1.5,50.39502358049486,94.59589001119268,975.2161521562414,92.25143986651035,84.79778291493757,False
2021-08-24 07:36:00-07:00,6.016216361179341,13.4,1.9,50.07790739396739,94.00140052153904,975.1511704147504,91.66557573920454,84.21663254038678,False
2021-08-24 07:37:00-07:00,6.162516678946622,13.4,2.0,49.89935643041878,93.66628742201048,975.0557185614927,91.32984918725573,83.88395739011555,False
2021-08-24 07:38:00-07:00,6.308581214884121,13.4,1.7,49.44272114343786,92.80765510705837,974.5637115608562,90.44697282239466,83.0105534518954,False
2021-08-24 07:39:00-07:00,6.454407941224429,13.4,2.0,48.68134170939307,91.37815476339631,974.0870764694276,89.01027962664763,81.58725807870428,False
2021-08-24 07:40:00-07:00,6.599994824283521,13.4,1.9,48.054737885624746,90.20066082251009,973.5352950040277,87.8135269434006,80.40255612230305,False
2021-08-24 07:41:00-07:00,6.745339824144389,13.4,1.9,47.675027774622016,89.48725046742774,973.223280739102,87.09107548423177,79.68723073258924,False
2021-08-24 07:42:00-07:00,6.890440894350909,13.5,1.8,48.098032275769825,90.27873853186063,973.047715603227,87.84552029596802,80.43726305310904,False
2021-08-24 07:43:00-07:00,7.035295982946898,13.5,2.1,48.45841023601197,90.95658754980708,973.4693171558288,88.54344717293505,81.1275666938209,False
2021-08-24 07:44:00-07:00,7.179903127703975,13.5,2.1,48.92652418580188,91.83600727740176,973.8473992353072,89.43425684325244,82.00959194094327,False
2021-08-24 07:45:00-07:00,7.324260069443672,13.6,1.8,49.11260815940814,92.21614729662213,973.0234708345776,89.72847570955189,82.30665580003857,False
2021-08-24 07:46:00-07:00,7.468364833558356,13.5,2.3,49.19224261383219,92.33572387045099,974.1455242759513,89.94843213917996,82.51820146364058,False
2021-08-24 07:47:00-07:00,7.612215341657752,13.5,2.1,49.82466386089246,93.52317762753428,974.5612604795531,91.14406587274296,83.70254501476936,False
2021-08-24 07:48:00-07:00,7.755809509655947,13.5,1.9,51.291024132150476,96.27682939424864,975.6051393125356,93.92816955374516,86.45973760202334,False
2021-08-24 07:49:00-07:00,7.899145246128458,13.5,1.9,52.62822027084395,98.82499993470054,976.2405324958091,96.47697056015036,88.98566782258652,False
2021-08-24 07:50:00-07:00,8.042220453351403,13.6,1.6,54.76019632817889,102.82527007885696,977.1490599379598,100.4756159954219,92.94863074322589,False
2021-08-24 07:51:00-07:00,8.185033027004344,13.6,1.6,57.3703222598202,107.72647567995779,978.9272874473749,105.4563866236467,97.88034543529706,False
2021-08-24 07:52:00-07:00,8.32758085586275,13.6,1.5,59.43156170231837,111.5955308670841,980.2111236918487,109.38718071021289,101.77266937423329,False
2021-08-24 07:53:00-07:00,8.469861822836133,13.6,1.5,60.79842108881104,114.20361603613274,980.7006748919802,111.99956332173994,104.36153378739421,False
2021-08-24 07:54:00-07:00,8.611873803339492,13.6,1.6,61.75781857525885,116.00513253863691,981.3430635677091,113.8408321550441,106.18424496209732,False
2021-08-24 07:55:00-07:00,8.753614761291715,13.6,1.6,62.323713933504465,117.06739986252612,981.6844150923791,114.92324196042964,107.25592964020598,False
2021-08-24 07:56:00-07:00,8.895082368799347,13.6,1.6,62.88814672034545,118.12684631934076,982.0211719048507,116.00306405594323,108.32504354326531,False
2021-08-24 07:57:00-07:00,9.03627457616222,13.6,1.9,62.53297560267312,117.46149707238098,981.9766163052559,115.34444344128643,107.67193970801566,False
2021-08-24 07:58:00-07:00,9.177189232523045,13.6,1.8,63.181294671729844,118.67794804048854,982.3074489664176,116.57823238822137,108.89381661272783,False
2021-08-24 07:59:00-07:00,9.317824179406413,13.6,1.6,64.88323882531836,121.87104376539419,983.1827532293358,119.82150834819313,112.10554736732418,False
2021-08-24 08:00:00-07:00,9.458177251735643,13.6,1.2,67.27201179803454,126.37992675086547,984.0452841286856,124.36357092771789,116.60528933319006,False
2021-08-24 08:01:00-07:00,9.598246277558927,13.6,1.8,69.61954639249262,130.78709332073197,985.6702181595542,128.91294280589986,121.10682064680856,False
2021-08-24 08:02:00-07:00,9.738029077760963,13.6,1.8,71.72359307749976,134.73321957655372,986.7557032190683,132.9487728302314,125.10203032169677,False
2021-08-24 08:03:00-07:00,9.877523467080097,13.6,2.2,73.84364384820678,138.71054211358725,988.0666022303463,137.05525403970154,129.16537356216634,False
2021-08-24 08:04:00-07:00,10.016727252530094,13.6,2.2,75.98654352117599,142.78070426308082,988.7325281864612,141.17192670227934,133.242607115691,False
2021-08-24 08:05:00-07:00,10.15563823442266,13.6,1.9,77.28138934787849,145.20629618920012,989.1400820495653,143.6293677266989,135.67623837280038,False
2021-08-24 08:06:00-07:00,10.29425429894239,13.6,2.5,76.2591638131966,143.2936260280352,989.0547725949871,141.72524470546946,133.78905337604274,False
2021-08-24 08:07:00-07:00,10.43257304625882,13.6,1.8,73.62268212466024,138.29395386130693,987.702007290612,136.59321582496813,128.70963615818718,False
2021-08-24 08:08:00-07:00,10.57059234925603,13.7,2.9,71.7127850834281,134.71468172917315,986.94482341334,132.9559577703831,125.10792243048552,False
2021-08-24 08:09:00-07:00,10.708309979968003,13.7,3.1,70.79302530385117,132.99071604340455,986.5808677817295,131.20609604101566,123.37503739187854,False
2021-08-24 08:10:00-07:00,10.845723703646945,13.7,2.9,70.63613507413609,132.6954564438389,986.3843375738882,130.88871990342076,123.06157978191268,False
2021-08-24 08:11:00-07:00,10.982831278489362,13.7,2.6,72.20854199428732,135.6427651007295,987.0215270633544,133.88232914481793,126.02603156098203,False
2021-08-24 08:12:00-07:00,11.11963045537868,13.8,2.3,75.77098207918002,142.36834254730437,987.749805546134,140.62430266702532,132.7061549378702,False
2021-08-24 08:13:00-07:00,11.25611897888686,13.8,3.1,80.89942434236224,152.04203620828406,990.2600295638327,150.5611512705607,142.54025044290455,False
2021-08-24 08:14:00-07:00,11.392294585742318,13.8,3.2,83.36368616888181,156.66072695986216,991.403869494201,155.31405090578184,147.2434529600764,False
2021-08-24 08:15:00-07:00,11.52815500584014,13.8,3.1,82.67996289322905,155.37892987037134,991.0428093054807,153.98717116561207,145.9307888841662,False
2021-08-24 08:16:00-07:00,11.663697961986351,13.8,3.5,78.94350138674314,148.32247296895648,989.9925869546832,146.83814871805333,138.8515684237105,False
2021-08-24 08:17:00-07:00,11.798921260207466,13.8,3.2,75.2680084251946,141.43045804304737,988.0643153397375,139.74238869448905,131.82969195279506,False
2021-08-24 08:18:00-07:00,11.933822428261921,13.8,4.2,73.26876973161062,137.6347422947298,988.0005717762522,135.98320408347013,128.10282188371377,False
2021-08-24 08:19:00-07:00,12.068399258192263,13.8,4.1,71.98410517271107,135.22524475106192,987.2820909975849,133.50546239348859,125.65062495220405,False
2021-08-24 08:20:00-07:00,12.20264944441041,13.8,4.6,75.85618717102003,142.4874640502086,989.518566736659,140.99399120490364,133.06100413997268,False
2021-08-24 08:21:00-07:00,12.33657067423278,13.8,4.1,83.36696621593228,156.67267147960817,991.9782895620709,155.41588867546196,147.34050307836858,False
2021-08-24 08:22:00-07:00,12.470160627629367,13.9,3.0,88.67258145130548,166.6357815915949,992.7587809989168,165.42913540367348,157.2581906006033,False
2021-08-24 08:23:00-07:00,12.603416978229927,13.9,3.5,93.37312234688726,175.5044705224494,994.5535621179706,174.54859632573044,166.28106582750243,False
2021-08-24 08:24:00-07:00,12.736337391836182,13.9,3.8,101.2686744967738,190.39396011127405,996.9819350518978,189.81933877393183,181.38942067375697,False
2021-08-24 08:25:00-07:00,12.868919527417454,13.9,3.0,112.98072881826255,212.40454620180157,999.3659612605678,212.2698734910781,203.59946132350336,False
2021-08-24 08:26:00-07:00,13.001161036887073,14.0,2.7,123.77245201590819,232.7659329650146,1000.5208792604907,232.88717591204482,223.9932564608939,False
2021-08-24 08:27:00-07:00,13.133059564850525,14.1,2.4,128.70535194049856,242.1047756564842,1000.3310282730828,242.1849191822749,233.1925369435775,False
2021-08-24 08:28:00-07:00,13.264612749613212,14.1,2.5,131.02805888482882,246.53258613330934,1000.5970275560148,246.67977288068647,237.63636878648754,False
2021-08-24 08:29:00-07:00,13.395818309577223,14.1,2.1,133.48090647202486,251.10147536827841,1000.7045499132965,251.27838889097777,242.18359557339863,False
2021-08-24 08:30:00-07:00,13.526673692547137,14.2,1.7,138.93721335868298,261.41603934816044,1000.3146916100868,261.49830478248543,252.29262558043015,False
2021-08-24 08:31:00-07:00,13.657176603403371,14.3,2.4,145.56221770371087,273.93414153372686,1001.3891984911552,274.31469042982144,264.95432676807917,False
2021-08-24 08:32:00-07:00,13.787324651707246,14.3,2.0,153.15566125109257,288.28139126933934,1001.5307064093878,288.72266544266256,279.1926171063704,False
2021-08-24 08:33:00-07:00,13.917115440791939,14.3,2.2,158.03413677263296,297.43661108960663,1002.3881103181085,298.146922529533,288.49709197486936,False
2021-08-24 08:34:00-07:00,14.046546566335694,14.4,1.9,160.0413616054212,301.26694593311703,1001.4819617276021,301.71341201678143,292.0280039491166,False
2021-08-24 08:35:00-07:00,14.175615617351303,14.5,1.9,164.21048633467302,309.20074277436066,1001.0696462369621,309.5314781853351,299.75407862544535,False
2021-08-24 08:36:00-07:00,14.304320175968883,14.6,1.7,170.78529039898467,321.6050606382229,1000.6871896804462,321.82606431707273,311.8992211229461,False
2021-08-24 08:37:00-07:00,14.432657817472172,14.5,2.8,176.5932010576067,332.44595101597764,1003.534901973956,333.6211148644577,323.51991296050846,False
2021-08-24 08:38:00-07:00,14.560626110082021,14.5,1.7,179.11942523673133,337.353581004225,1001.515353839363,337.86479104842266,327.7266548131349,False
2021-08-24 08:39:00-07:00,14.688222615943415,14.5,1.8,177.9959193582273,335.14324547704246,1001.8983465184456,335.7794634902744,325.66483314316395,False
2021-08-24 08:40:00-07:00,14.815444974919037,14.6,2.0,174.54907575121297,328.7346887393112,1001.275039930837,329.1538385941051,319.12936157192496,False
2021-08-24 08:41:00-07:00,14.94229056457382,14.6,2.1,171.10917096096915,322.2203976596263,1001.310630219766,322.642709450224,312.70024766667495,False
2021-08-24 08:42:00-07:00,15.068757011859267,14.6,2.0,168.33455806949678,316.9832192648188,1000.9969546628951,317.29923716332434,307.4263387355852,False
2021-08-24 08:43:00-07:00,15.194841851406443,14.6,2.1,165.93651282179033,312.4076666663337,1001.1535260871476,312.76803705965824,302.9500321465279,False
2021-08-24 08:44:00-07:00,15.320542611951296,14.6,2.3,163.8167390822201,308.39826337798814,1001.3305481824355,308.808602126792,299.0378785162968,False
2021-08-24 08:45:00-07:00,15.445856814969158,14.6,2.1,160.95438477699324,303.06629123429036,1000.606447133576,303.25008491789293,293.5533530609078,False
2021-08-24 08:46:00-07:00,15.570781975655759,14.6,2.4,157.90144785164034,297.278643513739,1000.8747386155753,297.53868462280633,287.9087764678162,False
2021-08-24 08:47:00-07:00,15.695315602743234,14.6,2.4,154.5797558024971,290.98334221166607,1000.6809225507739,291.18147933127756,281.6292333505233,False
2021-08-24 08:48:00-07:00,15.819455198321265,14.6,2.3,152.41678332347362,286.8856684389959,1000.405908117969,287.0021176607443,277.5016534541448,False
2021-08-24 08:49:00-07:00,15.943198258804648,14.7,2.0,152.2533431786575,286.6312747830031,999.3052043764162,286.4321246277016,276.9474040114672,False
2021-08-24 08:50:00-07:00,16.066542273613532,14.8,2.4,155.58169468054768,292.94042722555366,999.5622248480042,292.81218518549935,283.2497608773652,False
2021-08-24 08:51:00-07:00,16.189484808450032,14.8,1.8,163.21232120021074,307.3107579725179,999.4050223598225,307.1279149429383,297.39402425037144,False
2021-08-24 08:52:00-07:00,16.312023175628337,14.9,1.6,171.4081712642208,322.84979491924264,998.8823818217019,322.4889721195811,312.5693278045355,False
2021-08-24 08:53:00-07:00,16.434154928797337,14.9,1.9,177.9752251647633,335.1910280864585,999.8471626064203,335.1397983633745,325.05132635299447,False
2021-08-24 08:54:00-07:00,16.55587753295628,14.9,1.9,184.4894502979845,347.49932743693563,1000.0723103904223,347.5244552489741,337.27351947413985,False
2021-08-24 08:55:00-07:00,16.677188447101088,15.0,2.3,184.79750965714294,348.0753399152463,1000.2680844549599,348.16865350303243,337.90753883958837,False
2021-08-24 08:56:00-07:00,16.798085124289834,14.9,1.8,177.5669791981307,334.4288409919181,999.6427296634304,334.30935948733827,324.2333156759367,False
2021-08-24 08:57:00-07:00,16.91856501171093,14.9,1.4,166.74824366994528,314.0559845820664,998.2995710014576,313.52195467871724,303.71888099906835,False
2021-08-24 08:58:00-07:00,17.038625550538782,15.0,0.8,159.7692914830322,300.96594866530626,996.1571283728638,299.80937516044617,290.1914576828177,False
2021-08-24 08:59:00-07:00,17.15826417689387,15.1,1.7,155.18146160190798,292.2580597655604,996.8318580642557,291.3321447503579,281.8098600610263,False
2021-08-24 09:00:00-07:00,17.277478320581263,15.1,1.8,148.63574424215005,279.8497442265147,996.5662155407072,278.88880052385264,269.5145324428101,False
2021-08-24 09:01:00-07:00,17.39626540606761,15.1,2.2,138.44867505379955,260.59996431845497,996.0498794062084,259.5705630326593,250.42021570941574,False
2021-08-24 09:02:00-07:00,17.514622931558026,15.1,1.4,132.91278966134178,250.25331481693192,993.949529871667,248.73916461111574,239.72486434491856,False
2021-08-24 09:03:00-07:00,17.63254815167811,15.1,1.5,133.41443293928094,251.19181744940957,994.1745296145211,249.72850695578342,240.70164674725459,False
2021-08-24 09:04:00-07:00,17.75003855465093,15.1,2.3,133.7619006304555,251.7979089901644,995.3928773031632,250.63784512863978,241.59153106479863,False
2021-08-24 09:05:00-07:00,17.867091543301637,15.0,2.2,132.40347206155297,249.26826526396178,995.4434580624567,248.13246395958785,239.11317464361187,False
2021-08-24 09:06:00-07:00,17.98370451554633,15.0,2.1,129.73793504540404,244.19740236393014,995.1063046344455,243.0023746677013,234.04141170927872,False
2021-08-24 09:07:00-07:00,18.09987486426302,15.0,2.5,126.69089596806965,238.45864574778855,995.0486819464151,237.27796115006413,228.3789366487139,False
2021-08-24 09:08:00-07:00,18.21559997717131,15.0,2.3,124.83441037299633,234.987470027666,994.3921790692355,233.66970237477744,224.8140755255959,False
2021-08-24 09:09:00-07:00,18.330877237796724,15.0,2.7,122.70225632476885,230.92316362800295,994.6405184777232,229.68553519947298,220.87008080213542,False
2021-08-24 09:10:00-07:00,18.445704024276175,14.9,2.3,120.30535836596063,226.36023527749057,994.4664661335635,225.10766324956805,216.34142876089683,False
2021-08-24 09:11:00-07:00,18.560077710328763,15.0,2.3,119.40217322924713,224.6655707886165,993.7689153801147,223.26566060585776,214.52380288323496,False
2021-08-24 09:12:00-07:00,18.673995665145686,15.0,2.5,121.03652961789791,227.80760923719106,994.0174837508295,226.44474651324487,217.66794771974196,False
2021-08-24 09:13:00-07:00,18.787455253284367,15.0,2.3,123.43343991936194,232.28267374314336,994.4206529861962,230.98668810103615,222.1592007905467,False
2021-08-24 09:14:00-07:00,18.900453911252434,15.1,3.0,124.50673675364415,234.2912092904556,994.9277410451489,233.10282360608923,224.24912867579837,False
2021-08-24 09:15:00-07:00,19.01298884356158,15.1,3.2,124.60234228364885,234.4729170606821,995.1466915123934,233.33494766219764,224.4771285125468,False
2021-08-24 09:16:00-07:00,19.125057478338928,15.1,4.1,123.71841619160747,232.83511702086352,995.7595433063966,231.84778979038646,223.00105736703935,False
2021-08-24 09:17:00-07:00,19.236657163831296,15.1,3.1,124.16766771040172,233.65949169501584,994.9401968929762,232.47722067295183,223.6300526520834,False
2021-08-24 09:18:00-07:00,19.34778524425086,15.1,4.1,126.45779000020083,237.9517207315101,996.4631202752829,237.11011411499328,228.2020658942956,False
2021-08-24 09:19:00-07:00,19.458439060722384,15.1,4.3,130.84966350457387,246.24550073029906,997.361504439061,245.59578306972097,236.58927202031933,False
2021-08-24 09:20:00-07:00,19.568615950178653,15.1,3.5,139.42718599748235,262.45118947172875,997.6906099463082,261.84508730518314,252.65628656683876,False
2021-08-24 09:21:00-07:00,19.678313246314506,15.1,4.1,150.725130782897,283.73076054842016,999.8978539143533,283.70177856185256,274.24429804270204,False
2021-08-24 09:22:00-07:00,19.787528279516398,15.1,3.5,160.19060487960675,301.633811317029,999.9701427494973,301.6248053607644,291.95311810612407,False
2021-08-24 09:23:00-07:00,19.896258376799093,15.1,3.2,170.0473175492257,320.22800050528224,1000.3677238860967,320.34575599006496,310.440206402358,False
2021-08-24 09:24:00-07:00,20.004500862748657,15.1,3.0,184.786448763704,348.06931637529806,1000.8403301155286,348.3618095041397,338.09307260745015,False
2021-08-24 09:25:00-07:00,20.11225313055046,15.2,3.2,201.66481266312968,379.96775747746267,1001.1497440716066,380.404623154024,369.7017136946335,False
2021-08-24 09:26:00-07:00,20.219512354242436,15.2,3.4,216.76010416496217,408.42580420213574,1001.8423341332677,409.1782610021247,398.06261036795706,False
2021-08-24 09:27:00-07:00,20.326275922205237,15.2,3.7,230.20776228293778,433.73307639729114,1002.6108146662716,434.8654730743963,423.36453300639397,False
2021-08-24 09:28:00-07:00,20.432541147758133,15.3,3.0,244.10410720220344,460.05811970518533,1000.4490169851998,460.26469361511204,448.3982506129785,False
2021-08-24 09:29:00-07:00,20.538305342524932,15.3,2.3,258.6427919003234,487.7652217509623,998.0405656559534,486.80947782363205,474.5492768455446,False
2021-08-24 09:30:00-07:00,20.643565815405477,15.5,3.0,275.77162176938856,520.027146453187,998.1781393093224,519.0797294369787,506.2892288109694,False
2021-08-24 09:31:00-07:00,20.748319873528754,15.6,4.0,304.3873524984006,574.1046505579158,998.6231099120027,573.3141715550894,559.579635478163,False
2021-08-24 09:32:00-07:00,20.852564822213882,15.6,3.1,323.22271176200724,609.837026750714,995.0587635058317,606.8236777786383,592.5201064392917,False
2021-08-24 09:33:00-07:00,20.956297964951464,15.6,3.3,321.9458384496753,607.2932367903298,995.8763651433612,604.7889812309004,590.513383242615,False
2021-08-24 09:34:00-07:00,21.059516604333748,15.6,3.6,306.63573012163914,578.3209049191317,997.6174933680874,576.9430515277882,563.1550942963544,False
2021-08-24 09:35:00-07:00,21.16221804107628,15.6,3.7,286.8936288653487,540.9740613597368,998.9139824636443,540.3865540423865,527.2264774910635,False
2021-08-24 09:36:00-07:00,21.264399643309712,15.6,4.2,282.2521299753733,532.156974353871,1000.2789398049772,532.3054141165145,519.2685189965906,False
2021-08-24 09:37:00-07:00,21.36605857282785,15.6,4.4,289.0867041830706,545.0682342418356,1000.4387951355222,545.3074075315486,532.0453541095766,False
2021-08-24 09:38:00-07:00,21.467192196209524,15.7,4.5,289.8421883884847,546.44478665604,1000.2330200167274,546.5721192293672,533.2904539817307,False
2021-08-24 09:39:00-07:00,21.567797811320172,15.7,4.6,285.8625312309644,539.0129018601115,1000.4364046645502,539.248129604736,526.0906583558682,False
2021-08-24 09:40:00-07:00,21.667872715064366,15.7,4.5,284.8599649287619,537.1611726185031,1000.1861785043754,537.2611804822297,524.1406052707714,False
2021-08-24 09:41:00-07:00,21.76741420433052,15.7,4.3,288.97832969462837,544.8396763240962,999.7919039828697,544.7262973574785,531.4815535746359,False
2021-08-24 09:42:00-07:00,21.866419575993554,15.7,4.7,297.93300218080435,561.7424549213795,1000.3004951358979,561.9112557967107,548.3602552873907,False
2021-08-24 09:43:00-07:00,21.96488612692837,15.7,4.4,302.0064013060747,569.5376984974914,999.2857317590756,569.1308958074454,555.4634163123596,False
2021-08-24 09:44:00-07:00,22.062811154940448,15.8,4.2,295.36638319233003,556.9616921113831,998.7218890621847,556.2498332807514,542.8164545228477,False
2021-08-24 09:45:00-07:00,22.16019195786744,15.8,5.0,287.9266715399369,542.8207466200606,1000.8719211604199,543.2940435153536,530.0619730671033,False
2021-08-24 09:46:00-07:00,22.257025834518032,15.7,3.5,280.18109630901034,528.2669394189239,998.3217184650188,527.3803587689562,514.4486511282548,False
2021-08-24 09:47:00-07:00,22.353310149077338,15.9,2.7,277.38645489625577,523.2129194766268,995.2334351769708,520.7189911796951,507.93317841195386,False
2021-08-24 09:48:00-07:00,22.449042073242058,16.0,3.8,281.6519343076389,531.1409046112983,997.2967638289086,529.7051053060069,516.7453238511806,False
2021-08-24 09:49:00-07:00,22.544218974545178,16.0,3.9,278.63871179311565,525.4068885987499,997.7052938094542,524.201234158927,511.32993789713123,False
2021-08-24 09:50:00-07:00,22.638838156868857,16.0,4.1,286.2254122793815,539.7016606542957,997.9132384522584,538.5754319815901,525.4576049851481,False
2021-08-24 09:51:00-07:00,22.732896926126653,16.0,2.7,300.23409596172564,566.6028788161666,993.1857014294415,562.7418776289752,549.257475634549,False
2021-08-24 09:52:00-07:00,22.82639259030738,16.1,3.4,300.4292356663217,566.8017812391964,994.7080650463013,563.802303081238,550.2818069109292,False
2021-08-24 09:53:00-07:00,22.91932245952745,16.2,2.9,303.8130098857535,573.2838533558706,992.663199885641,569.0777843150091,555.4874256870869,False
2021-08-24 09:54:00-07:00,23.011683846947875,16.2,3.8,316.9542323255319,598.0709086949206,994.2091396380325,594.6075635761132,580.5392649593027,False
2021-08-24 09:55:00-07:00,23.103474067969458,16.3,4.1,332.79860675765093,627.9358981674817,993.6362025395094,623.9398412933725,609.3326570828043,False
2021-08-24 09:56:00-07:00,23.19469044115644,16.3,5.4,348.3670821761623,657.2004576936391,996.077658439584,654.622693024903,639.3944239202517,False
2021-08-24 09:57:00-07:00,23.285330288300646,16.4,4.4,361.29199345663756,681.8546683759239,991.8867188841461,676.3225897712327,660.7177379465124,False
2021-08-24 09:58:00-07:00,23.375390934492355,16.4,5.1,375.792282859556,709.0787058798353,992.9293932071056,704.0650891653446,687.8831270633655,False
2021-08-24 09:59:00-07:00,23.464869768837776,16.4,4.8,390.2613892346409,736.5134371961292,990.8890567542963,729.8031050701372,713.1110239256936,False
2021-08-24 10:00:00-07:00,23.553764004078307,16.4,6.1,398.7323513031738,752.1291806276886,994.2273069337061,747.7873697217218,730.6658054475364,False
2021-08-24 10:01:00-07:00,23.642071037526325,16.3,5.5,414.3294119697236,781.8802873986243,991.5101386070571,775.2422321327356,757.5588401499681,False
2021-08-24 10:02:00-07:00,23.72978821074422,16.4,4.8,451.3072614964934,852.0247535863459,985.3068810958453,839.5058525726187,820.4497780683663,False
2021-08-24 10:03:00-07:00,23.816912869833175,16.5,5.3,510.50400699861956,963.9138854047975,980.4871544290556,945.1051826152046,923.5374908969558,False
2021-08-24 10:04:00-07:00,23.903442366334552,16.6,5.4,538.0381735877809,1015.7489608650976,977.5893403180453,992.9853565808509,970.217249758475,False
2021-08-24 10:05:00-07:00,23.989374056516038,16.8,4.5,504.2059584398944,952.1969848829268,976.696858374525,930.0078036888498,908.8852072569301,False
2021-08-24 10:06:00-07:00,24.074705302280044,16.8,4.5,444.913115198854,840.2467398478955,982.6958501834192,825.7069843786741,807.0103674757444,False
2021-08-24 10:07:00-07:00,24.159433471264077,16.8,5.2,453.3279335916308,855.9452460907174,984.355397731141,842.5543231517075,823.441046215999,False
2021-08-24 10:08:00-07:00,24.243555936949733,16.8,4.8,531.1294108794573,1003.0681113893071,974.8275798228102,977.8184594230752,955.4972562241368,False
2021-08-24 10:09:00-07:00,24.327070079553835,16.9,6.2,446.55178219213457,842.739811281992,987.9361053280805,832.5730869628528,813.6397427498104,False
2021-08-24 10:10:00-07:00,24.409973340748817,16.8,5.5,526.5836988641275,994.2107650990183,978.1396103088773,972.4769303388446,950.2400559434336,False
2021-08-24 10:11:00-07:00,24.492263002597497,16.9,4.6,702.6866550954392,1327.8172036345459,951.4806068656821,1263.3923187208907,1233.2054757154535,False
2021-08-24 10:12:00-07:00,24.573936521232326,17.0,5.0,949.8774464965031,1793.5060480041154,918.0219209056114,1646.4778673445699,1603.3938404766136,False
2021-08-24 10:13:00-07:00,24.65499130419779,17.3,4.3,751.3781480333571,1420.0037824057724,941.0588593715939,1336.3071397741253,1303.963408391686,False
2021-08-24 10:14:00-07:00,24.735424767128247,17.6,5.4,938.2093940662289,1771.9897044096606,919.2633659584466,1628.9252201193372,1586.4988569787565,False
2021-08-24 10:15:00-07:00,24.81523433312713,17.7,5.2,653.9858157493563,1235.5360166179303,957.1487930981586,1182.5918071351584,1154.8052385925125,False
2021-08-24 10:16:00-07:00,24.894417433651547,17.4,5.8,1106.0981517111356,2086.5117431337944,898.3694256089871,1874.4583562055134,1822.4150826297603,False
2021-08-24 10:17:00-07:00,24.972971508647905,17.3,6.1,1149.552073475823,2166.9240630005893,894.9202201532539,1939.2241595158712,1827.3,False
2021-08-24 10:18:00-07:00,25.050894006694616,17.2,6.8,1128.5461943996797,2126.9080690685637,903.7723830095574,1922.240774024352,1827.3,False
2021-08-24 10:19:00-07:00,25.128182385869138,17.1,7.0,1148.5436222320548,2163.868356589986,902.9211856702003,1953.8025821664583,1827.3,False
2021-08-24 10:20:00-07:00,25.20483411317094,17.2,8.3,1160.9279366208993,2185.991601947033,909.693842114969,1988.5830992062522,1827.3,False
2021-08-24 10:21:00-07:00,25.280846716151913,17.6,5.5,1127.7970922686393,2127.7152359288452,891.665410662437,1897.2100796172178,1827.3,False
2021-08-24 10:22:00-07:00,25.35621757960523,17.7,6.4,1082.1220351068987,2041.0130373186425,904.95167684996,1847.0181705941357,1795.9766189170978,False
2021-08-24 10:23:00-07:00,25.43094425155985,17.4,6.6,1073.8690836601645,2025.0448983300864,909.1366221763075,1841.0424786231788,1790.1354350882211,False
2021-08-24 10:24:00-07:00,25.50502423981375,17.5,5.0,596.6147751225958,1127.3072202313906,964.2013439856461,1086.9511368318297,1061.837447059625,False
2021-08-24 10:25:00-07:00,25.57845506258605,17.6,6.6,365.342659349933,689.4819241248797,991.3252867226337,683.5008661231695,667.7590745820366,False
2021-08-24 10:26:00-07:00,25.651234249377744,17.2,7.0,912.290325427169,1721.2977966416354,935.2397601070767,1609.8261384039627,1567.7263940642943,False
2021-08-24 10:27:00-07:00,25.72335934113222,16.9,7.2,341.9511626991425,644.8881720990101,997.8019589869805,643.4706814479252,628.4382577766324,False
2021-08-24 10:28:00-07:00,25.79482789040954,16.9,6.1,371.5355641085083,701.0651522070546,993.2939592398086,696.3637807208042,680.3351865311864,False
2021-08-24 10:29:00-07:00,25.865637462221134,16.7,5.3,402.09526700159677,758.747037781934,990.0617588688721,751.2064267629279,734.0684171715467,False
2021-08-24 10:30:00-07:00,25.935785633539275,16.7,6.3,957.9146140387957,1807.3377718572133,927.1516845321959,1675.6762596960807,1631.1808451199897,False
2021-08-24 10:31:00-07:00,26.005269994139592,17.0,6.4,1081.802964691497,2039.9331261751809,908.5372511353521,1853.3552349551442,1801.9293470386747,False
2021-08-24 10:32:00-07:00,26.0740881926995,17.4,6.2,717.9168536513023,1355.8428956459027,955.3018616747131,1295.2392423489646,1263.9429697855935,False
2021-08-24 10:33:00-07:00,26.14223775283725,17.7,4.8,797.6324146995954,1507.5232698659497,935.2325437350905,1409.8848224165738,1375.1655767882085,False
2021-08-24 10:34:00-07:00,26.209716350817654,17.9,4.8,1188.7347148375625,2242.340118962171,874.8706328029134,1961.7575188357944,1827.3,False
2021-08-24 10:35:00-07:00,26.276521630067542,17.8,6.5,914.7837788595709,1726.8532623711576,928.8057856672484,1603.9113010886938,1562.2096085498563,False
2021-08-24 10:36:00-07:00,26.342651248362703,17.5,5.1,687.3569196154144,1298.796919892044,953.170352838193,1237.9747183986576,1208.558329212439,False
2021-08-24 10:37:00-07:00,26.408102878020678,17.6,4.3,547.6035049641969,1034.9035812097225,966.5108374464943,1000.2455269513848,977.4733869957312,False
2021-08-24 10:38:00-07:00,26.472874206087575,17.5,5.2,433.43220590276513,818.5694006512064,982.5640976530316,804.2969045172355,786.0913954335151,False
2021-08-24 10:39:00-07:00,26.536962935140743,17.3,5.1,619.7841987938351,1170.7993706274506,962.9859794808242,1127.463378699208,1101.2053960820654,False
2021-08-24 10:40:00-07:00,26.600366782877696,17.2,4.4,630.8187512770071,1192.2910130212979,958.439841269634,1142.739209267344,1116.1191284524266,False
2021-08-24 10:41:00-07:00,26.66308348291365,17.4,5.2,966.7990522543853,1825.8973091142568,914.6357502429778,1670.0309551883524,1626.1019916129994,False
2021-08-24 10:42:00-07:00,26.72511078497969,17.7,4.2,1085.3731990845863,2049.8119584887972,886.9784740823138,1818.139083096073,1768.8772014196477,False
2021-08-24 10:43:00-07:00,26.786446455124892,18.0,4.2,960.5791204940226,1815.4395552482931,905.2292086670637,1643.3889119802984,1600.7683887924734,False
2021-08-24 10:44:00-07:00,26.847088316916512,18.2,4.2,1042.5112387136865,1969.700562394738,891.2858842480836,1755.5663074579415,1708.8077202558711,False
2021-08-24 10:45:00-07:00,26.90703408887932,18.0,4.4,1071.0580142664571,2023.0164951987201,889.3919661209443,1799.2546181598918,1750.7233667344353,False
2021-08-24 10:46:00-07:00,26.966281629263268,18.2,4.7,806.9148696630118,1525.3209864894543,930.7881100533159,1419.7506382391787,1384.7901032218476,False
2021-08-24 10:47:00-07:00,27.024828773112716,17.9,4.0,899.9693173812016,1701.5185022397152,913.5844316731332,1554.4808138499907,1515.0559389167097,False
2021-08-24 10:48:00-07:00,27.08267337337836,17.9,4.2,1040.496208558966,1965.649722053614,893.1578398213562,1755.635459594855,1708.820599229038,False
2021-08-24 10:49:00-07:00,27.139813301657775,17.9,5.6,1029.4589273812287,1942.9757777112222,905.9509403158722,1760.2407328284448,1712.8690265165724,False
2021-08-24 10:50:00-07:00,27.196246447868347,17.8,6.2,1019.3193242840896,1923.2241370599268,912.2549526806698,1754.4707441479256,1707.1597947497532,False
2021-08-24 10:51:00-07:00,27.25197072098906,17.7,4.8,1008.753695075017,1905.331045843621,903.8417756098195,1722.117795599813,1676.380433844744,False
2021-08-24 10:52:00-07:00,27.30698404927083,17.6,4.6,1000.5299719152362,1889.83048006605,904.1706456167574,1708.7292452675467,1663.5282975781233,False
2021-08-24 10:53:00-07:00,27.36128438044316,17.5,4.6,996.8913924274078,1882.7266702121335,905.3354957238373,1704.4992832889916,1659.4376822374463,False
2021-08-24 10:54:00-07:00,27.414869682437132,17.6,4.3,986.3807169585841,1863.6167400568443,904.0120692330988,1684.7320254362298,1640.503927594033,False
2021-08-24 10:55:00-07:00,27.467737978290447,17.8,4.7,982.5911506598516,1856.2903314999035,906.5963030313525,1682.9059518906563,1638.6804080866661,False
2021-08-24 10:56:00-07:00,27.519887205546787,18.2,4.1,977.7441259324354,1847.7790693949594,900.849974659417,1664.5717278406503,1621.2333926059232,False
2021-08-24 10:57:00-07:00,27.57131542916646,18.3,3.7,974.0973314788888,1841.2764667444453,897.8113264093868,1653.1188668942195,1610.3146580703994,False
2021-08-24 10:58:00-07:00,27.6220206994605,18.4,5.6,979.1641232993961,1848.9603265868177,910.779457485234,1683.995083160463,1639.6114309978032,False
2021-08-24 10:59:00-07:00,27.672001088454152,18.3,6.2,984.6625547049067,1858.8173266099047,914.5318369407535,1699.9476242418566,1654.816448809927,False
2021-08-24 11:00:00-07:00,27.721254689635796,18.4,4.8,989.5259715799093,1869.5097569032275,903.2944974742,1688.7178763850147,1644.34944576203,False
2021-08-24 11:01:00-07:00,27.76977961863121,18.7,5.1,989.0366094582482,1868.1602820830128,904.2272434107531,1689.2414221173776,1644.8263592503426,False
2021-08-24 11:02:00-07:00,27.817574013412628,18.3,6.3,979.2954365418015,1848.8635586389635,915.8539555058957,1693.289003370201,1648.391313926771,False
2021-08-24 11:03:00-07:00,27.864636034512955,18.1,5.4,974.6912551252144,1840.8020148985784,911.4288805069111,1677.7601196738779,1633.6089965938636,False
2021-08-24 11:04:00-07:00,27.91096386566525,18.3,4.9,971.8247878309484,1836.0749773909145,907.2205851884421,1665.725015438441,1622.1685636018542,False
2021-08-24 11:05:00-07:00,27.956555713585043,18.2,4.1,975.5380325858251,1843.6515787895214,901.1853070854506,1661.471714190011,1618.247078300537,False
2021-08-24 11:06:00-07:00,28.001409838431343,18.3,4.0,978.5225307795864,1849.4015480994387,899.4391992338789,1663.4242474844555,1620.1695037643549,False
2021-08-24 11:07:00-07:00,28.04552443420468,18.3,4.4,973.5233299966386,1839.6714639632044,903.2768244853496,1661.7325980649975,1618.4411691414891,False
2021-08-24 11:08:00-07:00,28.088897809414103,18.1,5.2,970.4978046455172,1832.9077680496014,910.7292155523039,1669.2826537755377,1625.4894976900994,False
2021-08-24 11:09:00-07:00,28.131528266885255,18.0,3.7,976.8417092948946,1846.3312195808244,898.8568756490154,1659.587511445656,1616.5001867636452,False
2021-08-24 11:10:00-07:00,28.173414133882808,18.3,3.0,990.119387875487,1872.2642970172906,889.3467829489125,1665.0922293824344,1622.0445413629823,False
2021-08-24 11:11:00-07:00,28.214553762711596,18.5,3.2,990.947386612384,1873.870085911064,889.8319974057308,1667.4295614250907,1624.2764437461592,False
2021-08-24 11:12:00-07:00,28.254945530918818,18.4,3.4,990.1192801287688,1872.0147676381955,892.1629701151503,1670.1422551955154,1626.8185993728423,False
2021-08-24 11:13:00-07:00,28.29458784149505,18.2,5.4,993.3030150396647,1875.5482060089284,908.3121230578149,1703.583172897246,1658.476341916808,False
2021-08-24 11:14:00-07:00,28.333479123436465,18.1,5.6,1002.5516646861159,1892.7701312838374,908.8338632081902,1720.2135905797631,1674.4145714107665,False
2021-08-24 11:15:00-07:00,28.371617831576753,18.0,4.8,1002.0693860449873,1892.9832434865843,903.3351236004096,1709.9982522284579,1664.7689591900923,False
2021-08-24 11:16:00-07:00,28.409002447141912,18.2,4.6,1008.4857049589815,1905.240734825066,899.865596791083,1714.4605908740396,1669.1464377484788,False
2021-08-24 11:17:00-07:00,28.44563150225607,18.2,3.3,1019.001359183296,1926.2487026308936,887.6276598405792,1709.791628187212,1665.00710530792,False
2021-08-24 11:18:00-07:00,28.481503482385136,18.3,2.7,1013.1655642475135,1915.8344175087589,882.9018458211841,1691.4937435062366,1647.5742510718362,False
2021-08-24 11:19:00-07:00,28.516616974295555,18.9,2.5,1018.899565794323,1927.569528558533,876.9093651778163,1690.303771624366,1646.5964329986978,False
2021-08-24 11:20:00-07:00,28.55097056690027,19.1,3.6,816.3749623731482,1544.6378401371817,917.5809767643198,1417.3302981002046,1382.7601601621795,False
2021-08-24 11:21:00-07:00,28.584562876971194,18.6,4.6,456.39562698729327,862.501662888467,972.6870526295925,838.9442003631052,820.0896702833872,False
2021-08-24 11:22:00-07:00,28.617392549058913,18.3,5.5,509.0181841552634,961.7892496595437,972.074450731916,934.9307565826626,913.7586834748975,False
2021-08-24 11:23:00-07:00,28.649458255793927,18.0,4.2,722.6961202123537,1366.29566832602,940.9320148726806,1285.5913361098178,1254.9135354755813,False
2021-08-24 11:24:00-07:00,28.68075869807555,18.1,3.5,1033.2377244822192,1952.502727730326,887.615236326795,1733.0711701030652,1687.3416270463936,False
2021-08-24 11:25:00-07:00,28.711292605523145,18.3,3.5,1018.783909261997,1925.840264042439,888.794683443838,1711.6765878429972,1666.7834745837229,False
2021-08-24 11:26:00-07:00,28.741058736363218,18.5,3.7,1013.4650351401183,1915.7550367471065,890.3232896704598,1705.6413265194362,1660.949427050526,False
2021-08-24 11:27:00-07:00,28.770055877881653,18.7,5.0,1025.0249022069472,1936.0430722273773,897.9546997944296,1738.47897571102,1692.2360978078646,False
2021-08-24 11:28:00-07:00,28.79828284659045,18.7,4.7,858.4131591291842,1622.643504435031,920.8316829735455,1494.1815490550016,1456.8041606396573,False
2021-08-24 11:29:00-07:00,28.82573850653629,18.6,4.5,303.3686225187792,573.0210894918309,983.9145141868505,563.8037668861746,550.4067314272731,False
2021-08-24 11:30:00-07:00,28.852421696591147,18.4,3.8,783.7132050667531,1482.4672032494898,927.3513710417452,1374.767993457836,1341.4351956438861,False
2021-08-24 11:31:00-07:00,28.87833134081694,18.7,4.7,505.7161429351569,955.9753307179714,967.2647873163589,924.6812749466044,903.8442999396374,False
2021-08-24 11:32:00-07:00,28.903466374711204,18.9,4.9,404.6572603977115,764.8572881658785,976.577321713947,746.9422819704259,730.0812945891751,False
2021-08-24 11:33:00-07:00,28.927825764015022,18.7,4.4,1048.9335106755589,1981.1908263685395,889.6812771227812,1762.6283846275007,1715.6229795788036,False
2021-08-24 11:34:00-07:00,28.95140850486655,18.9,5.0,1018.3428327149763,1923.3883057902544,898.0670213044773,1727.3316065929191,1681.5428242513497,False
2021-08-24 11:35:00-07:00,28.974213624157148,18.8,4.8,989.1456288265529,1868.968702926135,901.3624843248499,1684.6182731948934,1640.4672483255,False
2021-08-24 11:36:00-07:00,28.996240179445746,18.5,4.6,968.8682554319823,1830.586278534804,904.6101537066554,1655.9669347986633,1612.8676562182509,False
2021-08-24 11:37:00-07:00,29.017487259321253,18.5,4.2,973.5768685616142,1840.1508866007593,900.695444850106,1657.4155213981878,1614.3644089974114,False
2021-08-24 11:38:00-07:00,29.037953983514022,18.7,4.9,984.6670827260895,1860.4280886868153,903.2745082069407,1680.4772668629616,1636.4397483341966,False
2021-08-24 11:39:00-07:00,29.05763950303382,18.7,6.6,997.6009699174778,1883.3047184663149,913.1939893485468,1719.8225490151956,1673.9177605489706,False
2021-08-24 11:40:00-07:00,29.07654301288287,18.7,3.7,998.6335798723361,1887.6468191345448,891.861922749126,1683.520321584607,1639.6731580100786,False
2021-08-24 11:41:00-07:00,29.0946637018118,19.0,5.1,1002.5408014953413,1894.0581648555312,900.5177686721331,1705.6330323509383,1660.6589365365846,False
2021-08-24 11:42:00-07:00,29.112000828669863,18.8,4.0,498.35348899551593,942.4526707062038,964.5993302786492,909.0892149825285,888.681402160823,False
2021-08-24 11:43:00-07:00,29.12855367128526,18.9,2.6,268.2771632023873,506.84332775266574,979.2395599806465,496.32103724764704,484.1070862173599,False
2021-08-24 11:44:00-07:00,29.14432153950713,18.8,2.9,328.7876836117703,621.4043998668907,977.0879436390229,607.1667472341812,593.0719780282743,False
2021-08-24 11:45:00-07:00,29.159303775450667,18.6,2.3,297.8489543284742,562.8371083496595,978.4688424668,550.7185739042523,537.6103431406552,False
2021-08-24 11:46:00-07:00,29.173499753445864,18.6,1.3,708.9472332722355,1342.965492139962,921.103885373422,1237.0107327325486,1208.2809958627718,False
2021-08-24 11:47:00-07:00,29.18690888028801,18.7,1.4,1053.0198834642028,1992.4892673608742,861.4200128433763,1716.3701302802936,1672.0510518223389,False
2021-08-24 11:48:00-07:00,29.199530595301603,19.0,3.2,1116.360654940705,2109.6273260434427,866.429146676824,1827.8426039099297,1778.7772734736716,False
2021-08-24 11:49:00-07:00,29.21136437043693,19.1,4.4,1126.3062711387397,2127.033652652042,875.1564921569978,1861.4873101548471,1810.7161483961575,False
2021-08-24 11:50:00-07:00,29.222409710450236,18.8,3.3,1122.9649696340389,2121.6449685906846,867.3185942360741,1840.1421316261121,1790.5259983446697,False
2021-08-24 11:51:00-07:00,29.23266615949407,18.8,1.0,1124.1477789251726,2126.036535411183,843.6616492945515,1793.6554899254727,1746.6952224132117,False
2021-08-24 11:52:00-07:00,29.242133274290882,19.2,2.9,1121.4052151867656,2119.695426950933,861.6308438893033,1826.3949595120293,1777.5337712279068,False
2021-08-24 11:53:00-07:00,29.250810665482966,19.6,5.1,1120.5720469226533,2115.5343172788535,879.598377383436,1860.8205527774544,1809.9437305806728,False
2021-08-24 11:54:00-07:00,29.25869796963925,19.2,4.4,1109.2591092967368,2094.734444687554,877.5515920526674,1838.2375468631233,1788.396652601806,False
2021-08-24 11:55:00-07:00,29.26579485652848,19.2,3.4,1110.2511409871606,2097.8971960282493,868.3881697951833,1821.7891064774183,1772.9225058906436,False
2021-08-24 11:56:00-07:00,29.27210102909587,19.1,2.2,1109.5733141749317,2097.807923203524,857.4463172798183,1798.7576781112857,1751.1822248695998,False
2021-08-24 11:57:00-07:00,29.27761622358032,19.2,2.6,1117.8379804127776,2113.1825444401634,859.3782643862394,1816.023147372285,1767.6669583155374,False
2021-08-24 11:58:00-07:00,29.28234020954852,19.3,1.8,1137.4183208661127,2151.0281147096807,847.1226199022228,1822.1845720162041,1773.9320977174716,False
2021-08-24 11:59:00-07:00,29.286272789937613,19.5,1.2,1143.3887845978174,2162.904621931838,838.5102262709414,1813.6176439385308,1765.9790469854047,False
2021-08-24 12:00:00-07:00,29.289413801110893,19.8,1.3,1147.0424916821212,2169.375152496851,837.5999809130785,1817.0685863246692,1769.3128154312935,False
2021-08-24 12:01:00-07:00,29.291763112857808,20.3,2.6,1152.5697794100877,2179.06452901321,847.7228474629832,1847.2427873406627,1797.9120576543662,False
2021-08-24 12:02:00-07:00,29.293320629223988,20.5,4.5,1124.0456910314297,2122.9571903120213,869.5745370848363,1846.069516016501,1796.131763619483,False
2021-08-24 12:03:00-07:00,29.2940862848735,19.9,3.8,662.7483808180168,1254.4504653581973,937.050621526786,1175.483588238465,1148.3053221658754,False
2021-08-24 12:04:00-07:00,29.29406005136685,19.7,2.5,606.4956248311705,1148.4120882832538,938.8444520171718,1078.1803177141874,1053.7760269789533,False
2021-08-24 12:05:00-07:00,29.29324193246553,19.8,3.7,374.1717913205913,707.6460828037466,970.6305165246338,686.8628828684343,671.3216063012699,False
2021-08-24 12:06:00-07:00,29.29163196543029,19.6,2.8,370.8699646524694,701.5086127114008,969.0146313213165,679.7721097152664,664.3927077510923,False
2021-08-24 12:07:00-07:00,29.28923022103088,19.5,2.0,562.399936893225,1065.0377138410925,943.3262931763753,1004.678078690759,982.1860359774013,False
2021-08-24 12:08:00-07:00,29.28603680350745,19.5,2.8,800.9229801715326,1516.4383414270856,912.2869599735501,1383.4269244878483,1350.1406923471764,False
2021-08-24 12:09:00-07:00,29.282051850588775,19.4,4.1,1127.1330636616756,2128.835707176413,870.9760605729834,1854.1649378436132,1803.8367283835137,False
2021-08-24 12:10:00-07:00,29.27727553341382,19.3,3.5,1128.3908723003856,2131.8240695584554,865.7913146280796,1845.714763738798,1795.9059187199607,False
2021-08-24 12:11:00-07:00,29.271708056546288,19.3,2.6,1113.7572389091456,2105.8764310602514,859.4662169154414,1809.9296494947457,1761.827161487285,False
2021-08-24 12:12:00-07:00,29.265349657914864,19.6,2.5,1114.7569950073196,2107.7496603294826,856.9097840044105,1806.1513061683067,1758.2825122157842,False
2021-08-24 12:13:00-07:00,29.258200608775073,20.1,4.3,1112.1024676650745,2101.014097185836,871.5765418670157,1831.194601239081,1781.83331516618,False
2021-08-24 12:14:00-07:00,29.25026120807037,20.2,5.0,1104.4894580502516,2086.4826605839985,877.9928800564892,1831.9169203540712,1782.3335480636242,False
2021-08-24 12:15:00-07:00,29.241531804156093,19.9,4.8,1087.2466043336592,2053.975594715497,880.6339204491359,1808.8005804811537,1760.1224903466143,False
2021-08-24 12:16:00-07:00,29.232012762865153,19.6,4.3,1084.0678522977848,2048.5790809415817,878.391375770743,1799.4541972834404,1751.2364140525528,False
2021-08-24 12:17:00-07:00,29.221704488154646,19.7,3.2,1077.0018940573868,2036.4761496048939,869.4087677474413,1770.5302197750448,1723.7798241911046,False
2021-08-24 12:18:00-07:00,29.210607416988406,20.1,2.2,1013.8014252155463,1918.7177101744517,869.0829820261963,1667.5249092248876,1624.9306255899353,False
2021-08-24 12:19:00-07:00,29.198722019260842,20.3,3.6,1066.2264481032767,2015.6682328941006,871.9635500130685,1757.5892280029084,1711.2990206117797,False
2021-08-24 12:20:00-07:00,29.186048797626718,20.0,4.5,1000.2058751201406,1890.9390886007998,891.2363480136521,1685.2736476408404,1641.3736576125727,False
2021-08-24 12:21:00-07:00,29.17258828754702,19.7,3.7,559.7582992858695,1059.5070654510432,951.0477388588243,1007.641798902163,984.9386412934819,False
2021-08-24 12:22:00-07:00,29.158341057084815,19.9,2.5,507.3572659085672,960.4786994460103,951.2540722407869,913.6592741485521,893.3513993102121,False
2021-08-24 12:23:00-07:00,29.143307706822853,19.8,2.6,240.02222290293307,453.6273283038257,975.0978072296788,442.33101312851807,430.9923772984391,False
2021-08-24 12:24:00-07:00,29.127488869787598,19.5,2.3,305.67176902259644,577.9104242531898,973.1915379935742,562.4175346014808,549.1673014895479,False
2021-08-24 12:25:00-07:00,29.110885199810042,19.5,2.6,893.3574182498355,1691.550084129807,895.6869626914312,1515.0993570946619,1477.5773146042252,False
2021-08-24 12:26:00-07:00,29.093497416635266,19.8,2.7,987.0002738312398,1867.537658202501,879.703178940632,1642.8788147120838,1600.960025020157,False
2021-08-24 12:27:00-07:00,29.075326238868506,19.9,2.3,1041.3611450543601,1970.431785568455,866.1994972064183,1706.7870219389408,1662.718349010575,False
2021-08-24 12:28:00-07:00,29.056372427888792,20.0,2.0,707.5205134949335,1340.565563352919,918.8981789840758,1231.8432549737593,1203.3181343792646,False
2021-08-24 12:29:00-07:00,29.03663677685463,20.1,4.2,1072.8792226577891,2027.654123881495,876.9545729675608,1778.16055633441,1730.8758784437157,False
2021-08-24 12:30:00-07:00,29.016120110428048,20.0,4.2,882.8949640304788,1670.1521238223033,907.070115094652,1514.945079181074,1477.1477061987614,False
2021-08-24 12:31:00-07:00,28.994823284824694,19.7,3.5,239.78935181837633,453.0027555502758,977.765812713059,442.93060744187056,431.55640376218236,False
2021-08-24 12:32:00-07:00,28.972747187513217,19.6,2.8,224.1911479084447,423.54668268826765,976.8414785586017,413.7379677557983,402.7976260718701,False
2021-08-24 12:33:00-07:00,28.949892737090646,19.5,1.7,230.83413331412575,436.22260388467504,974.8501322061388,425.25166306828163,414.1655130188109,False
2021-08-24 12:34:00-07:00,28.92626088314681,19.6,2.5,248.18702371445661,469.11171314839805,975.6469420489829,457.68740841259415,446.1130540877832,False
2021-08-24 12:35:00-07:00,28.901852605921707,19.4,2.2,327.5555703985559,619.4020512879249,971.8123434575025,601.9425590045024,588.0062353533438,False
2021-08-24 12:36:00-07:00,28.87666889923824,19.4,1.1,502.47449487773247,951.6605217665237,947.5415271552974,901.7378641280591,881.7794773476054,False
2021-08-24 12:37:00-07:00,28.850710838211587,19.5,1.6,669.593819088808,1268.7830321685644,924.7327884162077,1173.2852712324072,1146.4134748459417,False
2021-08-24 12:38:00-07:00,28.823979477768763,19.8,1.9,548.981217421633,1039.8473396577826,943.0436089834973,980.6213879827638,958.7618355788293,False
2021-08-24 12:39:00-07:00,28.79647591954537,20.1,2.1,984.1038854832866,1862.7677971643466,873.3847140700603,1626.9129199052988,1585.7787404121916,False
2021-08-24 12:40:00-07:00,28.768201294844914,20.5,2.9,1016.1154171940838,1922.5763788600996,872.9994859905744,1678.4081905224868,1635.2793379690345,False
2021-08-24 12:41:00-07:00,28.73915676473962,20.8,2.4,1004.8761913248431,1902.6671106667764,868.6614003383062,1652.773476729441,1610.7662298031164,False
2021-08-24 12:42:00-07:00,28.709343519665346,20.8,2.2,991.799564292204,1877.7043888449334,869.3466271751325,1632.3759772742865,1591.1389486220178,False
2021-08-24 12:43:00-07:00,28.678762779241342,20.8,1.9,988.8715481179685,1872.6400186621493,867.0368571549745,1623.647916363463,1582.8067210884603,False
2021-08-24 12:44:00-07:00,28.647415792124107,21.0,1.7,991.8026691784787,1878.3803801229283,863.6833603908549,1622.325878796822,1581.6237564257576,False
2021-08-24 12:45:00-07:00,28.61530383554131,21.3,3.5,1000.7484541865439,1893.944122113348,876.4380657065121,1659.9247229412408,1617.4290380646044,False
2021-08-24 12:46:00-07:00,28.58242821541841,20.9,4.3,993.1048552552371,1878.3058593681478,886.2356955019847,1664.6216996425835,1621.6767596498926,False
2021-08-24 12:47:00-07:00,28.548790243092764,20.5,4.2,991.1600567760597,1874.2831181816894,887.8887375249204,1664.1548715666113,1621.1836008218722,False
2021-08-24 12:48:00-07:00,28.514391325886443,20.2,3.5,984.1649193627676,1861.767238119742,884.8445275415481,1647.3745522063962,1605.143226752451,False
2021-08-24 12:49:00-07:00,28.47923283157265,20.1,1.9,977.6874377597164,1851.07455687257,872.5881912895849,1615.2257995236057,1574.5599215347106,False
2021-08-24 12:50:00-07:00,28.443316177606164,20.3,3.2,983.2063618772581,1860.661955898745,881.846243257409,1640.817755781291,1598.921776844176,False
2021-08-24 12:51:00-07:00,28.406642808945083,20.3,2.3,961.6372502654004,1820.7986205326322,877.8067319363386,1598.3092866039435,1558.1499199314512,False
2021-08-24 12:52:00-07:00,28.369214197548654,20.2,3.1,795.4174839925956,1506.062170725461,911.7383809967263,1373.134685217647,1340.2085369198426,False
2021-08-24 12:53:00-07:00,28.33103184219204,20.3,3.1,926.9738902171893,1754.9148397884217,890.1439730021278,1562.126867769658,1523.0103292114507,False
2021-08-24 12:54:00-07:00,28.29209726826325,20.3,2.2,968.8998502935267,1834.454457989889,875.7440932040395,1606.512655836463,1566.0958245561478,False
2021-08-24 12:55:00-07:00,28.252412027220252,20.4,1.2,970.5579145855515,1838.853006728792,865.6198942722867,1591.7477452668534,1552.1522277119864,False
2021-08-24 12:56:00-07:00,28.21197769676513,20.5,0.5,980.8435053573364,1858.9160548992454,856.3495757446055,1591.8819749578047,1552.5217535933305,False
2021-08-24 12:57:00-07:00,28.170795880270227,20.9,2.2,983.1808663231781,1861.6302374752222,870.2794012616106,1620.1384484404466,1579.3458008504788,False
2021-08-24 12:58:00-07:00,28.128868206591896,20.8,2.2,986.1151238816624,1867.1175965269692,870.2724186082344,1624.900946555519,1583.9262734634485,False
2021-08-24 12:59:00-07:00,28.08619630100691,20.8,1.6,991.9083336662887,1878.5788380070012,863.7277345090407,1622.5806438484135,1581.8676295267376,False
2021-08-24 13:00:00-07:00,28.042781899559976,21.0,2.8,998.1006619632544,1889.1955548138526,872.5540988185737,1648.4253248226566,1606.4824859029395,False
2021-08-24 13:01:00-07:00,27.99862667758917,21.5,2.2,980.8454060867825,1857.90708839831,867.4830107156533,1611.7028346737195,1571.3051200458651,False
2021-08-24 13:02:00-07:00,27.953732363077656,21.6,1.9,618.899643791791,1173.3665809630168,923.6092443451197,1083.7322211830685,1059.4515822683509,False
2021-08-24 13:03:00-07:00,27.908100708086955,21.3,2.9,600.8689990114991,1138.5027055069381,933.3682402326559,1062.6422667391287,1038.7665043580369,False
2021-08-24 13:04:00-07:00,27.86173348854014,21.1,1.7,997.9732174192432,1890.330309459749,861.9595584722931,1629.3882789087183,1588.4619185914426,False
2021-08-24 13:05:00-07:00,27.81463250358995,21.2,1.1,998.2272148624788,1891.5813443754705,855.5458737987385,1618.3346141351044,1577.9989882502678,False
2021-08-24 13:06:00-07:00,27.7667995758574,21.5,2.0,991.0737253252662,1877.2889684845773,863.9330834216513,1621.852047016332,1581.161406735327,False
2021-08-24 13:07:00-07:00,27.71823655077753,21.6,3.0,956.3365836729108,1810.5913761305005,878.194262260598,1590.0509578163255,1550.193611730777,False
2021-08-24 13:08:00-07:00,27.668945296381594,21.1,3.7,933.0106526225981,1765.9084737803166,889.959889785746,1571.5877106972453,1532.1219667380446,False
2021-08-24 13:09:00-07:00,27.618927703115546,20.9,4.2,947.8506774686896,1793.3853253614534,892.4104194813195,1600.4357504974573,1559.8155526437474,False
2021-08-24 13:10:00-07:00,27.568185648866265,20.8,3.3,942.275769731518,1783.9147976588042,886.7019303536539,1581.8006946705095,1542.0346833305346,False
2021-08-24 13:11:00-07:00,27.51672113583586,20.8,1.8,927.2336202167636,1756.64295640946,876.8220923601441,1540.2633525686522,1502.2917810432402,False
2021-08-24 13:12:00-07:00,27.464536085681225,20.8,2.2,948.4550994640033,1796.134283368887,876.7421357210378,1574.746607642614,1535.5011038171237,False
2021-08-24 13:13:00-07:00,27.411632474944213,20.7,1.4,959.7686395662353,1818.029172436085,868.1394736100783,1578.3028887664289,1539.1454681723233,False
2021-08-24 13:14:00-07:00,27.35801230104385,20.9,1.6,963.1538884033038,1824.6674321628013,868.2172758523528,1584.2077872888951,1544.827735364046,False
2021-08-24 13:15:00-07:00,27.303677581576476,21.1,2.9,962.2848653031529,1821.782898592631,878.8334921434245,1601.043826697332,1560.7540666387115,False
2021-08-24 13:16:00-07:00,27.248630354589803,21.2,1.8,965.8035054378055,1829.6144836071908,868.0731229401997,1588.2391585615146,1548.7117872392346,False
2021-08-24 13:17:00-07:00,27.19287267790231,21.4,1.8,962.3449600079322,1823.0788965802149,867.7238579577556,1581.9290535019522,1542.6469419599812,False
2021-08-24 13:18:00-07:00,27.136406628859795,21.3,1.1,964.586464680742,1828.2184780047514,861.1650006675627,1574.3977668314124,1535.5647170651737,False
2021-08-24 13:19:00-07:00,27.07923430414888,21.4,1.7,962.8186674850621,1823.9931278944973,866.7647929708444,1580.9730258797167,1541.7513249030733,False
2021-08-24 13:20:00-07:00,27.021357819047864,21.4,2.6,953.7813940320028,1806.2941871515936,876.1571755836432,1582.597613287893,1543.0732018746792,False
2021-08-24 13:21:00-07:00,26.962779268243498,21.2,1.8,952.2692738206986,1804.1031108859145,870.4340120224338,1570.3527089105803,1531.4324907883342,False
2021-08-24 13:22:00-07:00,26.903500882665053,21.2,2.0,958.602269531975,1815.9496240615474,871.0784882788882,1581.8346533181484,1542.469659309129,False
2021-08-24 13:23:00-07:00,26.843524793623875,21.3,1.1,956.0577597176039,1811.7479510151327,862.8923518954489,1563.3434504932084,1524.8753445781933,False
2021-08-24 13:24:00-07:00,26.782853189221736,21.2,1.3,958.4412842863144,1816.5521065824541,864.593959295638,1570.5799780969558,1531.8007159906333,False
2021-08-24 13:25:00-07:00,26.7214882745759,21.2,1.2,960.5186977522869,1820.3792528044012,863.3674138342523,1571.6561276912644,1532.868348814374,False
2021-08-24 13:26:00-07:00,26.65943227215784,21.5,2.4,959.7194538934998,1817.755615640516,872.9231249576353,1586.7609124142095,1547.1636629067518,False
2021-08-24 13:27:00-07:00,26.596687421025823,21.4,2.3,961.9187634331518,1822.0112467365861,872.1518587088302,1589.0704954297069,1549.4064095398487,False
2021-08-24 13:28:00-07:00,26.53325597663641,21.4,2.1,961.476204145406,1821.4015874398463,870.4493605159142,1585.4378470296856,1545.954120967246,False
2021-08-24 13:29:00-07:00,26.46914021063563,21.5,1.1,957.8950070907979,1815.6161069612888,861.4055547912756,1563.981799904965,1525.5280200818902,False
2021-08-24 13:30:00-07:00,26.404342410064096,21.7,2.1,955.1488016615094,1809.6572188014911,870.0067974636079,1574.4140814363848,1535.3536787531668,False
2021-08-24 13:31:00-07:00,26.3388648777694,22.0,2.1,957.7729644238706,1814.6581054137328,868.0885303967113,1575.283887901088,1536.2402915040304,False
2021-08-24 13:32:00-07:00,26.27270988700534,22.3,3.1,958.049718800192,1814.4346324545836,875.0368378568182,1587.6971432809573,1548.0100930718154,False
2021-08-24 13:33:00-07:00,26.205879859165517,21.8,2.4,957.2866182436748,1813.1935155618098,871.8826813449514,1580.8920241453095,1541.5415941488131,False
2021-08-24 13:34:00-07:00,26.138377097400852,21.8,3.2,956.6874218054786,1811.3907820162747,878.6618936138201,1591.6000546010384,1551.6721598123127,False
2021-08-24 13:35:00-07:00,26.070203962800484,21.5,2.6,953.997734270724,1806.9367062409442,875.5272745697287,1582.0223697351364,1542.5357599533868,False
2021-08-24 13:36:00-07:00,26.001362830704284,21.6,2.0,955.0282282424932,1809.322467240575,869.7202273877531,1573.6043476262435,1534.581444453438,False
2021-08-24 13:37:00-07:00,25.931856089896158,21.7,0.7,959.0171101394888,1818.3663171403832,856.2545439357601,1556.9844215911867,1518.919022754754,False
2021-08-24 13:38:00-07:00,25.861686142383256,21.8,0.8,964.2294310119062,1828.3282395964466,855.6853822109904,1564.4737485062326,1526.1476507206892,False
2021-08-24 13:39:00-07:00,25.790855403267223,22.1,1.2,966.7226978909861,1832.5524868594282,857.692260174872,1571.7660843435453,1533.119556392992,False
2021-08-24 13:40:00-07:00,25.71936629987602,22.1,1.1,965.8934001546143,1830.8271467186007,857.0064733784882,1569.0307163749083,1530.5028529547237,False
2021-08-24 13:41:00-07:00,25.64722127224744,22.1,2.9,968.3788547182953,1834.01100371431,872.6698400846637,1600.4860893248804,1560.3780382170028,False
2021-08-24 13:42:00-07:00,25.57442277231643,21.8,3.7,966.4482914243173,1828.9560101352315,881.284439425562,1611.8304721260404,1571.0659111507537,False
2021-08-24 13:43:00-07:00,25.500973263711593,21.7,3.0,964.3406563312035,1825.6237355150222,876.421271842642,1600.015476186191,1559.827537113113,False
2021-08-24 13:44:00-07:00,25.426875171708964,21.7,3.3,961.9198910894929,1821.2688645004437,879.0520122236786,1600.9900601394495,1560.6966472740455,False
2021-08-24 13:45:00-07:00,25.352131081414086,21.5,3.1,958.1650270060536,1814.0832453202638,879.1309231960461,1594.816678212883,1554.7550881249178,False
2021-08-24 13:46:00-07:00,25.276743440722296,21.4,2.2,956.3904702838645,1811.814986279504,872.1570401502123,1580.1871957333299,1540.8560720444339,False
2021-08-24 13:47:00-07:00,25.200714756937064,21.7,2.4,959.2989644632408,1816.6982281026574,872.1604981793139,1584.4524316634904,1544.9614915728018,False
2021-08-24 13:48:00-07:00,25.124047547711044,21.9,2.1,965.8081346279477,1830.072800489549,867.0607801644869,1586.7843501502757,1547.337680735375,False
2021-08-24 13:49:00-07:00,25.04674434075037,21.9,0.8,968.446297807971,1835.8098338969971,854.6468213253177,1568.9690390978278,1530.5037857278373,False
2021-08-24 13:50:00-07:00,24.968807672938976,22.0,1.1,967.4763411329866,1833.6166612475295,857.2926084753841,1571.9460104648192,1533.3030614465597,False
2021-08-24 13:51:00-07:00,24.89024009090915,22.0,1.3,968.1440454328337,1834.9674613388163,858.9475481554828,1576.1408018620668,1537.299975365269,False
2021-08-24 13:52:00-07:00,24.81104415018858,22.2,1.6,970.6153905915455,1839.7095335013041,860.1849755868195,1582.4905001616585,1543.3817106652884,False
2021-08-24 13:53:00-07:00,24.731222415041458,22.1,1.3,972.6799873940965,1843.4546852560918,857.6812587445143,1581.0965348889172,1542.1041559454325,False
2021-08-24 13:54:00-07:00,24.650777458186663,22.0,0.8,973.8451744155228,1846.1677651738103,853.0869081476554,1574.9415507139927,1536.2956118537747,False
2021-08-24 13:55:00-07:00,24.569711806084943,22.2,1.3,973.7318531219923,1845.7529707558333,856.8640340440634,1581.5593363706575,1542.5707977906686,False
2021-08-24 13:56:00-07:00,24.488028155937055,22.4,2.3,969.064141121373,1835.9171897930014,865.9198875780085,1589.7572065880893,1550.228611103763,False
2021-08-24 13:57:00-07:00,24.405729050117145,22.2,1.8,967.927538897324,1833.986397509423,862.7173216381709,1582.2118327801675,1543.048163071163,False
2021-08-24 13:58:00-07:00,24.32281709233112,22.2,2.5,966.6864375137967,1831.0223067067238,869.1385343197622,1591.412043957872,1551.7379539481065,False
2021-08-24 13:59:00-07:00,24.239294893334396,22.4,4.5,964.0077467445112,1824.0115766189344,884.7623405089137,1613.8167516447222,1572.884949172156,False
2021-08-24 14:00:00-07:00,24.155165070811158,22.0,4.6,960.6132335589884,1817.6415330975897,887.8833200803142,1613.85359912256,1572.8384602937563,False
2021-08-24 14:01:00-07:00,24.07043024848992,21.8,4.3,958.3270165980833,1813.4313136679925,887.0397105808271,1608.5855876342655,1567.7943016426927,False
2021-08-24 14:02:00-07:00,23.98509305679956,21.7,3.1,959.9623357079663,1817.4550593192826,877.8847367466972,1595.5160562994613,1555.460369103167,False
2021-08-24 14:03:00-07:00,23.899156131977367,21.9,2.6,964.9201269705793,1827.7459425570548,871.6696493855185,1593.190664914512,1553.384031979494,False
2021-08-24 14:04:00-07:00,23.81262211597134,22.3,1.6,963.8113077369486,1826.8102579331344,860.9381014065368,1572.7705550949386,1534.00367682785,False
2021-08-24 14:05:00-07:00,23.725493656331995,22.6,1.6,959.9904863946044,1819.4878147119884,860.2226399077205,1565.1646112514761,1526.6973445330848,False
2021-08-24 14:06:00-07:00,23.637773346282017,22.6,1.5,958.9133256829045,1817.8380897677926,859.3550891274208,1562.168413651622,1523.833704839553,False
2021-08-24 14:07:00-07:00,23.54946396112445,22.7,2.9,959.8020637119828,1817.990388222501,871.13780647576,1583.720158990165,1544.2830398580343,False
2021-08-24 14:08:00-07:00,23.460568104400945,22.6,1.8,962.2946151554489,1823.9621238058862,861.4955054227355,1571.335171720078,1532.6072147826496,False
2021-08-24 14:09:00-07:00,23.371088442704707,22.6,2.3,963.4143496202828,1825.473778770618,865.8233702517474,1580.5378594413694,1541.3566366470236,False
2021-08-24 14:10:00-07:00,23.28102764695198,22.6,3.0,964.9415151743415,1827.7215088512964,871.5400932385688,1592.9325742383965,1553.1390220590624,False
2021-08-24 14:11:00-07:00,23.190388391489257,22.4,1.7,966.760863870232,1831.815076904927,861.0744122496837,1577.3290906960194,1538.3894985822963,False
2021-08-24 14:12:00-07:00,23.09917335485654,22.4,1.7,966.810320459876,1831.8963320584025,861.0713256071829,1577.3934030204648,1538.4514997286963,False
2021-08-24 14:13:00-07:00,23.00738521884075,22.6,1.3,967.3373995740114,1833.7216109691533,856.0723825522596,1569.7984284399304,1531.266100330037,False
2021-08-24 14:14:00-07:00,22.91502666845159,22.7,2.1,969.9157411327958,1837.7956264241727,862.514822856021,1585.1259691708158,1545.8587493817947,False
2021-08-24 14:15:00-07:00,22.82210039182418,22.6,2.8,972.3332607003356,1841.7665377488586,868.6648565157597,1599.8778652491396,1559.8971243416736,False
2021-08-24 14:16:00-07:00,22.728609079316563,22.4,1.2,973.6465311645047,1845.3270487800778,855.1265983593594,1577.9882420838237,1539.1770537780537,False
2021-08-24 14:17:00-07:00,22.634555361041276,22.6,0.7,974.9586762958362,1848.4200094015232,848.9668492006407,1569.2473113810297,1530.9170640400052,False
2021-08-24 14:18:00-07:00,22.539942058627965,22.9,1.8,972.6220519305366,1843.5992134875796,858.1685198906471,1582.1188083101972,1543.0758370313683,False
2021-08-24 14:19:00-07:00,22.44477180671882,23.1,2.4,972.0995422709962,1841.6250861700967,862.8761783534819,1589.0944163143547,1549.6694394359924,False
2021-08-24 14:20:00-07:00,22.349047304858814,22.8,1.8,973.263153015686,1844.8454592811586,858.5204245856867,1583.8375069970366,1544.7214496688946,False
2021-08-24 14:21:00-07:00,22.252771253658256,22.8,0.4,972.6754583825832,1844.6260233191892,845.304573947687,1559.2708147346434,1521.3998735225125,False
2021-08-24 14:22:00-07:00,22.155946355671528,22.9,0.8,973.3825724754286,1845.6369542661107,848.6715411602186,1566.339558399272,1528.1237973894963,False
2021-08-24 14:23:00-07:00,22.058575314446372,23.0,1.7,977.5268831943445,1853.1111956328996,855.8240776885353,1585.9371798568254,1546.8124921485398,False
2021-08-24 14:24:00-07:00,21.96066083451364,23.1,3.0,976.2626118341376,1849.1695147372325,867.2178795377273,1603.6328654762308,1563.5479600678043,False
2021-08-24 14:25:00-07:00,21.862205621352242,22.8,3.0,974.8840174250731,1846.2208461451105,869.0521518526803,1604.4621991376846,1564.298017142491,False
2021-08-24 14:26:00-07:00,21.763212380451943,22.7,1.8,971.5808197065743,1841.5086128248288,859.3734278851645,1582.543569083327,1543.4537227155738,False
2021-08-24 14:27:00-07:00,21.663683818215265,22.8,1.1,971.801390766055,1842.3874270947124,852.3641660680184,1570.3850228697868,1531.9259272484132,False
2021-08-24 14:28:00-07:00,21.563622641029806,22.8,1.6,975.3757338151835,1848.8443866208502,856.3786140561562,1583.310793419868,1544.2696049375093,False
2021-08-24 14:29:00-07:00,21.463031487618437,22.9,1.3,975.9229720731004,1850.45993946184,852.8299869611658,1578.1277260434008,1539.370420265451,False
2021-08-24 14:30:00-07:00,21.361913199208196,23.1,0.5,977.6226514705762,1854.2242997290475,843.7749158052959,1564.5479523880108,1526.5228911829704,False
2021-08-24 14:31:00-07:00,21.260270413862557,23.5,1.4,979.0328093847673,1855.9800223124405,850.4445345151108,1578.4080661448488,1539.7017276832166,False
2021-08-24 14:32:00-07:00,21.158105836894244,23.6,2.5,979.0798417708902,1855.2530404278032,859.899039634168,1595.3303077422381,1555.748776071464,False
2021-08-24 14:33:00-07:00,21.055422172639492,23.7,2.2,978.2697427402163,1853.952122413068,856.921986119254,1588.6923349082128,1549.4364813522118,False
2021-08-24 14:34:00-07:00,20.9522221244737,23.7,2.4,978.2689638893994,1854.1604491020237,858.5168300039419,1591.8279510817547,1552.4135579667068,False
2021-08-24 14:35:00-07:00,20.848508394833882,23.4,1.5,979.7372106073761,1857.2295156110788,851.7413273896509,1581.8791328938187,1543.0107291547606,False
2021-08-24 14:36:00-07:00,20.7442836842568,23.3,2.4,976.6238124544664,1850.691351932036,860.8931858483062,1593.2475739866793,1553.718359207461,False
2021-08-24 14:37:00-07:00,20.639550692372726,23.0,2.7,976.6468870558749,1850.278831067702,865.0285423869531,1600.5440002479295,1560.6328525197875,False
2021-08-24 14:38:00-07:00,20.534312116967392,23.0,1.0,980.2026974923143,1858.1354885642568,848.9818590179848,1577.523321388574,1538.8873354357756,False
2021-08-24 14:39:00-07:00,20.42857065400674,23.2,0.6,982.6165406485966,1863.3477925997904,843.4598285704495,1571.659009713345,1533.3810153728873,False
2021-08-24 14:40:00-07:00,20.32232892626456,23.5,1.7,980.7909256243832,1859.4954950610927,852.7329177166847,1585.6530189844766,1546.6187741300307,False
2021-08-24 14:41:00-07:00,20.215589767677344,23.5,2.0,977.3810615082758,1852.1870775357286,856.3634530951734,1586.1453214967544,1546.998939724325,False
2021-08-24 14:42:00-07:00,20.108355796911464,23.5,1.6,975.1383379261218,1848.323844758782,853.0792065479435,1576.7666389304663,1538.0533467410773,False
2021-08-24 14:43:00-07:00,20.000629701051412,23.5,3.5,971.5651226118275,1840.1936100461598,870.0314984626469,1601.0264040098482,1560.9666622446525,False
2021-08-24 14:44:00-07:00,19.89241416460061,23.1,2.2,970.2150525823039,1838.6255243516875,861.2610950686015,1583.5366325242162,1544.361092578803,False
2021-08-24 14:45:00-07:00,19.7837118694896,23.0,1.4,964.5662541817983,1828.7587182430436,855.4143852954703,1564.3465148196053,1526.0320103982167,False
2021-08-24 14:46:00-07:00,19.674525494157407,23.5,3.3,964.7250091274213,1827.0736675095413,869.7072668161486,1589.01924564148,1549.4203291972217,False
2021-08-24 14:47:00-07:00,19.564857714615492,23.5,3.0,964.1721853804743,1826.4860816586126,867.2392018764147,1584.000331695995,1544.6532722156826,False
2021-08-24 14:48:00-07:00,19.45471120347419,23.4,3.6,962.3296396028743,1822.9430234055903,872.676647553045,1590.8398063458028,1551.0955888765009,False
2021-08-24 14:49:00-07:00,19.344088630050667,23.4,3.0,966.1938219274414,1830.768197199593,867.1639916920382,1587.5762577464352,1548.0972476450195,False
2021-08-24 14:50:00-07:00,19.23299266041213,23.4,2.6,965.6684166805975,1829.8816940178756,863.9895532039297,1580.9986672305547,1541.8474687254006,False
2021-08-24 14:51:00-07:00,19.12142588144511,23.2,1.0,963.256446887764,1826.7502821663375,850.8441597488076,1554.2798089007142,1516.4506047546138,False
2021-08-24 14:52:00-07:00,19.00939110156342,23.2,2.3,968.7004458052631,1835.5118506831668,862.000662386695,1582.2124311075181,1543.0672081573387,False
2021-08-24 14:53:00-07:00,18.89689090085141,23.1,1.6,968.6129405663346,1835.9225923882404,856.2082313212044,1571.932035671376,1533.3173790278154,False
2021-08-24 14:54:00-07:00,18.78392793007559,23.2,1.9,966.3408145250389,1831.8088500276372,858.6614013569596,1572.9035541828116,1534.1900891694595,False
2021-08-24 14:55:00-07:00,18.67050483616685,23.1,2.0,965.2802517313836,1829.8332975457715,860.1724438247076,1573.9721793417696,1535.1803728147747,False
2021-08-24 14:56:00-07:00,18.556624261197793,23.0,2.0,966.1649903628776,1830.7178042468247,860.8689997300871,1576.0082049300256,1537.1229649730694,False
2021-08-24 14:57:00-07:00,18.442288843587963,23.1,1.5,966.5457311464195,1832.172789812522,855.6195795819135,1567.6429121408119,1529.2017140185715,False
2021-08-24 14:58:00-07:00,18.327501217115127,23.3,3.2,964.7880224096715,1827.2493626983537,869.8562227288336,1589.4442286204583,1549.8254974518247,False
2021-08-24 14:59:00-07:00,18.21226401103228,23.1,2.6,962.6540239632022,1824.2434135038532,865.9169977627705,1579.643379809765,1540.4931141350223,False
2021-08-24 15:00:00-07:00,18.096579850169206,23.0,2.9,961.9307710574647,1822.1799533074638,869.2598158978764,1583.9478107448467,1544.5505982682466,False
2021-08-24 15:01:00-07:00,17.980451353973287,23.0,2.2,961.4321308190786,1821.8920663576505,863.3290859761394,1572.8924123957304,1534.0597494051465,False
2021-08-24 15:02:00-07:00,17.86388105936848,23.0,1.6,964.214209286444,1827.6571767563987,857.4537909389765,1567.131574746601,1528.6623893796416,False
2021-08-24 15:03:00-07:00,17.746871732796777,23.1,1.5,964.4089078653948,1828.6632981836096,855.7555245438889,1564.8887199512728,1526.5455537617381,False
2021-08-24 15:04:00-07:00,17.62942590129093,23.4,2.2,964.9134889186126,1828.567310910833,860.754620546225,1573.9477618462854,1535.1419324276392,False
2021-08-24 15:05:00-07:00,17.511546164989547,23.5,3.0,968.5771465521921,1835.2755085753913,866.2841976965326,1589.8701714983288,1550.327907597583,False
2021-08-24 15:06:00-07:00,17.39323511818094,23.4,1.6,968.1934791030616,1835.4154570136498,854.7037973608244,1568.7365608443195,1530.2784272461693,False
2021-08-24 15:07:00-07:00,17.27449535046765,23.6,2.2,968.8660456257346,1836.212824225571,859.0233844376367,1577.3497548140413,1538.462098780642,False
2021-08-24 15:08:00-07:00,17.1553294458519,23.8,2.6,970.4373251335633,1838.9749822345398,861.2150002121078,1583.75283971518,1544.5704234247191,False
2021-08-24 15:09:00-07:00,17.035739982864225,23.8,2.6,970.3994712748572,1838.9126790834905,861.2171258339808,1583.7030921399491,1544.522476859675,False
2021-08-24 15:10:00-07:00,16.915729534693966,23.8,3.1,972.860155207746,1843.3195118894782,864.9436502040425,1594.367507106019,1554.691121641529,False
2021-08-24 15:11:00-07:00,16.795300668217113,23.8,1.8,975.5305493337102,1849.09786851372,853.313840471952,1577.8608035899426,1539.1009477267671,False
2021-08-24 15:12:00-07:00,16.674455945268154,23.9,2.2,977.8717678448922,1853.6787097448637,855.8064688437792,1586.3902309576445,1547.249112755401,False
2021-08-24 15:13:00-07:00,16.553197921664093,24.0,1.9,975.7117238529424,1849.3572904203156,853.2289377466694,1577.9251564193848,1539.165098738061,False
2021-08-24 15:14:00-07:00,16.431529065657557,24.0,2.0,978.7379209798023,1855.448232248793,853.3935868691364,1583.4276221687956,1544.4590908490136,False
2021-08-24 15:15:00-07:00,16.30945208466004,23.9,2.2,978.3638566316986,1854.4862808058112,855.7774141684564,1587.0274739988754,1547.863349350775,False
2021-08-24 15:16:00-07:00,16.18696943482389,23.8,1.5,972.7070588923286,1844.1493710741518,850.9820044662341,1569.3379283318263,1530.9527985281711,False
2021-08-24 15:17:00-07:00,16.06408364834186,23.8,1.0,970.4603320333152,1840.5995934295547,846.5145790081684,1558.0943899546253,1520.23568438022,False
2021-08-24 15:18:00-07:00,15.940797251065948,24.0,1.6,964.6684287122514,1828.9294640119142,852.3564844737655,1558.899888295683,1520.8632674060605,False
2021-08-24 15:19:00-07:00,15.817112762663195,24.1,1.9,964.1519414176083,1827.7074829521225,854.6912209143545,1562.1255400786515,1523.9111494814017,False
2021-08-24 15:20:00-07:00,15.693032696791978,24.0,1.3,964.1902250580472,1828.2914898018653,849.6466572035532,1553.4017527038593,1515.6349449031711,False
2021-08-24 15:21:00-07:00,15.568559560109406,24.1,2.3,962.6036425938687,1824.5214342523993,858.4677480845758,1566.292806994698,1527.8286840480712,False
2021-08-24 15:22:00-07:00,15.443695853636525,24.2,2.9,963.8207184918332,1826.2742879745738,862.9228662886399,1575.933843208264,1536.9986372265178,False
2021-08-24 15:23:00-07:00,15.318444071735325,24.2,2.0,961.9269218371413,1823.438595457711,855.4844887102682,1559.9234345297095,1521.7697542621138,False
2021-08-24 15:24:00-07:00,15.192806702332831,24.2,1.3,962.3875509066352,1824.9406069209265,848.9807483794128,1549.339442211708,1511.7375230030234,False
2021-08-24 15:25:00-07:00,15.066786142458678,24.2,2.1,961.3923673888987,1822.4286138575021,856.4257305275371,1560.774756957198,1522.5658657035665,False
2021-08-24 15:26:00-07:00,14.9403850355247,24.0,2.0,959.3521544614043,1819.1167145651234,856.6424324722356,1558.3325673159688,1520.2078618772628,False
2021-08-24 15:27:00-07:00,14.813605765683919,23.9,2.3,961.5923563553515,1822.478238243558,859.6676764668182,1566.7256324821797,1528.214903130716,False
2021-08-24 15:28:00-07:00,14.686450794591813,23.8,1.7,962.6107495542234,1825.0604055269553,854.5542703425003,1559.6131631760752,1521.4945223084517,False
2021-08-24 15:29:00-07:00,14.558922577252718,23.8,1.5,962.8860612209885,1826.0361303369134,852.5354054491015,1556.7604527414887,1518.7976485916922,False
2021-08-24 15:30:00-07:00,14.431023562195374,23.9,1.1,962.8828703360807,1826.3662190751877,848.2999135591562,1549.3063057688444,1511.722794405914,False
2021-08-24 15:31:00-07:00,14.302756190483523,24.0,0.3,958.8918606359907,1819.7502490403715,840.6088700866081,1529.6982006856504,1493.0160967987526,False
2021-08-24 15:32:00-07:00,14.174122897126827,24.2,1.3,954.1969649453914,1809.798783649269,850.3011873983404,1538.8740546890456,1501.6187422830033,False
2021-08-24 15:33:00-07:00,14.04512611010529,24.1,3.3,942.4873210519758,1785.9968211956673,870.008317637163,1553.8320897137637,1515.5338875146826,False
2021-08-24 15:34:00-07:00,13.915768250555036,23.9,3.2,937.8752384794345,1777.2230837777406,870.9943319964665,1547.9512326636934,1509.8443256342946,False
2021-08-24 15:35:00-07:00,13.786051732976002,23.8,2.9,939.6779503176235,1780.7364570101797,868.8285999564376,1547.1547628355415,1509.1316922648896,False
2021-08-24 15:36:00-07:00,13.655978876946676,23.9,3.5,937.7902236851071,1776.712400017286,873.423073632392,1551.8216053838817,1513.5110468602063,False
2021-08-24 15:37:00-07:00,13.525552257617266,24.0,2.9,941.7484086844298,1785.0069513003725,867.349340599001,1548.2246021750113,1510.1996211687078,False
2021-08-24 15:38:00-07:00,13.394774181425397,23.8,3.5,945.2567993514851,1790.940545244233,872.6416810327668,1562.8493680316674,1524.151268499138,False
2021-08-24 15:39:00-07:00,13.263647034944904,23.7,4.5,945.6508132793637,1790.7892666511157,880.6689280785846,1577.0924638762726,1537.6584353867308,False
2021-08-24 15:40:00-07:00,13.132173198040684,23.4,3.4,946.6981070861489,1793.3066839634675,873.7554545420686,1566.9114967798296,1528.0343034879133,False
2021-08-24 15:41:00-07:00,13.000355042836778,23.4,2.8,948.7903850185115,1798.2047124174426,868.3331777939752,1561.4408122575394,1522.9044692642437,False
2021-08-24 15:42:00-07:00,12.868194935183121,23.4,3.3,945.0534827976335,1790.3002125646524,873.220097524697,1563.3261262141918,1524.5956323545963,False
2021-08-24 15:43:00-07:00,12.735695233670812,23.4,2.1,943.0588496323951,1787.7884745551175,863.4509706044892,1543.667693590135,1505.9076436792616,False
2021-08-24 15:44:00-07:00,12.60285828986321,23.5,1.5,946.2992543972086,1794.1512556857467,857.1959966198094,1537.9392737042265,1500.5448470492902,False
2021-08-24 15:45:00-07:00,12.469686448510888,23.7,1.4,947.4231513062605,1796.4939945657675,855.0526614334387,1536.096971302649,1498.823054798865,False
2021-08-24 15:46:00-07:00,12.336182046586398,23.8,2.0,941.2707607449221,1784.5255206264994,860.9472841280952,1536.38240044066,1498.9504581920526,False
2021-08-24 15:47:00-07:00,12.202347324883597,23.9,1.6,940.1047504418041,1783.058669154765,856.9343389469452,1527.9642019557584,1490.9372196862328,False
2021-08-24 15:48:00-07:00,12.068184786231411,24.1,1.0,938.8310737221892,1780.9346703363876,850.7975607518173,1515.2148733805404,1478.7978711653395,False
2021-08-24 15:49:00-07:00,11.933696657258558,24.3,0.4,936.2776236142156,1776.8543306434613,844.443005307693,1500.4522109625536,1464.7158696932397,False
2021-08-24 15:50:00-07:00,11.798885247407341,24.4,1.1,936.8337010217338,1777.425016580046,850.4767259062079,1511.6586086447846,1475.3763959683695,False
2021-08-24 15:51:00-07:00,11.66375285830164,24.4,1.9,934.1321527388699,1771.7566865547947,858.1101337083976,1520.3623671982825,1483.579847851933,False
2021-08-24 15:52:00-07:00,11.528301785231763,24.3,2.0,932.8878437491059,1769.0052590481314,859.8305329343261,1521.0447346509807,1484.194999534347,False
2021-08-24 15:53:00-07:00,11.392534316174743,24.3,0.7,934.8921110753237,1774.1953399507204,847.4973440003482,1503.6258383460304,1467.7023424508016,False
2021-08-24 15:54:00-07:00,11.256452732032798,24.4,0.8,935.8903747340322,1776.0083910117992,847.7774185836452,1505.6598091148762,1469.6573409148755,False
2021-08-24 15:55:00-07:00,11.12005930690016,24.5,0.3,933.6303446724328,1772.1977268662808,842.867042781615,1493.7270572680825,1458.266147065675,False
2021-08-24 15:56:00-07:00,10.983356307038516,24.6,0.5,928.971002349802,1763.147424268464,845.2348440191769,1490.2736381343686,1454.8763092738577,False
2021-08-24 15:57:00-07:00,10.846345992443785,24.7,0.5,932.4420261827365,1770.1443653508124,843.8982648805751,1493.8217585076775,1458.3323528761803,False
2021-08-24 15:58:00-07:00,10.709030615785329,24.9,0.4,935.2397132241041,1775.1846229430228,841.5951356180998,1493.986743492899,1458.5477525238393,False
2021-08-24 15:59:00-07:00,10.571412330328197,24.9,0.3,936.7440784307403,1778.4768185080277,840.1594936370378,1494.2041832829148,1458.7926026736536,False
2021-08-24 16:00:00-07:00,10.433493559526239,24.9,0.4,938.4398144855605,1781.6437538078883,840.8025949480317,1498.0106914746248,1462.449574406097,False
2021-08-24 16:01:00-07:00,10.295276442291469,25.1,0.4,939.328780464757,1782.7112653775728,839.9564680629298,1497.3998580425425,1461.8809372632088,False
2021-08-24 16:02:00-07:00,10.156763203495192,25.2,0.5,939.3043595825368,1782.8556889929005,840.3252474521279,1498.178648024393,1462.6233019875635,False
2021-08-24 16:03:00-07:00,10.01795606077285,25.2,0.3,936.5403937831296,1778.296133621193,838.6487770882732,1491.3658777622181,1456.0906842403147,False
2021-08-24 16:04:00-07:00,9.87885722478818,25.2,0.8,934.4195099273966,1773.5329005635156,844.0332588023971,1496.920753655892,1461.318985857929,False
2021-08-24 16:05:00-07:00,9.73946889951661,25.1,1.2,931.8426084543071,1768.2154647536001,848.7685200320103,1500.8056231166265,1464.9507810636433,False
2021-08-24 16:06:00-07:00,9.599793281213971,25.1,0.4,932.4384863848977,1770.1902841759818,841.0078301475509,1488.743889843119,1453.50307174584,False
2021-08-24 16:07:00-07:00,9.45983256001932,25.1,2.2,930.6510799800775,1765.1945612475654,857.7915557684676,1514.1689889265865,1477.6164944991044,False
2021-08-24 16:08:00-07:00,9.319588918908341,24.8,2.4,924.8890898130634,1754.1408004334712,861.8990324841293,1511.8922587345453,1475.3198811312507,False
2021-08-24 16:09:00-07:00,9.179064533984487,24.7,3.1,922.6073258431298,1748.9814492053476,868.5802597249176,1519.1307614048435,1482.133027061891,False
2021-08-24 16:10:00-07:00,9.038261480000633,24.4,2.9,917.1018368896996,1738.3487705966043,869.5292363028228,1511.5450789248162,1474.7969710396965,False
2021-08-24 16:11:00-07:00,8.897182108235505,24.3,3.2,912.3744974664181,1729.1132073225199,873.1713799621443,1509.8121653485741,1473.0365857358279,False
2021-08-24 16:12:00-07:00,8.755828479993342,24.2,2.1,911.1430211869142,1727.9736018655808,864.817639340374,1494.3820512078746,1458.3624218886043,False
2021-08-24 16:13:00-07:00,8.61420274414396,24.2,2.1,911.5024472103632,1728.5717337619783,864.7970744910222,1494.8637784052328,1458.8275491053373,False
2021-08-24 16:14:00-07:00,8.472307042805038,24.2,1.8,910.1041125209763,1726.526241363747,862.3118006541745,1488.8039520670566,1453.042913915103,False
2021-08-24 16:15:00-07:00,8.330143511640822,24.2,1.6,905.3936869360375,1717.3848483931956,861.6034366174661,1479.7046873703432,1444.2814809419333,False
2021-08-24 16:16:00-07:00,8.187714278838746,24.2,2.0,902.4363793794214,1711.7636770578195,865.3762056910712,1481.319555892092,1445.7482978100295,False
2021-08-24 16:17:00-07:00,8.04502146671766,24.1,2.2,897.5869553455201,1702.1152017615825,868.5033976157956,1478.29283586343,1442.7526154028176,False
2021-08-24 16:18:00-07:00,7.90206719069345,24.1,1.8,896.9693682886273,1701.1113469574018,865.3505705868942,1472.0576747214277,1436.8124499194587,False
2021-08-24 16:19:00-07:00,7.7588535596084895,24.2,2.0,899.188587369204,1705.2057357308474,866.141126130024,1476.9488162292923,1441.5128943189982,False
2021-08-24 16:20:00-07:00,7.615382675979825,24.2,1.3,900.642538598144,1708.5811280393739,859.8468873782394,1469.118164777857,1434.107968613854,False
2021-08-24 16:21:00-07:00,7.471656538558666,24.3,1.0,904.0860381288428,1715.7675366599392,855.8563808681492,1468.450594336835,1433.5594602542253,False
2021-08-24 16:22:00-07:00,7.3276774295993965,24.5,0.7,904.6942879363814,1717.3177199473932,851.9587612783365,1463.0838774077188,1428.4725287740193,False
2021-08-24 16:23:00-07:00,7.183447335594312,24.6,1.5,902.085831184191,1711.5968557114634,859.1897467136561,1470.5864689346226,1435.5408108974716,False
2021-08-24 16:24:00-07:00,7.038968332897844,24.4,2.9,897.4100049060255,1701.3236809487378,872.6499455626102,1484.6600175642957,1448.7946321863585,False
2021-08-24 16:25:00-07:00,6.894242491755173,24.2,3.6,893.3415758770518,1692.8781211479582,879.6889018539903,1489.2060953652938,1453.0084203774304,False
2021-08-24 16:26:00-07:00,6.749271875232043,24.1,2.8,884.3656419993424,1676.7665570859594,875.4249213225148,1467.8832313132002,1432.5424985785562,False
2021-08-24 16:27:00-07:00,6.604058540932093,24.1,2.6,880.3024630483848,1669.4586386981377,874.4145307134097,1459.79889210268,1424.7653832480926,False
2021-08-24 16:28:00-07:00,6.458604539871896,24.1,3.1,878.5333306145658,1665.206067482011,878.8198441479989,1463.416136698843,1428.1508571132847,False
2021-08-24 16:29:00-07:00,6.312911916879426,24.0,2.6,877.0602098350091,1663.0667254725988,875.5641825842414,1456.1216580714668,1421.1890640952652,False
2021-08-24 16:30:00-07:00,6.166982710846305,24.0,1.5,877.0958035615356,1664.2977701308987,866.4512455002175,1442.0328758131518,1407.8042802178727,False
2021-08-24 16:31:00-07:00,6.020818953690665,24.0,1.2,881.1201126127613,1671.991275909372,863.2548397492108,1443.3545609472233,1409.1559083628704,False
2021-08-24 16:32:00-07:00,5.874422573838161,24.1,1.8,881.095320304071,1671.6418771660346,867.7910009403182,1450.635777799666,1416.0784546376021,False
2021-08-24 16:33:00-07:00,5.727795787908925,24.1,1.7,876.5522308549912,1663.0795830134616,867.7606674246132,1443.155048936009,1408.8568989456362,False
2021-08-24 16:34:00-07:00,5.580940512123735,24.1,0.8,873.7509155899525,1658.357958398351,860.5732117433911,1427.1384344790818,1393.5576256977577,False
2021-08-24 16:35:00-07:00,5.433858755068647,24.3,1.4,873.2887325222134,1657.1606543655846,864.8250148381856,1433.1539875009742,1399.2683861333996,False
2021-08-24 16:36:00-07:00,5.2865525186008755,24.4,1.0,869.5977811582038,1650.80830518134,861.3834671188763,1421.978981465739,1388.5545869857829,False
2021-08-24 16:37:00-07:00,5.139023799501193,24.5,1.2,869.3355388257196,1649.6637375355992,862.9336850567353,1423.5504081360614,1390.0365335772449,False
2021-08-24 16:38:00-07:00,4.991274588470042,24.5,1.3,864.0814514516791,1640.0372895856701,864.4999805431229,1417.812204936808,1384.4566465975995,False
2021-08-24 16:39:00-07:00,4.843306870383865,24.6,1.1,859.8494692586179,1632.2373475497236,863.0265026445232,1408.6640895416115,1375.6517132760575,False
2021-08-24 16:40:00-07:00,4.695122624413417,24.7,1.0,855.6650124432541,1624.1143328405594,862.572228722302,1400.9159197781164,1368.174295050803,False
2021-08-24 16:41:00-07:00,4.546723824310021,24.8,0.6,852.0160807026375,1617.8109142604922,859.1058047214436,1389.8707473828945,1357.576999186098,False
2021-08-24 16:42:00-07:00,4.398112437344191,24.9,0.7,848.882661098568,1612.2578045745151,859.8175319449766,1386.247526388286,1354.0578409836696,False
2021-08-24 16:43:00-07:00,4.249290426035089,25.0,1.0,843.9072802146126,1602.149188082962,863.0392789093693,1382.7176799883507,1350.5718203018657,False
2021-08-24 16:44:00-07:00,4.100259647088282,25.0,1.4,840.6120891385707,1595.9013224360097,866.7868523095293,1383.306283870924,1351.0558621651378,False
2021-08-24 16:45:00-07:00,3.9510222515890363,25.0,1.9,842.1010404976524,1598.1593509220727,870.6625628516804,1391.4575163191896,1358.847305384394,False
2021-08-24 16:46:00-07:00,3.801580085729845,24.9,2.1,840.6236904160589,1594.9750222701873,873.0909720272693,1392.5582925530932,1359.8558248588743,False
2021-08-24 16:47:00-07:00,3.651935089351816,24.9,2.2,837.539037270615,1589.588983495725,874.0856118194581,1389.4368591803313,1356.8161813464055,False
2021-08-24 16:48:00-07:00,3.5020891978023108,24.8,1.8,833.2600111073733,1581.5909589638966,872.2661841545774,1379.568310668817,1347.3178381143825,False
2021-08-24 16:49:00-07:00,3.3520443408666893,24.8,1.9,826.5299273242945,1568.7459698761875,874.1895748439761,1371.3813724442653,1339.3587964363496,False
2021-08-24 16:50:00-07:00,3.2018024431080523,24.8,1.4,820.4206808028468,1557.2684924389716,871.4269631519863,1357.0457531783647,1325.5566683358613,False
2021-08-24 16:51:00-07:00,3.051365424208616,24.8,0.7,816.1502276565309,1550.0474264126017,866.23335179188,1342.7027776177654,1311.7956272544325,False
2021-08-24 16:52:00-07:00,2.900735197891931,24.9,0.7,816.1954484868605,1549.9754151668562,865.8303980355264,1342.0158306591993,1311.1397924017988,False
2021-08-24 16:53:00-07:00,2.7499136736528533,24.9,0.9,811.7820261477001,1541.3316980271434,868.3430573988385,1338.404679130633,1307.5899215921795,False
2021-08-24 16:54:00-07:00,2.5989027557214897,24.9,1.2,808.0467659308031,1534.0486835369777,871.4183718983361,1336.798206220579,1305.967660469523,False
2021-08-24 16:55:00-07:00,2.447704241917637,25.0,0.5,808.4817986386154,1535.658341056571,864.9481846414081,1328.2648943263177,1297.8507253590635,False
2021-08-24 16:56:00-07:00,2.296320229679717,25.1,0.5,807.6167000548278,1534.0471819497552,864.6030978253847,1326.3419457240598,1295.996864143111,False
2021-08-24 16:57:00-07:00,2.1447525066816704,25.2,0.6,805.7749009787652,1530.6361163853633,865.199768784185,1324.3060139893391,1294.0129905798574,False
2021-08-24 16:58:00-07:00,1.9930029579643556,25.2,0.5,802.807111933378,1525.367761790076,864.7283312085236,1319.0287191320133,1288.9142567242986,False
2021-08-24 16:59:00-07:00,1.841073463602315,25.3,0.5,797.9069819995607,1515.6705855200175,865.3469910053568,1311.5809805350746,1281.6896402966042,False
2021-08-24 17:00:00-07:00,1.688965898987408,25.4,0.9,795.4361420031762,1510.6358631911783,868.6145265628215,1312.1602551146248,1282.1798848894782,False
2021-08-24 17:01:00-07:00,1.53668213520529,25.4,1.0,796.0534793750871,1511.90892877376,869.2121315527244,1314.1695826930359,1284.1124390974583,False
2021-08-24 17:02:00-07:00,1.3842240379397013,25.4,0.9,794.7869902879688,1509.533619786149,868.6535496445055,1311.2617371349575,1281.309039785783,False
2021-08-24 17:03:00-07:00,1.2315934692587363,25.5,0.8,794.0613910901016,1508.5509092962757,867.3029874857777,1308.3707104070463,1278.5387864104425,False
2021-08-24 17:04:00-07:00,1.078792286511534,25.5,0.6,788.8597764773126,1498.644288638286,866.6907372345519,1298.8611233722668,1269.3423331570168,False
2021-08-24 17:05:00-07:00,0.92582234268799,25.6,0.3,777.3721383641148,1477.3035623508429,865.6370615671776,1278.8087147561075,1249.9384421014474,False
2021-08-24 17:06:00-07:00,0.7726853840142507,25.6,0.3,762.6239823278746,1449.2620292267352,868.2878766938671,1258.376650130327,1230.080295350866,False
2021-08-24 17:07:00-07:00,0.6193834597507004,25.6,1.0,751.8207849620053,1428.1782116846516,875.7145949060242,1250.6765040990347,1222.4614231793962,False
2021-08-24 17:08:00-07:00,0.4659183078159481,25.5,1.2,739.347178889212,1404.2525153024378,879.864140841701,1235.5514329013772,1207.711226924937,False
2021-08-24 17:09:00-07:00,0.3122917643575193,25.4,1.6,735.1304189633829,1396.3243732707654,883.7247898973692,1233.9664633972827,1206.0952566846522,False
2021-08-24 17:10:00-07:00,0.15850566146309875,25.1,1.6,735.2162523138877,1396.2670303910468,885.2962862301328,1236.1100165907699,1208.1415336405098,False
2021-08-24 17:11:00-07:00,0.004561827482799936,25.0,2.0,731.7265123309533,1389.1960423445464,889.2586528558783,1235.3546011680291,1207.3279176819403,False
2021-08-24 17:12:00-07:00,0.1495379139296073,24.9,2.4,720.685093044973,1367.9335784632474,894.2007952154414,1223.20729366374,1195.4485161649254,False
2021-08-24 17:13:00-07:00,6.526946563757302,24.7,2.0,701.7655636762595,1331.9793979547849,895.6618020462532,1193.0030678606659,1166.1196540715607,False
2021-08-24 17:14:00-07:00,10.784857012881515,24.7,2.6,684.9142323886604,1300.0637718321948,901.7843995533093,1172.3772278627061,1145.9810513837974,False
2021-08-24 17:15:00-07:00,13.797419433263538,24.5,2.1,654.3126086285099,1241.7691671036796,904.5999161955023,1123.3042844961471,1098.2675990656242,False
2021-08-24 17:16:00-07:00,16.271744142584016,24.3,2.5,578.4020488825151,1097.6170552196375,918.634857776326,1008.3092874145615,986.1470011215637,False
2021-08-24 17:17:00-07:00,18.42600155829401,24.2,2.0,502.653829640821,953.8344976445446,926.7657636311524,883.981156587283,864.7726414908424,False
2021-08-24 17:18:00-07:00,20.362073785804224,24.2,2.1,588.9823995110767,1117.681730670084,915.6450385250284,1023.3997313381296,1000.8935867074994,False
2021-08-24 17:19:00-07:00,22.13732168662808,24.3,2.3,580.6075015245038,1101.800864078119,917.3403848163125,1010.7264286443673,988.5233937396437,False
2021-08-24 17:20:00-07:00,23.787816174552177,24.2,2.7,543.1353839919616,1030.5132023625988,924.884529211854,953.1057180137323,932.2482845135283,False
2021-08-24 17:21:00-07:00,25.337983461750316,24.1,3.1,563.2160425729461,1068.323802163417,924.8627130346542,988.0528500683549,966.3089899961757,False
2021-08-24 17:22:00-07:00,26.805269075402272,24.0,2.7,564.0607870125968,1070.0408453859864,923.2740991801345,987.9409976096962,966.226960425946,False
2021-08-24 17:23:00-07:00,28.202644664858795,24.0,2.0,557.0297087986147,1057.049047767716,920.5399604616542,973.0558886381225,951.7681734234367,False
2021-08-24 17:24:00-07:00,29.540064448192393,24.1,1.9,553.7232905763021,1051.0287125940122,919.7958107034126,966.7318067729735,945.6165089380607,False
2021-08-24 17:25:00-07:00,30.825363706236416,24.1,1.9,547.7522510652325,1039.3290968601605,920.9342630543837,957.15377588789,936.2602829948736,False
2021-08-24 17:26:00-07:00,32.06484020717328,24.1,1.5,534.5738935809005,1014.5269507934293,920.5914786145171,933.9648657252005,913.6518827391984,False
2021-08-24 17:27:00-07:00,33.26364543176067,24.2,1.1,450.4284649578585,854.8489255113292,929.2112754446948,794.3352603869091,777.1200774626478,False
2021-08-24 17:28:00-07:00,34.42605648364817,24.2,0.9,153.27518847763346,290.10467777756236,945.6871732775088,274.3482726820455,265.43680758684945,False
2021-08-24 17:29:00-07:00,35.555671121659124,24.1,1.2,97.6835066580422,184.68311567769817,937.081357642433,173.0631047728919,165.20904167089435,False
2021-08-24 17:30:00-07:00,36.65554686071089,24.1,1.1,59.99340949144915,113.3101781547096,921.0700604538599,104.36661264299602,97.15883357387871,False
2021-08-24 17:31:00-07:00,37.72831161300066,24.1,1.1,55.626638063884755,105.05926841787378,918.125177688016,96.45755948393334,89.32305509742004,False
2021-08-24 17:32:00-07:00,38.776241293896305,24.0,1.8,61.10589919152217,115.42102768928544,922.6394024793896,106.49198802079938,99.25934913611283,False
2021-08-24 17:33:00-07:00,39.80132285565918,23.9,1.6,253.65362144780545,480.54326389682365,950.3450493671919,456.6819118510984,445.37998840870284,False
2021-08-24 17:34:00-07:00,40.8053030690134,23.9,1.9,311.45921959074076,590.3470694950828,947.983582540209,559.6393298820623,546.7246371077104,False
2021-08-24 17:35:00-07:00,41.78972720347056,23.7,1.9,51.90084371545919,97.97809513538826,918.2247928059734,89.96591610521583,82.87491787932431,False
2021-08-24 17:36:00-07:00,42.75597005479744,23.6,2.5,44.38240079523162,83.76881665863131,912.5904765452154,76.44662431412912,69.47807015509686,False
2021-08-24 17:37:00-07:00,43.70526109960453,23.6,2.2,42.59965795654504,80.39568230330087,910.7880753252523,73.22342874948383,66.28597026662203,False
2021-08-24 17:38:00-07:00,44.63870505637036,23.5,2.3,40.96874639268801,77.28508393558901,910.0294056643409,70.33169900062278,63.416812393458414,False
2021-08-24 17:39:00-07:00,45.55729886576317,23.4,2.5,58.76445473909719,110.96351864038824,924.8717158471214,102.62701988136992,95.4078993636458,False
2021-08-24 17:40:00-07:00,46.46194640470257,23.4,2.7,266.41289596586205,504.56047721057536,955.268178775466,481.9905681470263,470.2548525769519,False
2021-08-24 17:41:00-07:00,47.35346788825477,23.5,2.8,369.5351189096025,700.4374108071694,948.3198037218622,664.2386679361042,649.4269428219332,False
2021-08-24 17:42:00-07:00,48.232613481362435,23.5,2.7,366.7300902881422,695.024748642374,948.3707538089145,659.1411447858196,644.4264093411541,False
2021-08-24 17:43:00-07:00,49.100069307409825,23.5,2.4,360.4953489833608,683.4056656464278,947.6765454445764,647.6475203570579,633.1595841884832,False
2021-08-24 17:44:00-07:00,49.9564652780334,23.5,2.3,349.94919550170687,663.1649259729892,948.5654255084136,629.055320187824,614.9032460547229,False
2021-08-24 17:45:00-07:00,50.802381275894106,23.5,2.5,338.3121092049367,641.093266344645,950.0573094301658,609.0753437171901,595.2700521337418,False
2021-08-24 17:46:00-07:00,51.63835248271313,23.4,2.5,284.1275119338916,538.2042647173552,954.0167564142655,513.4558869139759,501.23772868409975,False
2021-08-24 17:47:00-07:00,52.46487399856402,23.4,2.5,67.3565216516882,127.18413369010848,930.1891139464757,118.30529662525211,110.93893361106984,False
2021-08-24 17:48:00-07:00,53.28240484250826,23.4,2.3,55.622725428228826,104.98760392561286,922.9467488943922,96.89796771735652,89.73080621901896,False
2021-08-24 17:49:00-07:00,54.091371457787204,23.4,2.6,193.5453947014189,366.35444944776054,955.2030205404668,349.9428767009406,340.0604316088285,False
2021-08-24 17:50:00-07:00,54.89217077396602,23.4,2.7,275.53731106073036,521.8500491411459,954.9706483684072,498.35147977940517,486.36364584151124,False
2021-08-24 17:51:00-07:00,55.68517342610193,23.4,2.9,296.3376245898014,561.3066256141666,954.5112970318436,535.7735152475456,523.1856613053748,False
2021-08-24 17:52:00-07:00,56.47072401011347,23.4,3.0,293.01044614205364,554.9787596904953,954.9484009245267,529.9760791135155,517.4790553148611,False
2021-08-24 17:53:00-07:00,57.24914635863721,23.5,2.5,283.9908351300203,537.9265555329122,953.5687163656248,512.949935058501,500.7447674537651,False
2021-08-24 17:54:00-07:00,58.02074326928351,23.5,2.5,274.605550296841,520.0819871527785,954.0509497887838,496.1847138111465,484.2407915810203,False
2021-08-24 17:55:00-07:00,58.78579868227498,23.5,2.8,264.98874645381085,501.9160439318513,954.9427970407298,479.3011108718999,467.6102135124025,False
2021-08-24 17:56:00-07:00,59.54457914016981,23.5,3.0,254.8437961016594,482.68025913619886,955.6293745261256,461.26343413443396,449.8392975920867,False
2021-08-24 17:57:00-07:00,60.29733509292582,23.5,3.2,244.08150869243156,462.11804928387255,956.5251331410234,442.02752861812627,430.8789607018039,False
2021-08-24 17:58:00-07:00,61.04430204559626,23.5,2.8,233.60802379345995,442.3898330688117,955.5327130370952,422.7179574122693,411.85700720945664,False
2021-08-24 17:59:00-07:00,61.78570159276486,23.6,2.7,220.20207811244933,416.9448648924916,954.8808957545601,398.1326860688064,387.6200461314028,False
2021-08-24 18:00:00-07:00,62.52174233175224,23.5,2.7,149.60071290273143,282.98298718174743,951.8279352129003,269.3511123895813,260.44472991461066,False
2021-08-24 18:01:00-07:00,63.25262067315951,23.5,2.8,117.89236176470598,222.880459121986,947.0140048897117,211.07091620476967,202.79832236555245,False
2021-08-24 18:02:00-07:00,63.978522049961484,23.5,2.8,172.95834412087203,327.2597111604632,954.0991416034616,312.2382094995947,302.8262787005557,False
2021-08-24 18:03:00-07:00,64.6996195991228,23.5,2.9,133.23966438591287,252.00751892775446,949.7287833335007,239.33879434215038,230.76563327378028,False
2021-08-24 18:04:00-07:00,65.41607764217399,23.5,2.8,125.30343014359158,236.93284304083835,948.4076754363692,224.70892690289165,216.2930151162385,False
2021-08-24 18:05:00-07:00,66.1280502154955,23.4,2.8,134.82702843339828,254.9920253555213,950.4486441568968,242.35682476997624,233.74715581848562,False
2021-08-24 18:06:00-07:00,66.83568197035885,23.4,2.7,63.96632799117106,120.78725408700583,928.2991172385689,112.12670134263824,104.81789904202152,False
2021-08-24 18:07:00-07:00,67.53910852620898,23.3,2.8,34.875927199795626,65.76702913691751,904.3940737159363,59.47931139733151,52.66319912227426,False
2021-08-24 18:08:00-07:00,68.23845674778305,23.3,2.7,30.686736547859137,57.861697724935055,898.5749038595153,51.99306947033186,45.253873371879365,False
2021-08-24 18:09:00-07:00,68.93384497457829,23.3,2.7,46.6307096568596,88.00078682103856,916.4743111680535,80.65046048405804,73.63167832915391,False
2021-08-24 18:10:00-07:00,69.62538318334138,23.2,2.7,94.9451109397495,179.39750102003023,942.6707078332927,169.11276927007574,161.2541898697184,False
2021-08-24 18:11:00-07:00,70.31317309055078,23.2,2.7,66.8582655676351,126.2563019323134,930.9574540631274,117.539245406332,110.17369591179707,False
2021-08-24 18:12:00-07:00,70.99730820031087,23.2,2.8,76.01987671382025,143.58952168184038,935.5557153853119,134.33599767888893,126.81234389494308,False
2021-08-24 18:13:00-07:00,71.67787377704475,23.2,2.8,66.49490730445653,125.57120908276931,930.8015030708476,116.88187015666534,109.52220115363195,False
2021-08-24 18:14:00-07:00,72.35494721923733,23.1,2.8,32.2170194406407,60.74179534429209,901.9873126763586,54.78832874973538,48.01358413234937,False
2021-08-24 18:15:00-07:00,73.02859609221194,23.1,2.8,25.64786404600729,48.328146615719454,891.8321162988112,43.10059327309631,36.449109458442095,False
2021-08-24 18:16:00-07:00,73.69888062741431,23.1,2.8,24.775248712619977,46.6938440083304,889.9921147478974,41.55715297468242,34.92432695014118,False
2021-08-24 18:17:00-07:00,74.36585160909915,23.1,2.8,23.999505421395487,45.224833647435645,888.6066469369687,40.187087785729986,33.56935586827894,False
2021-08-24 18:18:00-07:00,75.02955044099892,23.1,2.9,23.222248752754112,43.75310704009611,887.1892926368093,38.81728808556547,32.21474692693552,False
2021-08-24 18:19:00-07:00,75.69000868310017,23.1,2.9,22.64148498271314,42.65340891662736,886.0814027079139,37.79439240311941,31.20341675552155,False
2021-08-24 18:20:00-07:00,76.34724748911101,23.1,2.9,21.960163609427624,41.37301256889891,884.5366100213987,36.59594428406657,30.01982307524753,False
2021-08-24 18:21:00-07:00,77.00127694488567,23.1,3.0,21.3761822531211,40.26715796976962,883.3717216283708,35.570868660836965,29.00653723043824,False
2021-08-24 18:22:00-07:00,77.65209530848458,23.0,2.9,20.890551900743187,39.349563069758375,882.8334046587723,34.73910873670988,28.18207182574066,False
2021-08-24 18:23:00-07:00,78.29968812974512,22.9,2.9,20.105445422860637,37.8648994841935,881.6377348035167,33.38312420980721,26.839673025292637,False
2021-08-24 18:24:00-07:00,78.94402727276207,22.9,2.9,19.617401418252264,36.94074304905629,880.5548754361292,32.52835139407981,25.995229803103836,False
2021-08-24 18:25:00-07:00,79.58507025563834,22.8,2.9,18.82964716743329,35.45112152526048,879.2368003435042,31.16993065845875,24.650953854701392,False
2021-08-24 18:26:00-07:00,80.22275735076829,22.8,2.9,18.239740476600552,34.347196186066725,877.498908151828,30.139627151350183,23.63535279177854,False
2021-08-24 18:27:00-07:00,80.85701291839638,22.8,2.9,17.349782176884002,32.66177397792889,875.2839133365326,28.588325343914924,22.103892988348875,False
2021-08-24 18:28:00-07:00,81.48774240150462,22.9,2.9,16.558384412189415,31.173237900653728,872.3901027195551,27.195224214252434,20.73341261908891,False
2021-08-24 18:29:00-07:00,82.11483153154839,22.9,3.1,15.765831995639523,29.679252941927903,870.0324906833616,25.821914358687025,19.379604042104503,False
2021-08-24 18:30:00-07:00,82.738145258465,22.8,3.1,14.972415173570973,28.17814562425058,868.2245748501625,24.464958504680926,18.03899941415147,False
2021-08-24 18:31:00-07:00,83.35752701958866,22.8,3.1,14.078268814798797,26.494916254215532,865.1476750380673,22.92201519766287,16.52003306390596,False
2021-08-24 18:32:00-07:00,83.97279862373173,22.9,3.0,13.283012414466649,24.99306078853846,861.837586773557,21.539959196078804,15.162301331677432,False
2021-08-24 18:33:00-07:00,84.58376113666773,22.9,2.9,12.487037003681568,23.49446493141684,858.7319407206544,20.17544746674894,13.82080515620363,False
2021-08-24 18:34:00-07:00,85.19019738726055,22.9,2.8,11.590468636193592,21.80460425348153,855.0526264829056,18.64408413635972,12.31615694259041,False
2021-08-24 18:35:00-07:00,85.79187694579898,23.0,2.8,10.893088827011493,20.487228238227313,851.5639257870374,17.4461845070399,11.142291249310334,False
2021-08-24 18:36:00-07:00,86.38856523090192,23.0,2.7,10.195204286641882,19.172779541829144,848.2501588655432,16.263313292250608,9.98234290289079,False
2021-08-24 18:37:00-07:00,86.98003612533114,23.0,2.7,9.496867743012286,17.85438316772171,844.8503292901993,15.08428149852308,8.826564265917803,False
2021-08-24 18:38:00-07:00,87.5660965688054,23.0,2.8,8.798104613406394,16.537491155075813,841.0848191026303,13.909432756578289,7.676773833000115,False
2021-08-24 18:39:00-07:00,88.14661848902318,23.0,2.9,8.098981783694523,15.223065955201989,836.8299947159638,12.739118202852449,6.533961575980214,False
2021-08-24 18:40:00-07:00,88.72158849922144,22.9,2.8,7.399552751467011,13.904768951845417,832.9159438632919,11.581503755727322,5.401872582011372,False
2021-08-24 18:41:00-07:00,89.29117844603566,22.9,2.9,6.7998723055575425,12.774126927651752,828.7718455163143,10.58683674868959,4.433146667679494,False
2021-08-24 18:42:00-07:00,89.85584344842803,22.9,2.9,6.299995038529955,11.834981041118194,824.7961514835239,9.761446815594754,3.6320212117388584,False
2021-08-24 18:43:00-07:00,,22.9,2.9,,,,,,False
2021-08-24 18:44:00-07:00,,22.9,2.9,,,,,,False
2021-08-24 18:45:00-07:00,,22.8,2.9,,,,,,False
2021-08-24 18:46:00-07:00,,22.8,2.9,,,,,,False
2021-08-24 18:47:00-07:00,,22.8,3.0,,,,,,False
2021-08-24 18:48:00-07:00,,22.8,3.0,,,,,,False
2021-08-24 18:49:00-07:00,,22.8,3.0,,,,,,False
2021-08-24 18:50:00-07:00,,22.8,2.9,,,,,,False
2021-08-24 18:51:00-07:00,,22.7,3.0,,,,,,False
2021-08-24 18:52:00-07:00,,22.6,3.1,,,,,,False
2021-08-24 18:53:00-07:00,,22.6,3.2,,,,,,False
2021-08-24 18:54:00-07:00,,22.6,3.2,,,,,,False
2021-08-24 18:55:00-07:00,,22.6,3.2,,,,,,False
2021-08-24 18:56:00-07:00,,22.6,3.3,,,,,,False
2021-08-24 18:57:00-07:00,,22.6,3.4,,,,,,False
2021-08-24 18:58:00-07:00,,22.6,3.4,,,,,,False
2021-08-24 18:59:00-07:00,,22.6,3.5,,,,,,False
2021-08-24 19:00:00-07:00,,22.5,3.4,,,,,,False
2021-08-24 19:01:00-07:00,,22.5,3.4,,,,,,False
2021-08-24 19:02:00-07:00,,22.4,3.4,,,,,,False
2021-08-24 19:03:00-07:00,,22.4,3.4,,,,,,False
2021-08-24 19:04:00-07:00,,22.4,3.5,,,,,,False
2021-08-24 19:05:00-07:00,,22.3,3.5,,,,,,False
2021-08-24 19:06:00-07:00,,22.3,3.5,,,,,,False
2021-08-24 19:07:00-07:00,,22.2,3.5,,,,,,False
2021-08-24 19:08:00-07:00,,22.1,3.7,,,,,,False
2021-08-24 19:09:00-07:00,,22.0,3.8,,,,,,False
2021-08-24 19:10:00-07:00,,22.0,3.8,,,,,,False
2021-08-24 19:11:00-07:00,,21.9,3.9,,,,,,False
2021-08-24 19:12:00-07:00,,21.9,3.9,,,,,,False
2021-08-24 19:13:00-07:00,,21.8,4.0,,,,,,False
2021-08-24 19:14:00-07:00,,21.7,4.0,,,,,,False
2021-08-24 19:15:00-07:00,,21.6,4.0,,,,,,False
2021-08-24 19:16:00-07:00,,21.6,3.9,,,,,,False
2021-08-24 19:17:00-07:00,,21.6,4.0,,,,,,False
2021-08-24 19:18:00-07:00,,21.6,4.0,,,,,,False
2021-08-24 19:19:00-07:00,,21.6,4.1,,,,,,False
2021-08-24 19:20:00-07:00,,21.6,4.1,,,,,,False
2021-08-24 19:21:00-07:00,,21.7,4.1,,,,,,False
2021-08-24 19:22:00-07:00,,21.7,4.1,,,,,,False
2021-08-24 19:23:00-07:00,,21.7,4.2,,,,,,False
2021-08-24 19:24:00-07:00,,21.7,4.1,,,,,,False
2021-08-24 19:25:00-07:00,,21.6,4.1,,,,,,False
2021-08-24 19:26:00-07:00,,21.6,4.2,,,,,,False
2021-08-24 19:27:00-07:00,,21.6,4.2,,,,,,False
2021-08-24 19:28:00-07:00,,21.7,4.2,,,,,,False
2021-08-24 19:29:00-07:00,,21.7,4.2,,,,,,False
2021-08-24 19:30:00-07:00,,21.7,4.2,,,,,,False
2021-08-24 19:31:00-07:00,,21.7,4.2,,,,,,False
2021-08-24 19:32:00-07:00,,21.5,4.4,,,,,,False
2021-08-24 19:33:00-07:00,,21.4,4.4,,,,,,False
2021-08-24 19:34:00-07:00,,21.4,4.4,,,,,,False
2021-08-24 19:35:00-07:00,,21.3,4.5,,,,,,False
2021-08-24 19:36:00-07:00,,21.4,4.5,,,,,,False
2021-08-24 19:37:00-07:00,,21.4,4.6,,,,,,False
2021-08-24 19:38:00-07:00,,21.4,4.5,,,,,,False
2021-08-24 19:39:00-07:00,,21.4,4.6,,,,,,False
2021-08-24 19:40:00-07:00,,21.3,4.6,,,,,,False
2021-08-24 19:41:00-07:00,,21.1,4.6,,,,,,False
2021-08-24 19:42:00-07:00,,21.0,4.6,,,,,,False
2021-08-24 19:43:00-07:00,,20.9,4.6,,,,,,False
2021-08-24 19:44:00-07:00,,20.8,4.7,,,,,,False
2021-08-24 19:45:00-07:00,,20.8,4.7,,,,,,False
2021-08-24 19:46:00-07:00,,20.8,4.7,,,,,,False
2021-08-24 19:47:00-07:00,,20.8,4.6,,,,,,False
2021-08-24 19:48:00-07:00,,20.8,4.6,,,,,,False
2021-08-24 19:49:00-07:00,,20.9,4.5,,,,,,False
2021-08-24 19:50:00-07:00,,20.8,4.5,,,,,,False
2021-08-24 19:51:00-07:00,,20.8,4.6,,,,,,False
2021-08-24 19:52:00-07:00,,20.9,4.4,,,,,,False
2021-08-24 19:53:00-07:00,,20.9,4.4,,,,,,False
2021-08-24 19:54:00-07:00,,20.8,4.4,,,,,,False
2021-08-24 19:55:00-07:00,,20.8,4.4,,,,,,False
2021-08-24 19:56:00-07:00,,20.8,4.3,,,,,,False
2021-08-24 19:57:00-07:00,,20.9,4.3,,,,,,False
2021-08-24 19:58:00-07:00,,20.9,4.2,,,,,,False
2021-08-24 19:59:00-07:00,,20.9,4.0,,,,,,False
2021-08-24 20:00:00-07:00,,20.7,4.0,,,,,,False
2021-08-24 20:01:00-07:00,,20.7,4.2,,,,,,False
2021-08-24 20:02:00-07:00,,20.8,4.2,,,,,,False
2021-08-24 20:03:00-07:00,,20.9,4.2,,,,,,False
2021-08-24 20:04:00-07:00,,20.9,4.2,,,,,,False
2021-08-24 20:05:00-07:00,,20.9,4.2,,,,,,False
2021-08-24 20:06:00-07:00,,20.9,4.1,,,,,,False
2021-08-24 20:07:00-07:00,,21.0,4.1,,,,,,False
2021-08-24 20:08:00-07:00,,20.9,4.1,,,,,,False
2021-08-24 20:09:00-07:00,,20.9,4.1,,,,,,False
2021-08-24 20:10:00-07:00,,20.8,4.5,,,,,,False
2021-08-24 20:11:00-07:00,,20.7,4.5,,,,,,False
2021-08-24 20:12:00-07:00,,20.9,4.3,,,,,,False
2021-08-24 20:13:00-07:00,,21.0,4.1,,,,,,False
2021-08-24 20:14:00-07:00,,21.0,4.2,,,,,,False
2021-08-24 20:15:00-07:00,,20.9,4.4,,,,,,False
2021-08-24 20:16:00-07:00,,20.8,4.3,,,,,,False
2021-08-24 20:17:00-07:00,,20.9,4.4,,,,,,False
2021-08-24 20:18:00-07:00,,21.0,4.3,,,,,,False
2021-08-24 20:19:00-07:00,,21.0,4.4,,,,,,False
2021-08-24 20:20:00-07:00,,21.0,4.1,,,,,,False
2021-08-24 20:21:00-07:00,,20.8,4.2,,,,,,False
2021-08-24 20:22:00-07:00,,20.7,4.2,,,,,,False
2021-08-24 20:23:00-07:00,,20.7,4.6,,,,,,False
2021-08-24 20:24:00-07:00,,20.8,4.5,,,,,,False
2021-08-24 20:25:00-07:00,,20.8,4.0,,,,,,False
2021-08-24 20:26:00-07:00,,20.7,4.3,,,,,,False
2021-08-24 20:27:00-07:00,,20.6,4.1,,,,,,False
2021-08-24 20:28:00-07:00,,20.7,4.2,,,,,,False
2021-08-24 20:29:00-07:00,,20.5,4.3,,,,,,False
2021-08-24 20:30:00-07:00,,20.7,4.3,,,,,,False
2021-08-24 20:31:00-07:00,,20.8,4.2,,,,,,False
2021-08-24 20:32:00-07:00,,20.9,4.2,,,,,,False
2021-08-24 20:33:00-07:00,,21.0,4.2,,,,,,False
2021-08-24 20:34:00-07:00,,21.0,4.1,,,,,,False
2021-08-24 20:35:00-07:00,,21.0,4.1,,,,,,False
2021-08-24 20:36:00-07:00,,21.0,4.1,,,,,,False
2021-08-24 20:37:00-07:00,,21.1,4.1,,,,,,False
2021-08-24 20:38:00-07:00,,21.2,3.9,,,,,,False
2021-08-24 20:39:00-07:00,,21.2,3.9,,,,,,False
2021-08-24 20:40:00-07:00,,21.3,4.1,,,,,,False
2021-08-24 20:41:00-07:00,,21.4,4.1,,,,,,False
2021-08-24 20:42:00-07:00,,21.4,4.1,,,,,,False
2021-08-24 20:43:00-07:00,,21.4,4.0,,,,,,False
2021-08-24 20:44:00-07:00,,21.3,4.2,,,,,,False
2021-08-24 20:45:00-07:00,,21.2,4.2,,,,,,False
2021-08-24 20:46:00-07:00,,21.1,4.3,,,,,,False
2021-08-24 20:47:00-07:00,,21.1,4.5,,,,,,False
2021-08-24 20:48:00-07:00,,21.1,4.4,,,,,,False
2021-08-24 20:49:00-07:00,,21.1,4.3,,,,,,False
2021-08-24 20:50:00-07:00,,21.2,4.2,,,,,,False
2021-08-24 20:51:00-07:00,,21.2,4.5,,,,,,False
2021-08-24 20:52:00-07:00,,21.2,4.4,,,,,,False
2021-08-24 20:53:00-07:00,,21.0,4.5,,,,,,False
2021-08-24 20:54:00-07:00,,21.1,4.4,,,,,,False
2021-08-24 20:55:00-07:00,,21.1,4.3,,,,,,False
2021-08-24 20:56:00-07:00,,21.0,3.9,,,,,,False
2021-08-24 20:57:00-07:00,,20.8,3.6,,,,,,False
2021-08-24 20:58:00-07:00,,20.7,4.0,,,,,,False
2021-08-24 20:59:00-07:00,,20.7,4.0,,,,,,False
2021-08-24 21:00:00-07:00,,20.5,4.2,,,,,,False
2021-08-24 21:01:00-07:00,,20.6,4.4,,,,,,False
2021-08-24 21:02:00-07:00,,20.7,4.2,,,,,,False
2021-08-24 21:03:00-07:00,,20.7,4.3,,,,,,False
2021-08-24 21:04:00-07:00,,20.6,3.8,,,,,,False
2021-08-24 21:05:00-07:00,,20.5,3.9,,,,,,False
2021-08-24 21:06:00-07:00,,20.5,4.0,,,,,,False
2021-08-24 21:07:00-07:00,,20.7,4.0,,,,,,False
2021-08-24 21:08:00-07:00,,20.9,4.3,,,,,,False
2021-08-24 21:09:00-07:00,,21.1,4.1,,,,,,False
2021-08-24 21:10:00-07:00,,21.1,4.0,,,,,,False
2021-08-24 21:11:00-07:00,,20.9,3.7,,,,,,False
2021-08-24 21:12:00-07:00,,20.7,3.7,,,,,,False
2021-08-24 21:13:00-07:00,,20.7,3.8,,,,,,False
2021-08-24 21:14:00-07:00,,20.8,3.9,,,,,,False
2021-08-24 21:15:00-07:00,,21.0,3.8,,,,,,False
2021-08-24 21:16:00-07:00,,21.0,3.9,,,,,,False
2021-08-24 21:17:00-07:00,,21.2,3.3,,,,,,False
2021-08-24 21:18:00-07:00,,21.1,3.2,,,,,,False
2021-08-24 21:19:00-07:00,,21.1,2.9,,,,,,False
2021-08-24 21:20:00-07:00,,20.9,3.4,,,,,,False
2021-08-24 21:21:00-07:00,,20.8,3.7,,,,,,False
2021-08-24 21:22:00-07:00,,20.7,3.4,,,,,,False
2021-08-24 21:23:00-07:00,,20.7,3.7,,,,,,False
2021-08-24 21:24:00-07:00,,20.8,3.2,,,,,,False
2021-08-24 21:25:00-07:00,,20.8,3.7,,,,,,False
2021-08-24 21:26:00-07:00,,20.9,3.7,,,,,,False
2021-08-24 21:27:00-07:00,,20.9,3.3,,,,,,False
2021-08-24 21:28:00-07:00,,20.8,3.6,,,,,,False
2021-08-24 21:29:00-07:00,,20.9,3.4,,,,,,False
2021-08-24 21:30:00-07:00,,21.0,3.1,,,,,,False
2021-08-24 21:31:00-07:00,,20.9,2.8,,,,,,False
2021-08-24 21:32:00-07:00,,20.5,3.4,,,,,,False
2021-08-24 21:33:00-07:00,,20.5,3.4,,,,,,False
2021-08-24 21:34:00-07:00,,20.5,3.4,,,,,,False
2021-08-24 21:35:00-07:00,,20.5,3.1,,,,,,False
2021-08-24 21:36:00-07:00,,20.6,3.1,,,,,,False
2021-08-24 21:37:00-07:00,,20.8,2.8,,,,,,False
2021-08-24 21:38:00-07:00,,21.1,2.6,,,,,,False
2021-08-24 21:39:00-07:00,,21.0,2.8,,,,,,False
2021-08-24 21:40:00-07:00,,20.8,3.0,,,,,,False
2021-08-24 21:41:00-07:00,,20.7,3.1,,,,,,False
2021-08-24 21:42:00-07:00,,20.9,2.9,,,,,,False
2021-08-24 21:43:00-07:00,,20.9,2.6,,,,,,False
2021-08-24 21:44:00-07:00,,20.9,2.7,,,,,,False
2021-08-24 21:45:00-07:00,,20.9,2.9,,,,,,False
2021-08-24 21:46:00-07:00,,20.8,3.2,,,,,,False
2021-08-24 21:47:00-07:00,,20.9,3.1,,,,,,False
2021-08-24 21:48:00-07:00,,21.1,3.1,,,,,,False
2021-08-24 21:49:00-07:00,,21.1,3.1,,,,,,False
2021-08-24 21:50:00-07:00,,21.2,3.0,,,,,,False
2021-08-24 21:51:00-07:00,,21.3,3.0,,,,,,False
2021-08-24 21:52:00-07:00,,21.3,2.9,,,,,,False
2021-08-24 21:53:00-07:00,,21.4,3.2,,,,,,False
2021-08-24 21:54:00-07:00,,21.3,3.9,,,,,,False
2021-08-24 21:55:00-07:00,,21.2,3.7,,,,,,False
2021-08-24 21:56:00-07:00,,21.3,3.6,,,,,,False
2021-08-24 21:57:00-07:00,,21.3,3.5,,,,,,False
2021-08-24 21:58:00-07:00,,21.3,3.4,,,,,,False
2021-08-24 21:59:00-07:00,,21.2,3.7,,,,,,False
2021-08-24 22:00:00-07:00,,21.0,3.4,,,,,,False
2021-08-24 22:01:00-07:00,,21.0,3.3,,,,,,False
2021-08-24 22:02:00-07:00,,21.1,3.1,,,,,,False
2021-08-24 22:03:00-07:00,,21.0,3.3,,,,,,False
2021-08-24 22:04:00-07:00,,20.8,3.4,,,,,,False
2021-08-24 22:05:00-07:00,,20.6,3.4,,,,,,False
2021-08-24 22:06:00-07:00,,20.6,3.0,,,,,,False
2021-08-24 22:07:00-07:00,,20.7,2.9,,,,,,False
2021-08-24 22:08:00-07:00,,20.5,3.1,,,,,,False
2021-08-24 22:09:00-07:00,,20.6,2.9,,,,,,False
2021-08-24 22:10:00-07:00,,20.7,2.9,,,,,,False
2021-08-24 22:11:00-07:00,,20.6,3.0,,,,,,False
2021-08-24 22:12:00-07:00,,20.5,2.9,,,,,,False
2021-08-24 22:13:00-07:00,,20.5,3.0,,,,,,False
2021-08-24 22:14:00-07:00,,20.5,3.1,,,,,,False
2021-08-24 22:15:00-07:00,,20.5,3.0,,,,,,False
2021-08-24 22:16:00-07:00,,20.6,3.0,,,,,,False
2021-08-24 22:17:00-07:00,,20.6,3.1,,,,,,False
2021-08-24 22:18:00-07:00,,20.6,3.0,,,,,,False
2021-08-24 22:19:00-07:00,,20.5,2.6,,,,,,False
2021-08-24 22:20:00-07:00,,20.5,2.6,,,,,,False
2021-08-24 22:21:00-07:00,,20.5,2.5,,,,,,False
2021-08-24 22:22:00-07:00,,20.6,2.3,,,,,,False
2021-08-24 22:23:00-07:00,,20.6,2.4,,,,,,False
2021-08-24 22:24:00-07:00,,20.4,2.5,,,,,,False
2021-08-24 22:25:00-07:00,,20.4,2.4,,,,,,False
2021-08-24 22:26:00-07:00,,20.4,2.5,,,,,,False
2021-08-24 22:27:00-07:00,,20.4,2.7,,,,,,False
2021-08-24 22:28:00-07:00,,20.5,2.6,,,,,,False
2021-08-24 22:29:00-07:00,,20.5,2.8,,,,,,False
2021-08-24 22:30:00-07:00,,20.5,2.8,,,,,,False
2021-08-24 22:31:00-07:00,,20.5,2.9,,,,,,False
2021-08-24 22:32:00-07:00,,20.5,2.9,,,,,,False
2021-08-24 22:33:00-07:00,,20.4,2.7,,,,,,False
2021-08-24 22:34:00-07:00,,20.2,2.4,,,,,,False
2021-08-24 22:35:00-07:00,,19.7,2.2,,,,,,False
2021-08-24 22:36:00-07:00,,19.5,1.7,,,,,,False
2021-08-24 22:37:00-07:00,,19.4,1.4,,,,,,False
2021-08-24 22:38:00-07:00,,19.4,1.3,,,,,,False
2021-08-24 22:39:00-07:00,,19.4,1.4,,,,,,False
2021-08-24 22:40:00-07:00,,19.4,1.5,,,,,,False
2021-08-24 22:41:00-07:00,,19.3,1.4,,,,,,False
2021-08-24 22:42:00-07:00,,19.2,1.5,,,,,,False
2021-08-24 22:43:00-07:00,,19.1,2.3,,,,,,False
2021-08-24 22:44:00-07:00,,19.2,2.8,,,,,,False
2021-08-24 22:45:00-07:00,,19.4,2.8,,,,,,False
2021-08-24 22:46:00-07:00,,19.6,2.6,,,,,,False
2021-08-24 22:47:00-07:00,,19.6,2.4,,,,,,False
2021-08-24 22:48:00-07:00,,19.5,2.5,,,,,,False
2021-08-24 22:49:00-07:00,,19.5,2.5,,,,,,False
2021-08-24 22:50:00-07:00,,19.5,2.3,,,,,,False
2021-08-24 22:51:00-07:00,,19.4,2.4,,,,,,False
2021-08-24 22:52:00-07:00,,19.3,2.5,,,,,,False
2021-08-24 22:53:00-07:00,,19.1,2.6,,,,,,False
2021-08-24 22:54:00-07:00,,19.0,2.8,,,,,,False
2021-08-24 22:55:00-07:00,,18.9,2.8,,,,,,False
2021-08-24 22:56:00-07:00,,18.9,2.8,,,,,,False
2021-08-24 22:57:00-07:00,,18.9,2.8,,,,,,False
2021-08-24 22:58:00-07:00,,19.0,2.9,,,,,,False
2021-08-24 22:59:00-07:00,,19.2,2.8,,,,,,False
2021-08-24 23:00:00-07:00,,19.4,2.7,,,,,,False
2021-08-24 23:01:00-07:00,,19.4,2.6,,,,,,False
2021-08-24 23:02:00-07:00,,19.5,2.6,,,,,,False
2021-08-24 23:03:00-07:00,,19.4,2.5,,,,,,False
2021-08-24 23:04:00-07:00,,19.4,2.4,,,,,,False
2021-08-24 23:05:00-07:00,,19.3,2.3,,,,,,False
2021-08-24 23:06:00-07:00,,19.3,2.5,,,,,,False
2021-08-24 23:07:00-07:00,,19.3,2.6,,,,,,False
2021-08-24 23:08:00-07:00,,19.4,2.4,,,,,,False
2021-08-24 23:09:00-07:00,,19.3,2.4,,,,,,False
2021-08-24 23:10:00-07:00,,19.3,2.7,,,,,,False
2021-08-24 23:11:00-07:00,,19.3,2.6,,,,,,False
2021-08-24 23:12:00-07:00,,19.2,2.6,,,,,,False
2021-08-24 23:13:00-07:00,,19.2,2.6,,,,,,False
2021-08-24 23:14:00-07:00,,19.1,2.8,,,,,,False
2021-08-24 23:15:00-07:00,,19.2,2.8,,,,,,False
2021-08-24 23:16:00-07:00,,19.3,2.7,,,,,,False
2021-08-24 23:17:00-07:00,,19.5,3.0,,,,,,False
2021-08-24 23:18:00-07:00,,19.7,3.0,,,,,,False
2021-08-24 23:19:00-07:00,,19.9,3.0,,,,,,False
2021-08-24 23:20:00-07:00,,19.9,3.0,,,,,,False
2021-08-24 23:21:00-07:00,,19.8,3.1,,,,,,False
2021-08-24 23:22:00-07:00,,19.7,3.0,,,,,,False
2021-08-24 23:23:00-07:00,,19.7,3.2,,,,,,False
2021-08-24 23:24:00-07:00,,19.6,3.2,,,,,,False
2021-08-24 23:25:00-07:00,,19.5,3.2,,,,,,False
2021-08-24 23:26:00-07:00,,19.4,3.4,,,,,,False
2021-08-24 23:27:00-07:00,,19.3,3.6,,,,,,False
2021-08-24 23:28:00-07:00,,19.3,3.6,,,,,,False
2021-08-24 23:29:00-07:00,,19.3,3.7,,,,,,False
2021-08-24 23:30:00-07:00,,19.3,3.8,,,,,,False
2021-08-24 23:31:00-07:00,,19.3,3.9,,,,,,False
2021-08-24 23:32:00-07:00,,19.3,4.0,,,,,,False
2021-08-24 23:33:00-07:00,,19.3,4.0,,,,,,False
2021-08-24 23:34:00-07:00,,19.3,4.0,,,,,,False
2021-08-24 23:35:00-07:00,,19.3,3.9,,,,,,False
2021-08-24 23:36:00-07:00,,19.3,4.0,,,,,,False
2021-08-24 23:37:00-07:00,,19.4,3.9,,,,,,False
2021-08-24 23:38:00-07:00,,19.4,3.8,,,,,,False
2021-08-24 23:39:00-07:00,,19.4,3.8,,,,,,False
2021-08-24 23:40:00-07:00,,19.2,3.9,,,,,,False
2021-08-24 23:41:00-07:00,,19.1,3.9,,,,,,False
2021-08-24 23:42:00-07:00,,19.0,3.8,,,,,,False
2021-08-24 23:43:00-07:00,,18.9,3.8,,,,,,False
2021-08-24 23:44:00-07:00,,18.7,4.0,,,,,,False
2021-08-24 23:45:00-07:00,,18.6,4.2,,,,,,False
2021-08-24 23:46:00-07:00,,18.6,4.2,,,,,,False
2021-08-24 23:47:00-07:00,,18.6,4.1,,,,,,False
2021-08-24 23:48:00-07:00,,18.4,4.0,,,,,,False
2021-08-24 23:49:00-07:00,,18.4,3.9,,,,,,False
2021-08-24 23:50:00-07:00,,18.3,4.0,,,,,,False
2021-08-24 23:51:00-07:00,,18.4,4.0,,,,,,False
2021-08-24 23:52:00-07:00,,18.6,4.1,,,,,,False
2021-08-24 23:53:00-07:00,,18.8,4.3,,,,,,False
2021-08-24 23:54:00-07:00,,18.9,4.3,,,,,,False
2021-08-24 23:55:00-07:00,,19.0,4.1,,,,,,False
2021-08-24 23:56:00-07:00,,19.1,4.2,,,,,,False
2021-08-24 23:57:00-07:00,,19.2,4.2,,,,,,False
2021-08-24 23:58:00-07:00,,19.3,4.2,,,,,,False
2021-08-24 23:59:00-07:00,,19.3,4.4,,,,,,False
2021-08-25 00:00:00-07:00,,19.2,4.3,,,,,,False
2021-08-25 00:01:00-07:00,,19.1,4.2,,,,,,False
2021-08-25 00:02:00-07:00,,19.1,4.0,,,,,,False
2021-08-25 00:03:00-07:00,,19.1,3.8,,,,,,False
2021-08-25 00:04:00-07:00,,19.1,3.8,,,,,,False
2021-08-25 00:05:00-07:00,,19.0,3.7,,,,,,False
2021-08-25 00:06:00-07:00,,19.0,3.8,,,,,,False
2021-08-25 00:07:00-07:00,,19.1,3.7,,,,,,False
2021-08-25 00:08:00-07:00,,19.1,3.7,,,,,,False
2021-08-25 00:09:00-07:00,,19.2,3.7,,,,,,False
2021-08-25 00:10:00-07:00,,19.3,3.6,,,,,,False
2021-08-25 00:11:00-07:00,,19.3,3.6,,,,,,False
2021-08-25 00:12:00-07:00,,19.1,3.4,,,,,,False
2021-08-25 00:13:00-07:00,,19.0,3.2,,,,,,False
2021-08-25 00:14:00-07:00,,18.8,3.5,,,,,,False
2021-08-25 00:15:00-07:00,,18.8,3.4,,,,,,False
2021-08-25 00:16:00-07:00,,18.8,3.8,,,,,,False
2021-08-25 00:17:00-07:00,,18.6,3.8,,,,,,False
2021-08-25 00:18:00-07:00,,18.5,3.7,,,,,,False
2021-08-25 00:19:00-07:00,,18.6,3.6,,,,,,False
2021-08-25 00:20:00-07:00,,18.7,3.6,,,,,,False
2021-08-25 00:21:00-07:00,,18.7,3.6,,,,,,False
2021-08-25 00:22:00-07:00,,18.6,3.4,,,,,,False
2021-08-25 00:23:00-07:00,,18.4,3.6,,,,,,False
2021-08-25 00:24:00-07:00,,18.4,3.4,,,,,,False
2021-08-25 00:25:00-07:00,,18.4,3.3,,,,,,False
2021-08-25 00:26:00-07:00,,18.4,3.3,,,,,,False
2021-08-25 00:27:00-07:00,,18.4,3.3,,,,,,False
2021-08-25 00:28:00-07:00,,18.4,3.2,,,,,,False
2021-08-25 00:29:00-07:00,,18.5,3.2,,,,,,False
2021-08-25 00:30:00-07:00,,18.5,3.3,,,,,,False
2021-08-25 00:31:00-07:00,,18.6,3.1,,,,,,False
2021-08-25 00:32:00-07:00,,18.5,2.9,,,,,,False
2021-08-25 00:33:00-07:00,,18.4,2.8,,,,,,False
2021-08-25 00:34:00-07:00,,18.5,2.7,,,,,,False
2021-08-25 00:35:00-07:00,,18.7,2.5,,,,,,False
2021-08-25 00:36:00-07:00,,18.7,2.2,,,,,,False
2021-08-25 00:37:00-07:00,,18.7,2.1,,,,,,False
2021-08-25 00:38:00-07:00,,18.7,1.9,,,,,,False
2021-08-25 00:39:00-07:00,,18.8,1.9,,,,,,False
2021-08-25 00:40:00-07:00,,18.8,1.8,,,,,,False
2021-08-25 00:41:00-07:00,,19.0,1.8,,,,,,False
2021-08-25 00:42:00-07:00,,19.1,1.5,,,,,,False
2021-08-25 00:43:00-07:00,,19.2,1.5,,,,,,False
2021-08-25 00:44:00-07:00,,19.3,1.2,,,,,,False
2021-08-25 00:45:00-07:00,,19.3,1.0,,,,,,False
2021-08-25 00:46:00-07:00,,19.3,1.3,,,,,,False
2021-08-25 00:47:00-07:00,,19.3,1.4,,,,,,False
2021-08-25 00:48:00-07:00,,19.3,1.4,,,,,,False
2021-08-25 00:49:00-07:00,,19.3,0.9,,,,,,False
2021-08-25 00:50:00-07:00,,19.2,1.3,,,,,,False
2021-08-25 00:51:00-07:00,,19.2,1.4,,,,,,False
2021-08-25 00:52:00-07:00,,19.1,1.4,,,,,,False
2021-08-25 00:53:00-07:00,,19.0,1.1,,,,,,False
2021-08-25 00:54:00-07:00,,19.0,0.9,,,,,,False
2021-08-25 00:55:00-07:00,,18.9,0.9,,,,,,False
2021-08-25 00:56:00-07:00,,18.9,1.1,,,,,,False
2021-08-25 00:57:00-07:00,,18.9,1.0,,,,,,False
2021-08-25 00:58:00-07:00,,18.9,1.1,,,,,,False
2021-08-25 00:59:00-07:00,,18.9,0.9,,,,,,False
2021-08-25 01:00:00-07:00,,18.8,0.6,,,,,,False
2021-08-25 01:01:00-07:00,,18.8,0.2,,,,,,False
2021-08-25 01:02:00-07:00,,18.7,0.5,,,,,,False
2021-08-25 01:03:00-07:00,,18.7,1.0,,,,,,False
2021-08-25 01:04:00-07:00,,18.6,1.0,,,,,,False
2021-08-25 01:05:00-07:00,,18.6,0.5,,,,,,False
2021-08-25 01:06:00-07:00,,18.6,0.2,,,,,,False
2021-08-25 01:07:00-07:00,,18.6,0.2,,,,,,False
2021-08-25 01:08:00-07:00,,18.6,0.2,,,,,,False
2021-08-25 01:09:00-07:00,,18.6,0.4,,,,,,False
2021-08-25 01:10:00-07:00,,18.6,0.9,,,,,,False
2021-08-25 01:11:00-07:00,,18.5,1.4,,,,,,False
2021-08-25 01:12:00-07:00,,18.4,1.3,,,,,,False
2021-08-25 01:13:00-07:00,,18.3,1.1,,,,,,False
2021-08-25 01:14:00-07:00,,18.3,0.8,,,,,,False
2021-08-25 01:15:00-07:00,,18.3,0.8,,,,,,False
2021-08-25 01:16:00-07:00,,18.3,0.7,,,,,,False
2021-08-25 01:17:00-07:00,,18.3,0.5,,,,,,False
2021-08-25 01:18:00-07:00,,18.3,0.5,,,,,,False
2021-08-25 01:19:00-07:00,,18.3,0.7,,,,,,False
2021-08-25 01:20:00-07:00,,18.2,0.9,,,,,,False
2021-08-25 01:21:00-07:00,,18.1,0.9,,,,,,False
2021-08-25 01:22:00-07:00,,18.0,0.9,,,,,,False
2021-08-25 01:23:00-07:00,,18.0,0.7,,,,,,False
2021-08-25 01:24:00-07:00,,18.0,0.7,,,,,,False
2021-08-25 01:25:00-07:00,,17.9,0.7,,,,,,False
2021-08-25 01:26:00-07:00,,17.9,0.8,,,,,,False
2021-08-25 01:27:00-07:00,,17.8,0.9,,,,,,False
2021-08-25 01:28:00-07:00,,17.8,1.0,,,,,,False
2021-08-25 01:29:00-07:00,,17.7,0.9,,,,,,False
2021-08-25 01:30:00-07:00,,17.7,0.9,,,,,,False
2021-08-25 01:31:00-07:00,,17.7,1.2,,,,,,False
2021-08-25 01:32:00-07:00,,17.6,1.5,,,,,,False
2021-08-25 01:33:00-07:00,,17.5,1.6,,,,,,False
2021-08-25 01:34:00-07:00,,17.4,1.1,,,,,,False
2021-08-25 01:35:00-07:00,,17.4,1.1,,,,,,False
2021-08-25 01:36:00-07:00,,17.3,1.7,,,,,,False
2021-08-25 01:37:00-07:00,,17.2,1.9,,,,,,False
2021-08-25 01:38:00-07:00,,17.1,2.1,,,,,,False
2021-08-25 01:39:00-07:00,,17.0,2.1,,,,,,False
2021-08-25 01:40:00-07:00,,16.9,2.2,,,,,,False
2021-08-25 01:41:00-07:00,,16.8,2.0,,,,,,False
2021-08-25 01:42:00-07:00,,16.7,1.5,,,,,,False
2021-08-25 01:43:00-07:00,,16.7,1.4,,,,,,False
2021-08-25 01:44:00-07:00,,16.7,1.6,,,,,,False
2021-08-25 01:45:00-07:00,,16.7,1.3,,,,,,False
2021-08-25 01:46:00-07:00,,16.5,1.2,,,,,,False
2021-08-25 01:47:00-07:00,,16.4,1.0,,,,,,False
2021-08-25 01:48:00-07:00,,16.4,1.0,,,,,,False
2021-08-25 01:49:00-07:00,,16.3,1.1,,,,,,False
2021-08-25 01:50:00-07:00,,16.3,1.0,,,,,,False
2021-08-25 01:51:00-07:00,,16.3,0.8,,,,,,False
2021-08-25 01:52:00-07:00,,16.3,0.8,,,,,,False
2021-08-25 01:53:00-07:00,,16.4,0.7,,,,,,False
2021-08-25 01:54:00-07:00,,16.4,0.9,,,,,,False
2021-08-25 01:55:00-07:00,,16.4,0.8,,,,,,False
2021-08-25 01:56:00-07:00,,16.4,1.0,,,,,,False
2021-08-25 01:57:00-07:00,,16.4,1.1,,,,,,False
2021-08-25 01:58:00-07:00,,16.4,1.3,,,,,,False
2021-08-25 01:59:00-07:00,,16.4,1.2,,,,,,False
2021-08-25 02:00:00-07:00,,16.5,1.2,,,,,,False
2021-08-25 02:01:00-07:00,,16.5,1.2,,,,,,False
2021-08-25 02:02:00-07:00,,16.4,1.4,,,,,,False
2021-08-25 02:03:00-07:00,,16.4,1.4,,,,,,False
2021-08-25 02:04:00-07:00,,16.4,1.4,,,,,,False
2021-08-25 02:05:00-07:00,,16.4,1.2,,,,,,False
2021-08-25 02:06:00-07:00,,16.5,1.5,,,,,,False
2021-08-25 02:07:00-07:00,,16.5,1.4,,,,,,False
2021-08-25 02:08:00-07:00,,16.6,1.4,,,,,,False
2021-08-25 02:09:00-07:00,,16.6,1.5,,,,,,False
2021-08-25 02:10:00-07:00,,16.7,1.5,,,,,,False
2021-08-25 02:11:00-07:00,,16.7,1.5,,,,,,False
2021-08-25 02:12:00-07:00,,16.7,1.5,,,,,,False
2021-08-25 02:13:00-07:00,,16.7,1.3,,,,,,False
2021-08-25 02:14:00-07:00,,16.7,1.3,,,,,,False
2021-08-25 02:15:00-07:00,,16.8,1.4,,,,,,False
2021-08-25 02:16:00-07:00,,16.8,1.6,,,,,,False
2021-08-25 02:17:00-07:00,,16.8,1.5,,,,,,False
2021-08-25 02:18:00-07:00,,16.8,1.6,,,,,,False
2021-08-25 02:19:00-07:00,,16.8,1.7,,,,,,False
2021-08-25 02:20:00-07:00,,16.7,1.8,,,,,,False
2021-08-25 02:21:00-07:00,,16.7,1.8,,,,,,False
2021-08-25 02:22:00-07:00,,16.7,1.8,,,,,,False
2021-08-25 02:23:00-07:00,,16.7,1.8,,,,,,False
2021-08-25 02:24:00-07:00,,16.6,2.0,,,,,,False
2021-08-25 02:25:00-07:00,,16.6,2.1,,,,,,False
2021-08-25 02:26:00-07:00,,16.5,2.1,,,,,,False
2021-08-25 02:27:00-07:00,,16.5,2.1,,,,,,False
2021-08-25 02:28:00-07:00,,16.4,2.2,,,,,,False
2021-08-25 02:29:00-07:00,,16.4,2.2,,,,,,False
2021-08-25 02:30:00-07:00,,16.3,2.2,,,,,,False
2021-08-25 02:31:00-07:00,,16.3,2.2,,,,,,False
2021-08-25 02:32:00-07:00,,16.2,2.1,,,,,,False
2021-08-25 02:33:00-07:00,,16.2,2.2,,,,,,False
2021-08-25 02:34:00-07:00,,16.1,2.2,,,,,,False
2021-08-25 02:35:00-07:00,,16.1,2.1,,,,,,False
2021-08-25 02:36:00-07:00,,16.1,2.0,,,,,,False
2021-08-25 02:37:00-07:00,,16.1,1.9,,,,,,False
2021-08-25 02:38:00-07:00,,16.1,1.8,,,,,,False
2021-08-25 02:39:00-07:00,,16.1,1.7,,,,,,False
2021-08-25 02:40:00-07:00,,16.1,1.6,,,,,,False
2021-08-25 02:41:00-07:00,,16.0,1.2,,,,,,False
2021-08-25 02:42:00-07:00,,15.9,1.3,,,,,,False
2021-08-25 02:43:00-07:00,,15.9,1.2,,,,,,False
2021-08-25 02:44:00-07:00,,15.8,1.1,,,,,,False
2021-08-25 02:45:00-07:00,,15.8,1.2,,,,,,False
2021-08-25 02:46:00-07:00,,15.7,1.1,,,,,,False
2021-08-25 02:47:00-07:00,,15.7,0.9,,,,,,False
2021-08-25 02:48:00-07:00,,15.6,1.0,,,,,,False
2021-08-25 02:49:00-07:00,,15.6,1.0,,,,,,False
2021-08-25 02:50:00-07:00,,15.5,1.5,,,,,,False
2021-08-25 02:51:00-07:00,,15.6,1.5,,,,,,False
2021-08-25 02:52:00-07:00,,15.6,1.6,,,,,,False
2021-08-25 02:53:00-07:00,,15.6,1.6,,,,,,False
2021-08-25 02:54:00-07:00,,15.6,1.5,,,,,,False
2021-08-25 02:55:00-07:00,,15.6,1.6,,,,,,False
2021-08-25 02:56:00-07:00,,15.6,1.6,,,,,,False
2021-08-25 02:57:00-07:00,,15.6,1.7,,,,,,False
2021-08-25 02:58:00-07:00,,15.7,1.7,,,,,,False
2021-08-25 02:59:00-07:00,,15.6,1.8,,,,,,False
2021-08-25 03:00:00-07:00,,15.6,1.9,,,,,,False
2021-08-25 03:01:00-07:00,,15.6,1.8,,,,,,False
2021-08-25 03:02:00-07:00,,15.6,1.7,,,,,,False
2021-08-25 03:03:00-07:00,,15.5,1.8,,,,,,False
2021-08-25 03:04:00-07:00,,15.5,1.8,,,,,,False
2021-08-25 03:05:00-07:00,,15.5,1.9,,,,,,False
2021-08-25 03:06:00-07:00,,15.5,1.8,,,,,,False
2021-08-25 03:07:00-07:00,,15.4,1.7,,,,,,False
2021-08-25 03:08:00-07:00,,15.4,1.6,,,,,,False
2021-08-25 03:09:00-07:00,,15.4,1.5,,,,,,False
2021-08-25 03:10:00-07:00,,15.4,1.6,,,,,,False
2021-08-25 03:11:00-07:00,,15.4,1.5,,,,,,False
2021-08-25 03:12:00-07:00,,15.4,1.5,,,,,,False
2021-08-25 03:13:00-07:00,,15.4,1.5,,,,,,False
2021-08-25 03:14:00-07:00,,15.3,1.5,,,,,,False
2021-08-25 03:15:00-07:00,,15.3,1.5,,,,,,False
2021-08-25 03:16:00-07:00,,15.3,1.4,,,,,,False
2021-08-25 03:17:00-07:00,,15.2,1.4,,,,,,False
2021-08-25 03:18:00-07:00,,15.2,1.4,,,,,,False
2021-08-25 03:19:00-07:00,,15.1,1.4,,,,,,False
2021-08-25 03:20:00-07:00,,15.1,1.4,,,,,,False
2021-08-25 03:21:00-07:00,,15.1,1.3,,,,,,False
2021-08-25 03:22:00-07:00,,15.1,1.4,,,,,,False
2021-08-25 03:23:00-07:00,,15.1,1.4,,,,,,False
2021-08-25 03:24:00-07:00,,15.1,1.4,,,,,,False
2021-08-25 03:25:00-07:00,,15.1,1.3,,,,,,False
2021-08-25 03:26:00-07:00,,15.1,1.1,,,,,,False
2021-08-25 03:27:00-07:00,,15.1,1.0,,,,,,False
2021-08-25 03:28:00-07:00,,15.1,0.8,,,,,,False
2021-08-25 03:29:00-07:00,,15.1,0.7,,,,,,False
2021-08-25 03:30:00-07:00,,15.1,0.6,,,,,,False
2021-08-25 03:31:00-07:00,,15.1,0.6,,,,,,False
2021-08-25 03:32:00-07:00,,15.1,0.7,,,,,,False
2021-08-25 03:33:00-07:00,,15.1,0.8,,,,,,False
2021-08-25 03:34:00-07:00,,15.2,0.8,,,,,,False
2021-08-25 03:35:00-07:00,,15.2,0.8,,,,,,False
2021-08-25 03:36:00-07:00,,15.2,1.0,,,,,,False
2021-08-25 03:37:00-07:00,,15.2,1.0,,,,,,False
2021-08-25 03:38:00-07:00,,15.2,1.1,,,,,,False
2021-08-25 03:39:00-07:00,,15.3,1.1,,,,,,False
2021-08-25 03:40:00-07:00,,15.3,1.2,,,,,,False
2021-08-25 03:41:00-07:00,,15.4,1.3,,,,,,False
2021-08-25 03:42:00-07:00,,15.4,1.2,,,,,,False
2021-08-25 03:43:00-07:00,,15.4,1.2,,,,,,False
2021-08-25 03:44:00-07:00,,15.3,1.2,,,,,,False
2021-08-25 03:45:00-07:00,,15.3,1.2,,,,,,False
2021-08-25 03:46:00-07:00,,15.3,1.1,,,,,,False
2021-08-25 03:47:00-07:00,,15.3,1.2,,,,,,False
2021-08-25 03:48:00-07:00,,15.3,1.3,,,,,,False
2021-08-25 03:49:00-07:00,,15.3,1.3,,,,,,False
2021-08-25 03:50:00-07:00,,15.2,1.3,,,,,,False
2021-08-25 03:51:00-07:00,,15.2,1.3,,,,,,False
2021-08-25 03:52:00-07:00,,15.2,1.3,,,,,,False
2021-08-25 03:53:00-07:00,,15.2,1.1,,,,,,False
2021-08-25 03:54:00-07:00,,15.1,1.2,,,,,,False
2021-08-25 03:55:00-07:00,,15.1,1.3,,,,,,False
2021-08-25 03:56:00-07:00,,15.0,1.3,,,,,,False
2021-08-25 03:57:00-07:00,,15.0,1.2,,,,,,False
2021-08-25 03:58:00-07:00,,15.0,1.3,,,,,,False
2021-08-25 03:59:00-07:00,,15.0,1.3,,,,,,False
2021-08-25 04:00:00-07:00,,14.9,1.4,,,,,,False
2021-08-25 04:01:00-07:00,,14.9,1.5,,,,,,False
2021-08-25 04:02:00-07:00,,14.9,1.5,,,,,,False
2021-08-25 04:03:00-07:00,,14.9,1.5,,,,,,False
2021-08-25 04:04:00-07:00,,14.9,1.6,,,,,,False
2021-08-25 04:05:00-07:00,,14.9,1.3,,,,,,False
2021-08-25 04:06:00-07:00,,14.9,1.2,,,,,,False
2021-08-25 04:07:00-07:00,,14.9,1.2,,,,,,False
2021-08-25 04:08:00-07:00,,14.9,1.1,,,,,,False
2021-08-25 04:09:00-07:00,,14.9,1.2,,,,,,False
2021-08-25 04:10:00-07:00,,15.0,1.3,,,,,,False
2021-08-25 04:11:00-07:00,,15.0,1.0,,,,,,False
2021-08-25 04:12:00-07:00,,14.9,0.9,,,,,,False
2021-08-25 04:13:00-07:00,,14.9,1.0,,,,,,False
2021-08-25 04:14:00-07:00,,14.9,1.1,,,,,,False
2021-08-25 04:15:00-07:00,,14.9,1.1,,,,,,False
2021-08-25 04:16:00-07:00,,14.9,1.1,,,,,,False
2021-08-25 04:17:00-07:00,,14.9,1.0,,,,,,False
2021-08-25 04:18:00-07:00,,14.9,1.0,,,,,,False
2021-08-25 04:19:00-07:00,,15.0,1.0,,,,,,False
2021-08-25 04:20:00-07:00,,15.0,1.1,,,,,,False
2021-08-25 04:21:00-07:00,,15.1,1.0,,,,,,False
2021-08-25 04:22:00-07:00,,15.1,0.9,,,,,,False
2021-08-25 04:23:00-07:00,,15.2,1.0,,,,,,False
2021-08-25 04:24:00-07:00,,15.2,1.1,,,,,,False
2021-08-25 04:25:00-07:00,,15.3,1.1,,,,,,False
2021-08-25 04:26:00-07:00,,15.4,1.3,,,,,,False
2021-08-25 04:27:00-07:00,,15.4,1.4,,,,,,False
2021-08-25 04:28:00-07:00,,15.4,1.5,,,,,,False
2021-08-25 04:29:00-07:00,,15.4,1.5,,,,,,False
2021-08-25 04:30:00-07:00,,15.4,1.5,,,,,,False
2021-08-25 04:31:00-07:00,,15.4,1.3,,,,,,False
2021-08-25 04:32:00-07:00,,15.4,1.4,,,,,,False
2021-08-25 04:33:00-07:00,,15.4,1.4,,,,,,False
2021-08-25 04:34:00-07:00,,15.3,1.3,,,,,,False
2021-08-25 04:35:00-07:00,,15.3,1.4,,,,,,False
2021-08-25 04:36:00-07:00,,15.3,1.4,,,,,,False
2021-08-25 04:37:00-07:00,,15.3,1.5,,,,,,False
2021-08-25 04:38:00-07:00,,15.3,1.7,,,,,,False
2021-08-25 04:39:00-07:00,,15.3,1.6,,,,,,False
2021-08-25 04:40:00-07:00,,15.3,1.5,,,,,,False
2021-08-25 04:41:00-07:00,,15.3,1.5,,,,,,False
2021-08-25 04:42:00-07:00,,15.2,1.5,,,,,,False
2021-08-25 04:43:00-07:00,,15.2,1.5,,,,,,False
2021-08-25 04:44:00-07:00,,15.2,1.7,,,,,,False
2021-08-25 04:45:00-07:00,,15.2,1.8,,,,,,False
2021-08-25 04:46:00-07:00,,15.2,1.8,,,,,,False
2021-08-25 04:47:00-07:00,,15.2,2.0,,,,,,False
2021-08-25 04:48:00-07:00,,15.2,1.8,,,,,,False
2021-08-25 04:49:00-07:00,,15.2,1.6,,,,,,False
2021-08-25 04:50:00-07:00,,15.2,1.4,,,,,,False
2021-08-25 04:51:00-07:00,,15.2,1.6,,,,,,False
2021-08-25 04:52:00-07:00,,15.1,1.7,,,,,,False
2021-08-25 04:53:00-07:00,,15.2,1.8,,,,,,False
2021-08-25 04:54:00-07:00,,15.2,1.8,,,,,,False
2021-08-25 04:55:00-07:00,,15.2,1.7,,,,,,False
2021-08-25 04:56:00-07:00,,15.2,1.7,,,,,,False
2021-08-25 04:57:00-07:00,,15.2,1.7,,,,,,False
2021-08-25 04:58:00-07:00,,15.3,1.8,,,,,,False
2021-08-25 04:59:00-07:00,,15.2,1.6,,,,,,False
2021-08-25 05:00:00-07:00,,15.2,1.6,,,,,,False
2021-08-25 05:01:00-07:00,,15.2,1.6,,,,,,False
2021-08-25 05:02:00-07:00,,15.2,1.3,,,,,,False
2021-08-25 05:03:00-07:00,,15.1,1.5,,,,,,False
2021-08-25 05:04:00-07:00,,15.0,1.6,,,,,,False
2021-08-25 05:05:00-07:00,,15.0,1.7,,,,,,False
2021-08-25 05:06:00-07:00,,15.1,1.9,,,,,,False
2021-08-25 05:07:00-07:00,,15.2,2.0,,,,,,False
2021-08-25 05:08:00-07:00,,15.2,1.9,,,,,,False
2021-08-25 05:09:00-07:00,,15.2,2.1,,,,,,False
2021-08-25 05:10:00-07:00,,15.2,2.3,,,,,,False
2021-08-25 05:11:00-07:00,,15.2,2.4,,,,,,False
2021-08-25 05:12:00-07:00,,15.2,2.4,,,,,,False
2021-08-25 05:13:00-07:00,,15.2,2.2,,,,,,False
2021-08-25 05:14:00-07:00,,15.1,2.2,,,,,,False
2021-08-25 05:15:00-07:00,,15.2,1.9,,,,,,False
2021-08-25 05:16:00-07:00,,15.2,1.8,,,,,,False
2021-08-25 05:17:00-07:00,,15.2,1.7,,,,,,False
2021-08-25 05:18:00-07:00,,15.2,1.7,,,,,,False
2021-08-25 05:19:00-07:00,,15.2,1.6,,,,,,False
2021-08-25 05:20:00-07:00,,15.3,1.7,,,,,,False
2021-08-25 05:21:00-07:00,,15.4,1.5,,,,,,False
2021-08-25 05:22:00-07:00,,15.4,1.4,,,,,,False
2021-08-25 05:23:00-07:00,,15.4,1.4,,,,,,False
2021-08-25 05:24:00-07:00,,15.4,1.5,,,,,,False
2021-08-25 05:25:00-07:00,89.6308178050948,15.5,1.4,6.526953336590648,12.222225431690823,870.6915833274888,10.641788812904384,4.267644979634191,False
2021-08-25 05:26:00-07:00,89.06471422240989,15.5,1.2,7.873213602186764,14.747666069018573,879.8771545509883,12.97613445707622,6.542821719730889,False
2021-08-25 05:27:00-07:00,88.49347411224703,15.5,1.2,9.466513928945002,17.738661322281622,888.7835330785279,15.765830082100893,9.272069351830464,False
2021-08-25 05:28:00-07:00,87.91676987531125,15.5,1.2,11.255913267668495,21.09856310651243,897.0891160724815,18.927291327620708,12.373755687214176,False
2021-08-25 05:29:00-07:00,87.33451331621046,15.5,1.3,13.609535002895072,25.517233402635224,906.18552660889,23.123347588568958,16.499686490208994,False
2021-08-25 05:30:00-07:00,86.74677119819309,15.4,1.1,16.470920204183003,30.89224590500217,915.6427510834884,28.286261027603814,21.584157467379775,False
2021-08-25 05:31:00-07:00,86.15370173946681,15.4,1.1,19.67023762926585,36.902684670260854,923.8558380490897,34.09276067230514,27.313866728786447,False
2021-08-25 05:32:00-07:00,85.55551389048887,15.4,1.3,23.124556426047114,43.39833777153107,931.1559864267733,40.41062201693231,33.555337852792974,False
2021-08-25 05:33:00-07:00,84.95243847013663,15.4,1.3,26.90151307126483,50.5050912926775,937.7681767490768,47.36206737807986,40.42864480192838,False
2021-08-25 05:34:00-07:00,84.34470954584995,15.4,1.3,30.996421093429788,58.19932251077232,944.0387516674533,54.94241577096103,47.92689587122983,False
2021-08-25 05:35:00-07:00,83.73255268933669,15.4,1.3,35.429532230143764,66.54854491152688,949.549258053891,63.191121445306386,56.091361654494065,False
2021-08-25 05:36:00-07:00,83.11617793724483,15.4,1.3,39.976862010241206,75.11088507583402,954.4564548807883,71.69006909243885,64.50554347975616,False
2021-08-25 05:37:00-07:00,82.49577593210807,15.4,1.2,45.11021346449096,84.7730419537969,959.2478860549039,81.31836128862338,74.03949226736486,False
2021-08-25 05:38:00-07:00,81.87151614032999,15.4,1.5,50.860839342555806,95.59303189104607,964.0997150424064,92.1612148061972,84.77590218459858,False
2021-08-25 05:39:00-07:00,81.24354641832632,15.4,1.4,56.32931819767383,105.87503193984983,967.9982325475894,102.48684378869423,95.00129033602121,False
2021-08-25 05:40:00-07:00,80.61199298577769,15.4,1.3,62.07005509865633,116.70555902673847,971.2580569483144,113.35121449537685,105.76214278453527,False
2021-08-25 05:41:00-07:00,79.97696300263232,15.4,1.4,68.28102947004905,128.40234311498025,974.6320933160888,125.14504445684392,117.44096869288919,False
2021-08-25 05:42:00-07:00,79.33854317959586,15.4,1.5,75.0145979642967,141.0960910835443,977.749821766894,137.9566779089409,130.1269606464731,False
2021-08-25 05:43:00-07:00,78.6968027197047,15.5,1.4,81.9922515578481,154.238812615688,979.9967630610316,151.15353710175125,143.19633269249223,False
2021-08-25 05:44:00-07:00,78.0517941655414,15.5,1.3,88.91715846682274,167.32220743410804,982.1241290317731,164.33117724389703,156.24313449698235,False
2021-08-25 05:45:00-07:00,77.40355462387127,15.5,1.4,96.48786367504147,181.57775218082935,984.584520562535,178.77864407578463,170.5413135364204,False
2021-08-25 05:46:00-07:00,76.75210690394591,15.5,1.5,104.16938498519437,196.08016447272968,986.5821553984822,193.44919129639456,185.05852089009474,False
2021-08-25 05:47:00-07:00,76.09746056930264,15.5,1.4,112.07903247775567,211.00647077563127,988.2086017574019,208.5184094469507,199.96791390800183,False
2021-08-25 05:48:00-07:00,75.4396128703822,15.5,1.3,119.8977751473605,225.70856306539855,989.799756820556,223.4062808344486,214.69272176337068,False
2021-08-25 05:49:00-07:00,74.77854957410771,15.5,1.4,127.81471352553143,240.64482709329775,991.2042893504904,238.52818482488382,229.64525025254352,False
2021-08-25 05:50:00-07:00,74.11424568717223,15.4,1.4,136.13230167052888,256.33326368825766,992.870685223645,254.50578316377363,245.43665089368204,False
2021-08-25 05:51:00-07:00,73.44666562227145,15.3,1.3,145.2786976318019,273.5617483781507,994.3906354530412,272.02724080539423,262.74945013416135,False
2021-08-25 05:52:00-07:00,72.77576552198306,15.3,1.4,154.08834311496682,290.26192264229314,995.0962860713626,288.8385612092791,279.3600420123861,False
2021-08-25 05:53:00-07:00,72.10149100109692,15.3,1.6,163.24345345103458,307.4997152345521,996.2357075181371,306.3421963683197,296.6445832802632,False
2021-08-25 05:54:00-07:00,71.42377928520601,15.3,1.4,172.49016995699418,325.0097173564162,996.300954924311,323.8074917618779,313.8935327847844,False
2021-08-25 05:55:00-07:00,70.74255903546255,15.3,1.5,182.0781843194835,343.08899136581925,996.9526871194706,342.0434918632623,331.89151455519897,False
2021-08-25 05:56:00-07:00,70.05775053954345,15.4,1.8,191.54349577604114,360.9649034763277,997.2637066239466,359.97719760195776,349.5869384987255,False
2021-08-25 05:57:00-07:00,69.36926584572177,15.4,1.8,201.74034621718687,380.2500848890547,997.382159999368,379.25465100658835,368.6024532603977,False
2021-08-25 05:58:00-07:00,68.67700881805054,15.4,1.9,211.61471635438113,398.9438792109573,997.5326377612251,397.9595401480018,387.0452131850335,False
2021-08-25 05:59:00-07:00,67.98087513460496,15.4,1.9,221.73605680991847,417.9331658795991,997.8134635321318,417.0193397712717,405.82892410879975,False
2021-08-25 06:00:00-07:00,67.28075222294189,15.4,1.7,231.81013363857198,437.1387098374582,996.8538910784362,435.76342384247766,424.3060496442765,False
2021-08-25 06:01:00-07:00,66.57651913686148,15.4,1.7,241.45609534887774,455.23459648529166,996.9090139015601,453.8274726760268,442.0962112299176,False
2021-08-25 06:02:00-07:00,65.86804589024517,15.4,1.9,250.78345083055135,472.9262014763735,996.914111448224,471.46680392540264,459.4618534029855,False
2021-08-25 06:03:00-07:00,65.15519512374745,15.3,2.0,260.711156930112,491.5515325088058,997.5252462688999,490.33506351970163,478.0236098299371,False
2021-08-25 06:04:00-07:00,64.43781894378355,15.3,2.2,270.6326384942705,510.3389725727851,997.4781452479548,509.0519718096486,496.43573315609933,False
2021-08-25 06:05:00-07:00,63.71576045252079,15.3,2.2,280.37038924448035,528.771220548775,996.9391262233434,527.1527185859464,514.2400598629391,False
2021-08-25 06:06:00-07:00,62.988852841277044,15.3,2.3,290.12348556604496,547.242968481049,996.5787466485148,545.3707116410566,532.1508455862019,False
2021-08-25 06:07:00-07:00,62.25691888084714,15.2,2.3,300.34987573620185,566.5951116240066,996.4023494486574,564.5567004082844,551.0034912847153,False
2021-08-25 06:08:00-07:00,61.51977035129026,15.2,2.1,310.63903803496834,585.9280769061426,995.3823220802639,583.2224497628596,569.3473803078444,False
2021-08-25 06:09:00-07:00,60.77720737779633,15.1,1.9,321.26021448142274,606.2001103016291,994.1981772622858,602.6830447180763,588.4664265015195,False
2021-08-25 06:10:00-07:00,60.029017686051915,15.1,1.9,331.82790024936935,626.1491739459113,993.4070675381492,622.0210147310423,607.4528716045313,False
2021-08-25 06:11:00-07:00,59.27497576202989,15.1,1.8,342.9965677816716,647.3272032028258,992.0653561908521,642.1908924174395,627.2544132052705,False
2021-08-25 06:12:00-07:00,58.514841898794366,15.1,1.8,354.9289728845963,669.7569262187423,991.1891705579203,663.8558121741772,648.5076186215946,False
2021-08-25 06:13:00-07:00,57.74836113982056,15.1,1.6,366.5395642568339,691.9781373177186,989.0472404874374,684.3990671917267,668.6686268651974,False
2021-08-25 06:14:00-07:00,56.97526155574027,15.1,1.6,377.84896198422365,713.2619333991478,988.0601136750581,704.7456669944537,688.6139008895908,False
2021-08-25 06:15:00-07:00,56.19525497874752,15.1,1.7,390.1730006185463,736.5768595869056,987.1148108919833,727.0859274585393,710.5020674229851,False
2021-08-25 06:16:00-07:00,55.4080323809226,15.1,1.8,401.95121432972053,759.0129534920108,986.0015222181006,748.387927526379,731.3664932076616,False
2021-08-25 06:17:00-07:00,54.61326423391978,15.1,1.6,414.0584603623437,781.8547372153893,984.0040115193508,769.348197845351,751.9000122138809,False
2021-08-25 06:18:00-07:00,53.8105980799078,15.2,1.6,425.73889760024457,804.0534813718663,982.0540687904445,789.6239929063632,771.7553683926358,False
2021-08-25 06:19:00-07:00,52.99965635418547,15.2,1.6,436.2791816455301,824.1124074915232,980.6686213428543,808.1811784862526,789.9151806527924,False
2021-08-25 06:20:00-07:00,52.18003392620029,15.2,1.8,447.62611040707026,845.494602312829,980.2010558166071,828.7547018742772,810.0245616032913,False
2021-08-25 06:21:00-07:00,51.35129530613788,15.2,1.8,458.40700132984614,865.781933111862,979.011881273222,847.6107991082109,828.45901156862,False
2021-08-25 06:22:00-07:00,50.51297145451211,15.3,1.7,469.86730872901455,887.7563206416618,976.3668177866441,866.775813754879,847.2102956277093,False
2021-08-25 06:23:00-07:00,49.66455615084983,15.3,1.7,481.24937227495093,909.1117791183141,975.1098569945598,886.483856928129,866.4633743005724,False
2021-08-25 06:24:00-07:00,48.80550181104358,15.3,1.8,493.7031856795422,932.64269379828,973.9613574802083,908.3579440957712,887.8196835975607,False
2021-08-25 06:25:00-07:00,47.935214090642155,15.4,1.5,505.26604951468966,954.8509443803196,970.2622833664105,926.4558575690224,905.5262687769973,False
2021-08-25 06:26:00-07:00,47.05304866330041,15.5,1.2,517.332195331195,978.0417676698484,966.3604866051003,945.140918525547,923.8032527579663,False
2021-08-25 06:27:00-07:00,46.15830124643907,15.5,1.2,528.9324352424668,1000.1393882922297,964.5893525838721,964.7238050464318,942.9140950518429,False
2021-08-25 06:28:00-07:00,45.25020238500828,15.5,1.4,540.729356456304,1022.3078844022087,964.0537459266391,985.5597454482868,963.217082275563,False
2021-08-25 06:29:00-07:00,44.32790799735444,15.5,1.2,553.0267622966404,1045.7708169380148,961.1005108020772,1005.0908663410318,982.282622525654,False
2021-08-25 06:30:00-07:00,43.390488904167896,15.5,1.4,565.532334722447,1069.186939823633,960.5355421052163,1026.992056855311,1003.6059998884494,False
2021-08-25 06:31:00-07:00,42.436918385230896,15.6,1.3,577.5447197016355,1092.1382041140064,957.5711841231342,1045.8000733395625,1021.9539285167268,False
2021-08-25 06:32:00-07:00,41.466057281228515,15.7,1.4,590.479015045968,1116.8669308227368,955.4890560479058,1067.1541294629385,1042.7552542278263,False
2021-08-25 06:33:00-07:00,40.47663605664063,15.8,1.1,602.9890231010145,1140.5289010036277,951.4726437387191,1085.1820486983372,1060.351285555807,False
2021-08-25 06:34:00-07:00,39.46723298534164,15.8,1.2,615.6723700358282,1164.4274974389596,950.1713383678895,1106.4056336739484,1080.9965066485931,False
2021-08-25 06:35:00-07:00,38.43624742241472,15.8,1.0,628.5669575451892,1189.353676133948,946.572583977836,1125.8095824816492,1099.9094556977946,False
2021-08-25 06:36:00-07:00,37.381866011018886,15.8,1.3,641.7691442714577,1214.0535197048482,946.4991090752425,1149.1005747703011,1122.521670690124,False
2021-08-25 06:37:00-07:00,36.302024143713815,15.9,1.1,654.0299587190342,1237.3008129982334,942.841842759188,1166.5789785746958,1139.5532352967016,False
2021-08-25 06:38:00-07:00,35.1943493773569,15.9,1.2,666.5822666296598,1260.9459272038282,941.5263706491739,1187.2138424250777,1159.595327599849,False
2021-08-25 06:39:00-07:00,34.056097111638664,16.0,1.3,679.1090385839008,1284.965874605265,939.4265274486658,1207.131029470462,1178.949188543239,False
2021-08-25 06:40:00-07:00,32.88406257397236,16.1,1.2,691.7827222095532,1309.207344882651,936.0773414522891,1225.5193308075623,1196.8396708324176,False
2021-08-25 06:41:00-07:00,31.674465354300374,16.1,1.5,704.2451140962704,1332.4058812132444,936.2499682966968,1247.4649640442326,1218.0981823928262,False
2021-08-25 06:42:00-07:00,30.42279383611058,16.1,1.4,716.1783160782139,1354.9077676931097,933.7124001634296,1265.0941837728078,1235.223856842705,False
2021-08-25 06:43:00-07:00,29.123591121669183,16.2,1.1,729.2039374477474,1380.1294415041823,928.6775599626865,1281.6952421687693,1251.401827707864,False
2021-08-25 06:44:00-07:00,27.770153030580282,16.3,0.9,741.0962421238596,1402.607603183564,924.8170839049762,1297.1554734391716,1266.4473494451565,False
2021-08-25 06:45:00-07:00,26.35408963804674,16.4,1.2,753.578831857253,1426.5152902101765,924.143249868664,1318.304476282173,1286.923891788604,False
2021-08-25 06:46:00-07:00,24.864666507108357,16.4,1.1,765.4333350976004,1448.5916871947793,921.6471714065492,1335.090431026109,1303.2127006264175,False
2021-08-25 06:47:00-07:00,23.2877719647515,16.4,1.2,778.8604028314851,1474.27189456657,919.8989102088756,1356.181109163362,1323.6412262105314,False
2021-08-25 06:48:00-07:00,21.604221460754108,16.5,1.0,792.1902112101448,1499.7330384678016,915.5016001021113,1373.0079964432737,1340.0014413467932,False
2021-08-25 06:49:00-07:00,19.786762971062952,16.5,1.2,806.0637660009679,1525.9880755481415,914.5895497090188,1395.652746876907,1361.8979539808279,False
2021-08-25 06:50:00-07:00,17.794363381384517,16.5,1.1,820.1006608367256,1552.3125672745034,911.521967350998,1414.9670052657336,1380.6189538090368,False
2021-08-25 06:51:00-07:00,15.559909238053983,16.5,0.7,833.6376385930398,1578.131919420344,905.8430061731145,1429.5397620254719,1394.8186878708536,False
2021-08-25 06:52:00-07:00,12.958722261262329,16.5,1.0,847.378989529992,1604.137331981523,905.7883565227279,1453.0089175722974,1417.4673861211152,False
2021-08-25 06:53:00-07:00,9.700040264008475,16.6,1.1,861.3628243124264,1630.2060733066007,903.8358411582494,1473.438677528358,1437.219331858839,False
2021-08-25 06:54:00-07:00,4.5382795925421995,16.5,1.5,875.3210897484234,1656.546911449336,905.0863166326254,1499.3179424128316,1462.1381539693912,False
2021-08-25 06:55:00-07:00,0.15023293933369047,16.5,1.3,881.1506264029146,1667.639108790035,902.4084177980271,1504.8915696213273,1467.5752299789656,False
2021-08-25 06:56:00-07:00,0.30466031666262,16.5,1.3,884.0407373394173,1672.9125973887235,901.9977070016267,1508.9633268587643,1471.509111454462,False
2021-08-25 06:57:00-07:00,0.45893156712453853,16.5,1.2,887.4918060008567,1679.5584424761987,900.494785477826,1512.4336193550762,1474.8900702669448,False
2021-08-25 06:58:00-07:00,0.6130448667877993,16.5,1.2,890.5941405275676,1685.4464855521173,899.9272067881814,1516.7791479338741,1479.0911286040082,False
2021-08-25 06:59:00-07:00,0.7669984911369133,16.5,1.0,894.2427208430721,1692.843383093318,897.3291214738057,1519.0376657438721,1481.3314293408462,False
2021-08-25 07:00:00-07:00,0.9207904018956232,16.6,0.9,897.0223068768993,1698.196898105882,895.4435330198888,1520.639430203347,1482.9213888066947,False
2021-08-25 07:01:00-07:00,1.0744188660859164,16.6,1.2,898.9158727348613,1701.0416472152717,898.0284902796957,1527.5838623516174,1489.547375926926,False
2021-08-25 07:02:00-07:00,1.227882044072549,16.7,1.4,901.1317849519203,1705.12345967803,898.8757084136394,1532.6940577508049,1494.448568269891,False
2021-08-25 07:03:00-07:00,1.381178091063153,16.7,1.6,903.895923934853,1710.2675652112578,900.0729068664434,1539.3654989390914,1500.8438404722324,False
2021-08-25 07:04:00-07:00,1.5343051582000287,16.6,1.6,906.3208285980825,1715.1763578097427,899.952204530116,1543.576744368813,1504.902172048565,False
2021-08-25 07:05:00-07:00,1.6872613922036517,16.6,1.3,908.4173373337076,1719.0225035608473,897.1516428560523,1542.2238631761381,1503.6697464361262,False
2021-08-25 07:06:00-07:00,1.8400449350387118,16.6,1.4,911.1766735355453,1724.33655040507,897.4452303096015,1547.4976126095416,1508.7406725648545,False
2021-08-25 07:07:00-07:00,1.9926539249786508,16.6,1.2,914.3024227750328,1730.4204156289536,895.1045615763949,1548.9072074743976,1510.1569485107048,False
2021-08-25 07:08:00-07:00,2.1450864948488966,16.6,1.2,917.8393756751049,1736.7546142424444,894.6464453617814,1553.781342097675,1514.8615443948445,False
2021-08-25 07:09:00-07:00,2.2973407730985747,16.6,1.2,919.7105507832799,1740.5859614207354,894.156858881845,1556.3568758778008,1517.353590020879,False
2021-08-25 07:10:00-07:00,2.4494149853802103,16.6,1.2,923.4738922555025,1748.011392502216,893.3162935657598,1561.5270582608023,1522.3522611114417,False
2021-08-25 07:11:00-07:00,2.601307046407791,16.6,1.0,927.3325973567396,1755.00945761666,891.0251301791834,1563.7575304385828,1524.557696687034,False
2021-08-25 07:12:00-07:00,2.7530151729064016,16.7,1.1,929.4385183854672,1759.3664738584125,890.8469593740989,1567.3262736614968,1527.9975334738,False
2021-08-25 07:13:00-07:00,2.9045374738167604,16.8,0.9,931.4684539855143,1763.1447068474793,888.2633596623128,1566.1368408751653,1526.918466966845,False
2021-08-25 07:14:00-07:00,3.0558720534113135,16.9,1.0,933.6812018364002,1767.68410038581,888.0852862852786,1569.854240353067,1530.5013763212942,False
2021-08-25 07:15:00-07:00,3.207017010952153,16.9,1.5,934.251965439536,1768.212672363586,892.5981300651249,1578.3033249091943,1538.5174858442297,False
2021-08-25 07:16:00-07:00,3.3579704403538346,16.8,1.2,936.3278360154837,1772.1179331776182,890.1242816858555,1577.4052023323502,1537.7167009948023,False
2021-08-25 07:17:00-07:00,3.5087304312460175,16.8,1.2,940.3149723610795,1779.462593975039,889.4943560792179,1582.821934194882,1542.9455214946463,False
2021-08-25 07:18:00-07:00,3.659295067238832,16.8,1.3,943.5090277942395,1785.5155378255301,889.781137325426,1588.7180459586198,1548.6113787191446,False
2021-08-25 07:19:00-07:00,3.8096624269826043,16.8,1.1,944.1940855918001,1786.7706155835808,887.9144348532817,1586.4994213483453,1546.5248887152466,False
2021-08-25 07:20:00-07:00,3.9598305838363883,16.8,1.2,946.0078859859152,1790.0846142008832,888.5244900898067,1590.534019050448,1550.391081213445,False
2021-08-25 07:21:00-07:00,4.109797706032657,16.9,1.3,946.9082128840192,1791.7162140541127,888.7963342349552,1592.470803040628,1552.2474188470153,False
2021-08-25 07:22:00-07:00,4.259561655604761,16.9,0.9,949.5273295623456,1797.4639133973585,884.354995427893,1589.5961909143239,1549.5966122860812,False
2021-08-25 07:23:00-07:00,4.409120590066018,17.0,1.3,949.8777222670259,1797.6609420172483,887.6137551637919,1595.6285792552094,1555.3160327518349,False
2021-08-25 07:24:00-07:00,4.558472561059372,17.0,1.2,950.9313398484408,1799.8325781532396,886.4493539409522,1595.4604261058178,1555.1844890337613,False
2021-08-25 07:25:00-07:00,4.707615614669445,17.0,1.1,953.499568800251,1804.5030858125176,885.1764847895606,1597.303698291439,1556.9908527493792,False
2021-08-25 07:26:00-07:00,4.856547791083907,17.0,0.8,956.9437999866293,1811.6196102200415,881.5151117329772,1596.9700631207727,1556.7650234840733,False
2021-08-25 07:27:00-07:00,5.005267125664123,17.2,1.3,958.5422216533417,1814.341047582591,884.9306828712827,1605.5660621986603,1564.9452143316462,False
2021-08-25 07:28:00-07:00,5.153771647213734,17.2,1.3,958.4067949750961,1814.1172965521623,884.9396222609413,1605.3842751479106,1564.7701263661913,False
2021-08-25 07:29:00-07:00,5.302059379053524,17.2,1.4,960.6153537279127,1818.0858395970656,885.5238953185379,1609.958454703468,1569.1543543975038,False
2021-08-25 07:30:00-07:00,5.450128338678569,17.2,1.5,962.6888966081276,1821.8294415061912,886.1144583824156,1614.3494088253974,1573.361694010449,False
2021-08-25 07:31:00-07:00,5.597976537444677,17.2,1.9,963.5130031420912,1822.4693262945189,889.8747141159577,1621.7693707214369,1580.3974218422486,False
2021-08-25 07:32:00-07:00,5.745602080538861,17.2,1.4,965.0719396410828,1826.6612102388283,884.6408935754289,1615.9392052852513,1574.9292414655772,False
2021-08-25 07:33:00-07:00,5.893002769442291,17.2,1.6,966.2589784547569,1828.508246323461,886.380264008788,1620.7536221184353,1579.5129311510698,False
2021-08-25 07:34:00-07:00,6.040176696964716,17.2,1.7,966.8657099373551,1829.3601069251774,887.285862115056,1623.1653595919972,1581.8079014320642,False
2021-08-25 07:35:00-07:00,6.187121850781513,17.3,1.7,968.8167170301647,1832.8728623281493,886.541593940887,1624.9180288593934,1583.512651419922,False
2021-08-25 07:36:00-07:00,6.333836212195715,17.3,2.0,969.6619405492814,1833.9828259143594,889.2097805781342,1630.7954662153743,1589.0922867147506,False
2021-08-25 07:37:00-07:00,6.480317757177445,17.3,1.7,971.1390485851168,1837.4622815070052,886.028017797624,1628.0430630615517,1586.5306520651648,False
2021-08-25 07:38:00-07:00,6.626564454677471,17.3,1.8,973.001339394285,1840.8532331324739,886.6264213056832,1632.149114241242,1590.4620439230625,False
2021-08-25 07:39:00-07:00,6.772574267685377,17.3,1.7,975.5175382045737,1845.912416944646,885.1572872313349,1633.9228274493598,1592.2060777569643,False
2021-08-25 07:40:00-07:00,6.918345152907801,17.4,2.1,978.0474816843554,1849.947426054014,888.0436688768954,1642.834099462376,1600.6942367412887,False
2021-08-25 07:41:00-07:00,7.063875060451896,17.3,1.5,980.0889947505598,1854.782368393835,882.4503256134527,1636.7533049312303,1594.9988831299079,False
2021-08-25 07:42:00-07:00,7.2091619348735465,17.4,1.1,982.3259321227241,1858.9074432181774,877.969858983435,1632.0647057855208,1590.610680562183,False
2021-08-25 07:43:00-07:00,7.354203713506078,17.4,1.7,983.9475753263057,1861.6190778700854,883.2684845553111,1644.3094617295662,1602.2397535608814,False
2021-08-25 07:44:00-07:00,7.498998424519632,17.5,1.3,985.6432462601208,1865.6466448210235,878.4956738967031,1638.9625064951683,1597.2278374918824,False
2021-08-25 07:45:00-07:00,7.643543798385335,17.5,1.1,987.2932779234286,1868.8954111159119,876.2863573077097,1637.6875519958573,1596.061102908944,False
2021-08-25 07:46:00-07:00,7.78783785015828,17.6,1.1,988.8094175855908,1871.6740925497752,875.5659481943269,1638.7741015541005,1597.1248245023892,False
2021-08-25 07:47:00-07:00,7.931878491951965,17.7,1.3,990.1374251790503,1873.9038989209912,876.8215829881591,1643.0793830195869,1601.229810268696,False
2021-08-25 07:48:00-07:00,8.075663628473732,17.7,1.2,991.3810719345449,1876.0625146286827,875.7585873099239,1642.9778575163189,1601.160630598963,False
2021-08-25 07:49:00-07:00,8.219191158062214,17.9,1.2,994.3598978820053,1882.1244826060515,874.0467051882025,1645.0647027758696,1603.2123210608777,False
2021-08-25 07:50:00-07:00,8.36245897238222,18.0,1.0,996.866516556542,1887.0396861462534,871.1412026913382,1643.8780217157325,1602.1493564383707,False
2021-08-25 07:51:00-07:00,8.505464956126465,18.0,1.4,998.5069526164591,1889.9382992638355,874.6629030659633,1653.0589194496558,1610.8791978238833,False
2021-08-25 07:52:00-07:00,8.648206988047473,18.0,1.3,998.0047937708462,1888.7504783527515,873.9428032874134,1650.6598877620468,1608.5929255049075,False
2021-08-25 07:53:00-07:00,8.79068293932216,18.0,1.5,998.3828227776561,1889.6121451919669,875.6438697770669,1654.6272911936387,1612.3600279326336,False
2021-08-25 07:54:00-07:00,8.93289067459336,18.0,1.5,998.5242377689799,1889.8437196651225,875.6345812378447,1654.8125140739405,1612.5382736703314,False
2021-08-25 07:55:00-07:00,9.07482814675324,18.0,1.0,1001.2482282519567,1894.982962695418,870.4754962018985,1649.536234746438,1607.6060144287585,False
2021-08-25 07:56:00-07:00,9.216493016122083,18.3,0.8,1002.9289243964685,1899.2178637672116,866.3150785938071,1645.3210729162545,1603.6657007822762,False
2021-08-25 07:57:00-07:00,9.357883222541469,18.5,1.3,1002.9249816174679,1898.6820887626848,870.3442514706633,1652.5070413249143,1610.4649085265983,False
2021-08-25 07:58:00-07:00,9.498996602878893,18.5,1.4,1002.5981292216924,1897.7325536676346,871.4842740759057,1653.844076923253,1611.7192614389037,False
2021-08-25 07:59:00-07:00,9.639830987312456,18.5,0.7,1004.6309406797932,1902.4780881250144,864.0389904922718,1643.8152466972049,1602.2789660658623,False
2021-08-25 08:00:00-07:00,9.780384199049546,18.7,0.9,1005.2907599730639,1903.163689690841,865.1481348588932,1646.5185164672002,1604.8480845951312,False
2021-08-25 08:01:00-07:00,9.920654054038382,18.8,1.0,1004.9650135188842,1902.8306233872893,865.5600811722823,1647.0142288362067,1605.313580983806,False
2021-08-25 08:02:00-07:00,10.060638361990955,18.7,1.3,1005.5659593549497,1903.885717998357,868.799611354,1654.0951718594038,1612.0328186641464,False
2021-08-25 08:03:00-07:00,10.200334924787157,18.6,1.1,1007.3651322527036,1907.0399186618272,867.1735673475716,1653.7346093401998,1611.7300267770481,False
2021-08-25 08:04:00-07:00,10.339741537512689,18.7,1.0,1007.5466737884103,1907.2352488417046,865.7715820378271,1651.2300787079914,1609.3604271683307,False
2021-08-25 08:05:00-07:00,10.47885598816359,18.8,1.1,1007.769419039397,1907.7943035141516,866.1415100760255,1652.4198389601866,1610.4940794678798,False
2021-08-25 08:06:00-07:00,10.617676150363836,18.8,0.7,1008.8170727984389,1910.7740886605243,861.6266551141355,1646.3738866913284,1604.8033920943678,False
2021-08-25 08:07:00-07:00,10.75619961222618,19.0,0.4,1010.9594261911211,1914.6795142593514,857.3341980414519,1641.520225863938,1600.2516122133982,False
2021-08-25 08:08:00-07:00,10.894424233310954,19.2,0.3,1011.8625961565058,1916.5953338113968,855.0905494808643,1638.862557121248,1597.7559106662386,False
2021-08-25 08:09:00-07:00,11.03234777310707,19.4,0.6,1012.4347013313329,1917.601474147591,857.0661629220401,1643.5113374613236,1602.1732956168526,False
2021-08-25 08:10:00-07:00,11.169967983925421,19.5,1.0,1012.3705853603387,1916.858676357176,860.7902567684065,1650.0132722102414,1608.3245467472996,False
2021-08-25 08:11:00-07:00,11.307282610650406,19.5,1.2,1012.2437655158905,1916.96310441801,862.5717858720847,1653.5182884287385,1611.645918050482,False
2021-08-25 08:12:00-07:00,11.444289391736557,19.5,1.1,1011.8088908164059,1915.855365770097,861.8291871151741,1651.1400725118874,1609.3798316253242,False
2021-08-25 08:13:00-07:00,11.580986057675997,19.4,1.3,1011.1089297823594,1914.1126079851342,864.5252200203322,1654.7986235620401,1612.8239821716245,False
2021-08-25 08:14:00-07:00,11.71737033199797,19.4,1.7,1012.291977057913,1916.2859659972596,868.0424929518828,1663.4176471329686,1621.0122685797628,False
2021-08-25 08:15:00-07:00,11.853439931022635,19.3,1.3,1011.652835433423,1915.19893475757,864.8789466279216,1656.4152372760445,1614.3682432327555,False
2021-08-25 08:16:00-07:00,11.989192563589722,19.3,1.3,1011.1783586953761,1914.426147669994,864.910850142232,1655.8079469157726,1613.7837017362997,False
2021-08-25 08:17:00-07:00,12.124626022780394,19.4,1.2,1012.7306507387107,1917.1567992867335,863.2886186066228,1655.0596449085383,1613.108165453572,False
2021-08-25 08:18:00-07:00,12.259737821332488,19.5,1.4,1011.5229112824253,1914.9772761091065,864.8680687104574,1656.2026984128952,1614.1642608048248,False
2021-08-25 08:19:00-07:00,12.394525737570145,19.7,1.6,1011.3315237050028,1914.5425927762271,865.8277750071736,1657.664153259906,1615.5429935896261,False
2021-08-25 08:20:00-07:00,12.528987451658525,19.8,1.9,1011.543558040461,1915.0192870687551,868.0009500552485,1662.2385605498043,1619.8803676266125,False
2021-08-25 08:21:00-07:00,12.663120636275453,19.6,1.8,1012.5795070073822,1916.7340136199175,867.982618348503,1663.6918078194517,1621.277335184988,False
2021-08-25 08:22:00-07:00,12.79692295761645,19.4,1.7,1012.0356662101929,1915.867775968927,868.0590016653863,1663.0862689304706,1620.6933923204463,False
2021-08-25 08:23:00-07:00,12.930392073906347,19.4,1.7,1012.9192103887037,1917.3090640438982,868.0020831221174,1664.2282615790207,1621.7922926659512,False
2021-08-25 08:24:00-07:00,13.063525636388572,19.4,1.4,1014.6208795855546,1921.0241442510987,864.6916441097176,1661.0935256669459,1618.8694672657964,False
2021-08-25 08:25:00-07:00,13.196321289099414,19.6,1.6,1015.5489538045528,1922.9111285307902,865.3597243572485,1664.0098441488906,1621.6539441268355,False
2021-08-25 08:26:00-07:00,13.328776668618925,19.7,2.0,1014.0856826532985,1919.2420724904248,869.1845562078913,1668.1755690331038,1625.553031254532,False
2021-08-25 08:27:00-07:00,13.460889405072134,19.6,1.7,1014.2289672704426,1919.8464724038563,866.7756012885865,1664.0760804996244,1621.679262954791,False
2021-08-25 08:28:00-07:00,13.59265712065683,19.8,1.8,1016.2595486652928,1923.6311789434044,866.382883128439,1666.6011268887448,1624.1162322514078,False
2021-08-25 08:29:00-07:00,13.72407751865929,19.8,2.0,1016.9270734174797,1924.9753342031354,868.031571198539,1670.9393638667805,1628.239754475747,False
2021-08-25 08:30:00-07:00,13.855148030945623,19.8,1.8,1017.6297463987863,1926.6669326746417,865.9344498940042,1668.3672704745843,1625.8254259338844,False
2021-08-25 08:31:00-07:00,13.985866346496604,19.7,1.6,1018.3133413927128,1928.015775498843,864.4288864428537,1666.6325298587196,1624.1993876776032,False
2021-08-25 08:32:00-07:00,14.116230059661019,19.9,1.3,1018.9754954571824,1929.603525901761,860.3850235432305,1660.2019750620873,1618.128994464443,False
2021-08-25 08:33:00-07:00,14.246236756955975,20.0,2.0,1019.6050500127645,1930.2416332864343,866.499345946063,1672.553112760556,1629.8318482583022,False
2021-08-25 08:34:00-07:00,14.375884018064879,19.8,1.8,1019.7589768561486,1930.1354116240082,865.7985422774319,1671.1084257821174,1628.462887054756,False
2021-08-25 08:35:00-07:00,14.50516941561763,19.8,1.5,1020.3911665735545,1932.104450637664,862.5655285441965,1666.566696666871,1624.1866525281962,False
2021-08-25 08:36:00-07:00,14.634090515216668,19.8,1.3,1020.1876755851512,1931.7787678315917,860.6928877739568,1662.6682462253884,1620.4909641402778,False
2021-08-25 08:37:00-07:00,14.762644875224863,19.9,1.5,1017.0556439466704,1925.6690390544752,862.7556308634504,1661.3818066236577,1619.198844345355,False
2021-08-25 08:38:00-07:00,14.89083004774999,20.1,1.7,1016.6170079939927,1924.832532416104,863.7269086223921,1662.529652839572,1620.275693881268,False
2021-08-25 08:39:00-07:00,15.01864357724381,20.3,1.4,1018.9326677710684,1929.6138548569697,859.3730015251347,1658.2580502329195,1616.2879351559861,False
2021-08-25 08:40:00-07:00,15.146083086822316,20.3,1.3,1018.0869657487056,1927.8348956563611,858.6649774488278,1655.3643072038326,1613.5255462647203,False
2021-08-25 08:41:00-07:00,15.2731459364822,20.4,1.9,1017.0186101440282,1925.6463721977973,864.0092914784882,1663.7763576807401,1621.4661288922769,False
2021-08-25 08:42:00-07:00,15.399829735650957,20.2,1.6,1016.9223870119114,1925.2347704925335,862.3476635166163,1660.2217060551852,1618.0949374195811,False
2021-08-25 08:43:00-07:00,15.526132002083784,20.1,2.1,1018.5627856450437,1927.911609324657,867.2623422762348,1672.0051380044476,1629.2846224692605,False
2021-08-25 08:44:00-07:00,15.652050246076152,20.1,2.0,1017.035518418773,1925.0484869801057,866.6308300217945,1668.3063681037686,1625.7480078354474,False
2021-08-25 08:45:00-07:00,15.77758197144937,20.2,2.0,1017.7599091133567,1926.8319406859348,865.8344958167299,1668.3175618873777,1625.7803761370444,False
2021-08-25 08:46:00-07:00,15.902724675358382,20.2,1.5,1018.7395578436233,1928.6006901335522,861.1158049273263,1660.7485356677507,1618.6345485326883,False
2021-08-25 08:47:00-07:00,16.027475848110438,20.4,1.5,1018.0945159114411,1927.9479978724798,860.0197884920454,1658.0734293539526,1616.093031301472,False
2021-08-25 08:48:00-07:00,16.15183297414079,20.3,2.2,1018.5200020381142,1927.8115560049112,867.2060339330275,1671.8098136532774,1629.098494620312,False
2021-08-25 08:49:00-07:00,16.27579353067046,20.3,1.4,1017.8343840850047,1927.330450835295,859.6678993211999,1656.864119967359,1614.940161465253,False
2021-08-25 08:50:00-07:00,16.39935498869138,20.4,2.1,1018.9006535425615,1928.6637169827018,865.7101181153345,1669.6636942338548,1627.0771732928195,False
2021-08-25 08:51:00-07:00,16.522514895242743,20.4,1.7,1020.1830750752592,1931.328573051248,861.7453876235448,1664.3134898124754,1622.0436035018865,False
2021-08-25 08:52:00-07:00,16.645270543154098,20.5,1.9,1019.5255768759257,1930.0241475202217,863.2388487867804,1666.0718232360437,1623.6928522794967,False
2021-08-25 08:53:00-07:00,16.76761946755882,20.6,1.9,1019.3259593501394,1929.4951942383495,862.861644065968,1664.8873955178865,1622.56488745655,False
2021-08-25 08:54:00-07:00,16.889559113950778,20.5,1.1,1019.7926202113068,1931.4771199503216,855.2864936988129,1651.9662935817921,1610.3499541739639,False
2021-08-25 08:55:00-07:00,17.011086921897274,20.6,1.5,1020.93729054132,1933.4625493499402,858.473195059348,1659.8257722680355,1617.8190595565975,False
2021-08-25 08:56:00-07:00,17.132200324871242,20.6,1.9,1019.4798747965052,1930.551886307208,862.4919594787207,1665.0854792964444,1622.7652559180249,False
2021-08-25 08:57:00-07:00,17.252896750101105,20.5,2.0,1020.394141337483,1931.8206719269413,863.9169471168362,1668.9326172683184,1626.4234157021606,False
2021-08-25 08:58:00-07:00,17.37317361953532,20.5,1.9,1021.029243940784,1933.2786118989723,862.7839126268343,1668.0016849719705,1625.5596476441965,False
2021-08-25 08:59:00-07:00,17.493028348577454,20.5,1.3,1021.540227569747,1934.3343360573674,857.0741027029004,1657.8678654037788,1615.974925051349,False
2021-08-25 09:00:00-07:00,17.612458347051675,20.6,2.6,1018.8292340304355,1927.8661106804923,869.4351676710478,1676.1545951868245,1633.211812018381,False
2021-08-25 09:01:00-07:00,17.731461019067556,20.5,2.5,1018.2674267704209,1926.7907583514666,869.1580604797529,1674.6857184790729,1631.8082864321136,False
2021-08-25 09:02:00-07:00,17.850033842241952,20.4,1.8,1019.9294853712408,1931.305839511827,862.5050909208456,1665.7611187041084,1623.4141685349216,False
2021-08-25 09:03:00-07:00,17.96817405090817,20.5,1.7,1020.4181300753676,1932.3132001139918,860.9810884280447,1663.6851222180228,1621.4604256092668,False
2021-08-25 09:04:00-07:00,18.08587911195145,20.6,2.4,1020.6483660009803,1931.4139649927697,867.3351650485213,1675.1832501040228,1632.3359187387357,False
2021-08-25 09:05:00-07:00,18.20314640744809,20.6,1.8,1020.9534455773548,1933.3704346465506,861.3009223839101,1665.2137386708553,1622.9207807848454,False
2021-08-25 09:06:00-07:00,18.319973314186033,20.8,2.1,1021.1331360537372,1932.7929005480019,863.4294928264966,1668.8303938588147,1626.3384268707807,False
2021-08-25 09:07:00-07:00,18.43635720355025,20.9,1.2,1020.8025753966983,1933.50444122177,854.0806525370116,1651.3687348418996,1609.8078903731894,False
2021-08-25 09:08:00-07:00,18.55229544247843,21.0,2.4,1019.9341168105623,1931.0547655414332,865.0956060194821,1670.5469926528754,1627.9425642371577,False
2021-08-25 09:09:00-07:00,18.66778539226777,20.9,2.0,1019.4248185797685,1930.2338596689208,862.0584560065674,1663.9744207977872,1621.7092792988215,False
2021-08-25 09:10:00-07:00,18.78282440953975,21.0,2.0,1015.6912571984021,1923.143984896815,862.260723446676,1658.2515237092512,1616.20374008857,False
2021-08-25 09:11:00-07:00,18.89740984634408,21.0,1.6,1017.4571270257267,1926.5719818625214,858.2553919177002,1653.4907913510788,1611.7356322962207,False
2021-08-25 09:12:00-07:00,19.011539049200756,21.0,1.3,1016.0756641334781,1924.4213347018633,855.494878269116,1646.3325954692607,1604.9279957301737,False
2021-08-25 09:13:00-07:00,19.12520936133887,21.1,2.4,1017.6973686729445,1926.4002306372427,865.199632696953,1666.7207719746677,1624.2632809069205,False
2021-08-25 09:14:00-07:00,19.23841819644239,21.0,1.8,1019.5986249846883,1930.8435517268863,859.6073158558007,1659.7672428374299,1617.73217134196,False
2021-08-25 09:15:00-07:00,19.35116273647658,21.1,2.5,1020.3023748274744,1931.0130566618682,865.7507310309876,1671.775965435394,1629.105552821186,False
2021-08-25 09:16:00-07:00,19.46344038709223,21.1,2.0,1017.5614598132048,1926.7910450281533,861.3950718166424,1659.7283106076895,1617.6464686734325,False
2021-08-25 09:17:00-07:00,19.57524847356144,21.1,1.7,1018.2346132337992,1928.025748301797,858.5628103035483,1655.3312047995923,1613.4964791804011,False
2021-08-25 09:18:00-07:00,19.68658431780716,21.0,1.5,1016.2672636833297,1925.0439302427058,857.2228264199435,1650.191598865209,1608.5917830363944,False
2021-08-25 09:19:00-07:00,19.797445237280872,21.2,2.1,1013.3584027074361,1918.8162218018135,862.5707787889697,1655.1148027924992,1613.1805141352881,False
2021-08-25 09:20:00-07:00,19.907828545927636,21.2,2.5,1012.6980844664115,1917.1040936180261,866.3917890964666,1660.9632455538817,1618.698322059156,False
2021-08-25 09:21:00-07:00,20.01773155410648,21.1,1.5,1013.751006661505,1919.9416828074409,857.3564814628704,1646.07444578569,1604.6299117454046,False
2021-08-25 09:22:00-07:00,20.127151568526223,21.1,1.7,1015.2984609861721,1922.7521843984136,858.9730114517412,1651.5922341081189,1609.891248996563,False
2021-08-25 09:23:00-07:00,20.236085893197245,21.1,1.4,1014.4557596568275,1921.4904346067233,856.1964762747974,1645.1733393060058,1603.7945924080152,False
2021-08-25 09:24:00-07:00,20.344531828349556,21.2,1.3,1012.0827181191105,1917.0215161609065,855.2043767614844,1639.4451909667437,1598.3131544486757,False
2021-08-25 09:25:00-07:00,20.452486743621268,21.3,2.0,1012.2536668008404,1916.932249411234,861.3043933967892,1651.0621682618855,1609.3190439667528,False
2021-08-25 09:26:00-07:00,20.55994778876157,21.2,1.2,1013.947049479061,1920.9415896895187,853.7351441112136,1639.975344902805,1598.8621865681193,False
2021-08-25 09:27:00-07:00,20.666912327937126,21.5,1.5,1012.2202764515641,1917.4288653421784,855.540864182816,1640.4387484639233,1599.2595913973976,False
2021-08-25 09:28:00-07:00,20.773377650782624,21.6,1.9,1011.2220521805184,1915.0617055445903,859.1131925966745,1645.2547758700457,1603.79478771582,False
2021-08-25 09:29:00-07:00,20.879341043918632,21.6,1.5,1010.6813099613926,1914.7184491183034,855.2519876463841,1637.566759391631,1596.5054961357023,False
2021-08-25 09:30:00-07:00,20.98479979190683,21.6,2.0,1010.2477649143538,1913.0530861330908,860.2587512360436,1645.720658925112,1604.2120233906464,False
2021-08-25 09:31:00-07:00,21.089751177213998,21.6,0.9,1011.2209741149604,1916.524663567878,849.1035242601961,1627.327846167072,1586.820901393621,False
2021-08-25 09:32:00-07:00,21.19419248018499,21.7,1.9,1010.430637321222,1913.5679843931548,858.7728664901792,1643.3202631811441,1601.943925129345,False
2021-08-25 09:33:00-07:00,21.298120979981547,21.7,2.3,1011.9179447041472,1916.1961084939069,862.1365532482017,1652.0227083245543,1610.2200188785607,False
2021-08-25 09:34:00-07:00,21.401533953594807,21.7,2.9,1008.7487887479651,1909.7610485868365,868.0000048155765,1657.6725993699747,1615.4925289391215,False
2021-08-25 09:35:00-07:00,21.504428676790393,21.9,3.0,1006.7681669170028,1905.6691294239954,868.3630442217105,1654.8126465059574,1612.7341340924074,False
2021-08-25 09:36:00-07:00,21.606802492572804,21.8,2.5,1004.6612818903457,1901.9792640291375,864.8795605028397,1644.9829899590352,1603.3791148103114,False
2021-08-25 09:37:00-07:00,21.708652536920813,21.7,1.6,1003.6128797037118,1901.304368868227,857.0021171506979,1629.421869467942,1588.6257124538943,False
2021-08-25 09:38:00-07:00,21.809976151629947,21.8,1.4,1004.4399831513492,1902.952133389743,854.4881185698769,1626.0499881887347,1585.4490444688588,False
2021-08-25 09:39:00-07:00,21.910770608413614,21.9,2.2,1002.4398954859741,1898.3599743379018,861.9358537196086,1636.264525148074,1595.0751474698118,False
2021-08-25 09:40:00-07:00,22.011033178674587,21.8,2.1,1004.1158826647217,1901.7266365756832,861.1545686716854,1637.6805814517877,1596.4576113597209,False
2021-08-25 09:41:00-07:00,22.11076113350677,21.8,1.6,1006.6363852489001,1897.5354369491538,856.187428246889,1624.6459857688328,1584.053538728387,False
2021-08-25 09:42:00-07:00,22.20995174370789,21.9,1.7,1005.7810158391302,1886.5562700442488,856.939322689503,1616.664252267354,1576.3552861300775,True
2021-08-25 09:43:00-07:00,22.308602280712996,22.1,2.1,1003.093944440205,1871.969754369012,860.291653790464,1610.439955831846,1570.2787349879936,True
2021-08-25 09:44:00-07:00,22.406710015690386,22.4,2.3,1002.2584009945446,1861.0021002800618,860.9335600669178,1602.1991634861247,1562.3323853347424,True
2021-08-25 09:45:00-07:00,22.504272220484953,22.3,2.1,1002.599400134937,1852.5469543395798,859.6505799383482,1592.5430636610404,1553.0724907476622,True
2021-08-25 09:46:00-07:00,22.601286167639913,22.2,2.6,1001.7800955692792,1840.628030777914,865.2440725592832,1592.5924934170562,1552.9750005425587,True
2021-08-25 09:47:00-07:00,22.697749194928953,22.2,2.4,1001.0831487619639,1830.3536224272257,863.658242305893,1580.7999923437221,1541.664732803081,True
2021-08-25 09:48:00-07:00,22.793658447911444,22.3,3.0,1000.2118034152024,1819.0241924537445,868.7069061867727,1580.1988785053852,1540.9560955552759,True
2021-08-25 09:49:00-07:00,22.889011267191893,22.4,3.1,998.8246987858653,1807.242598531116,869.3999665382788,1571.2166546895044,1532.2907765867071,True
2021-08-25 09:50:00-07:00,22.983804930241142,22.5,2.9,999.2115641433559,1798.5511148347005,867.4052673677759,1560.0727106378051,1521.6104867624897,True
2021-08-25 09:51:00-07:00,23.078036716311022,22.5,2.4,995.7350915421437,1783.7718060398636,863.5718623687314,1540.4151405826808,1502.7706754502115,True
2021-08-25 09:52:00-07:00,23.171703906484936,22.3,3.1,994.3338975475052,1771.0282424316727,871.1980300266675,1542.9163159280645,1504.9888621698526,True
2021-08-25 09:53:00-07:00,23.264803784602304,22.1,2.9,993.8727954317558,1761.1337020855092,870.6538579098818,1533.337852015861,1495.7737045873284,True
2021-08-25 09:54:00-07:00,23.357333636444473,22.2,2.8,995.4954735130226,1754.6773492726463,869.2448702873846,1525.2442848647133,1488.0091065401257,True
2021-08-25 09:55:00-07:00,23.449290750666613,22.4,2.2,996.2225183113696,1747.425216427753,862.8356165878834,1507.740714057656,1471.2938056822445,True
2021-08-25 09:56:00-07:00,23.54067241885996,22.4,2.0,994.1363217789701,1735.0868763048886,861.2824811655294,1494.3999298616225,1458.4659120603626,True
2021-08-25 09:57:00-07:00,23.631475935623094,22.4,2.5,992.5717901162607,1722.0141790913822,866.5305776063276,1492.1779412543415,1456.194771227051,True
2021-08-25 09:58:00-07:00,23.72169859947889,22.5,2.7,991.3388411186841,1710.9205218163847,867.9103781816964,1484.9256771284838,1449.165787330256,True
2021-08-25 09:59:00-07:00,23.811337772020842,22.5,2.2,991.8759881845091,1702.8787095173755,863.5631636179351,1470.5433256484514,1435.3940823709154,True
2021-08-25 10:00:00-07:00,23.900390638788682,22.5,0.9,995.7825475367633,1701.4721117420577,850.567237690949,1447.2164340926277,1413.1851321042384,True
2021-08-25 10:01:00-07:00,23.988854570012784,22.8,2.5,991.398134931555,1683.2725516743878,865.1509571483688,1456.2848592226735,1421.594435164585,True
2021-08-25 10:02:00-07:00,24.076726879871877,23.1,2.7,990.9472618689833,1673.4723124057655,865.4646840702625,1448.3311861565871,1413.9087062936323,True
2021-08-25 10:03:00-07:00,24.16400488770703,23.1,2.7,989.6549869441056,1661.9271534296627,865.855227653211,1438.9883137758936,1404.8784692176387,True
2021-08-25 10:04:00-07:00,24.250685917301713,22.9,2.6,990.1942424266983,1653.564808850907,866.0252972700534,1432.028955140406,1398.1537071821801,True
2021-08-25 10:05:00-07:00,24.3367672977977,22.9,2.8,987.7894241883346,1639.8724697774442,868.42399991336,1424.1046095519287,1390.4438938031049,True
2021-08-25 10:06:00-07:00,24.4222463637954,22.7,2.8,985.718155569842,1627.5614410676517,869.6502008469954,1415.4091341153085,1382.0155753865733,True
2021-08-25 10:07:00-07:00,24.507120455464218,22.7,2.3,985.4965441745713,1617.7825136460683,865.7183325622219,1400.5439801619943,1367.7425917963808,True
2021-08-25 10:08:00-07:00,24.591386919441227,22.9,2.3,986.347882402217,1610.1888179315722,864.6013246115319,1392.171384858314,1359.6756632921483,True
2021-08-25 10:09:00-07:00,24.675043108157194,22.9,2.2,987.5581801828872,1603.1262390978868,863.548652686419,1384.3775038592262,1352.1650444861925,True
2021-08-25 10:10:00-07:00,24.758086436225042,22.9,2.1,986.9889102700738,1593.0911642993653,862.8158460147175,1374.5443007035283,1342.6736256654676,True
2021-08-25 10:11:00-07:00,24.84051415821942,22.9,1.4,987.2731368143158,1585.044355710736,856.2277472254832,1357.1589579426707,1326.0051552015761,True
2021-08-25 10:12:00-07:00,24.922323702930488,22.9,1.0,987.249436446911,1575.8975758018971,852.5341051666884,1343.506429620624,1312.8760548855407,True
2021-08-25 10:13:00-07:00,25.003512451091392,23.0,1.7,986.6939507650002,1565.112358751642,859.0473010963601,1344.505547698156,1313.6989592907453,True
2021-08-25 10:14:00-07:00,25.08407779064253,23.3,1.9,987.6708998578299,1557.3869043357356,859.3287303273455,1338.3073111312628,1307.6941980314161,True
2021-08-25 10:15:00-07:00,25.16401711762776,23.4,1.4,991.1021630447747,1554.306944464093,853.4289981455593,1326.4906184246765,1296.3849141218502,True
2021-08-25 10:16:00-07:00,25.243327836328834,23.5,0.9,990.1545543490131,1543.7676566079683,848.3777789546573,1309.6981757351043,1280.2329908438123,True
2021-08-25 10:17:00-07:00,25.32200735941248,23.7,2.9,985.5632506564175,1525.4303047922388,867.0363291698084,1322.6034918714447,1292.3248243472883,True
2021-08-25 10:18:00-07:00,25.40005310880404,23.3,1.8,989.3646449215139,1523.0764984127238,858.4881060837074,1307.543058542944,1277.9273973614236,True
2021-08-25 10:19:00-07:00,25.477462515107838,23.3,0.5,989.2449800070098,1514.7809913366941,845.7406777474154,1281.1119022519974,1252.591524246155,True
2021-08-25 10:20:00-07:00,25.55423301848684,23.6,1.6,984.4694698362512,1497.2545731658681,856.106471182718,1281.8093290952181,1253.0478230579993,True
2021-08-25 10:21:00-07:00,25.630362119652283,23.5,2.9,979.7890717358626,1480.0040528585464,869.083201784467,1286.246660912293,1257.071981715605,True
2021-08-25 10:22:00-07:00,25.70584717624967,23.3,1.8,976.9061198793077,1467.1397165222043,860.8806535314544,1263.0321979815878,1234.7479216003076,True
2021-08-25 10:23:00-07:00,25.780685710028948,23.4,2.0,977.7490641106973,1459.127357664833,862.1513446220669,1257.9886133855791,1229.8319636251092,True
2021-08-25 10:24:00-07:00,25.85487520167084,23.4,1.9,981.896453597214,1455.828919987848,860.8635009561439,1253.2699808539403,1225.283849733894,True
2021-08-25 10:25:00-07:00,25.928413142920412,23.4,2.3,981.134077592051,1445.3056366918959,864.6302093671006,1249.6549152523644,1221.7005444495417,True
2021-08-25 10:26:00-07:00,26.001297036755542,23.4,2.0,978.231613429672,1432.1967023833643,862.3554250413837,1235.062596026674,1207.5959671161086,True
2021-08-25 10:27:00-07:00,26.073524397560714,23.5,1.8,976.516917786911,1420.7749086158165,860.297084154773,1222.288511122451,1195.2457702726608,True
2021-08-25 10:28:00-07:00,26.14509275197173,23.5,1.9,975.8220821734631,1410.6220120170913,861.3327165672364,1215.014889660222,1188.167040086896,True
2021-08-25 10:29:00-07:00,26.215999638384876,23.7,1.6,971.5291504846714,1395.5445340993626,858.2851613391928,1197.7751656055002,1171.4955118351693,True
2021-08-25 10:30:00-07:00,26.286242607805022,23.9,2.6,970.0912183694204,1383.6663134123633,866.598383026511,1199.0829898514078,1172.5990682602621,True
2021-08-25 10:31:00-07:00,26.355819224026835,24.0,3.1,972.9047394462197,1377.8412304113833,870.2512131327704,1199.0680022698555,1172.511573873642,True
2021-08-25 10:32:00-07:00,26.424727109806085,23.9,2.8,974.2559039740629,1370.8511033106727,868.0217061039504,1189.9285135102125,1163.6842002140675,True
2021-08-25 10:33:00-07:00,26.492963763301606,23.8,2.1,973.6430009910562,1361.230359086137,862.5355571462756,1174.1095861787862,1148.431903466471,True
2021-08-25 10:34:00-07:00,26.560526834875596,24.0,2.6,972.8405589742621,1351.0432523209156,865.9004990659326,1169.8690264443414,1144.2473809436324,True
2021-08-25 10:35:00-07:00,26.627413942644004,24.1,2.8,970.5218694051276,1338.4417352712387,867.6013880265011,1161.2339073139253,1135.826558896373,True
2021-08-25 10:36:00-07:00,26.693622719098357,24.1,2.8,970.4217587960792,1328.8833164535279,867.8507667570375,1153.2724051148289,1128.087099280947,True
2021-08-25 10:37:00-07:00,26.759150811304668,24.1,2.7,970.1180966611446,1319.7452895708184,866.8551814110873,1144.0280424073394,1119.1236161889901,True
2021-08-25 10:38:00-07:00,26.823995881710626,24.5,2.2,969.2842351852239,1309.846220213058,860.6627705789122,1127.3358769208862,1103.0166990904922,True
2021-08-25 10:39:00-07:00,26.888155607735293,24.8,2.2,970.0057541718121,1301.7962051824688,859.0639552490074,1118.3261969522002,1094.2864666412602,True
2021-08-25 10:40:00-07:00,26.951627682580387,24.5,2.1,971.1420193614737,1293.8845106535784,859.7248464506599,1112.3846622465348,1088.495929677189,True
2021-08-25 10:41:00-07:00,27.014409815426895,24.3,3.3,970.9564927791346,1292.6598493291006,871.2299727176868,1126.2040052642412,1101.7162364432747,True
2021-08-25 10:42:00-07:00,27.076499731648347,24.1,3.0,968.0255066415714,1289.3077652106167,869.8572642736921,1121.513725452935,1097.1824583108578,True
2021-08-25 10:43:00-07:00,27.137895173587058,24.0,2.6,967.4410542001924,1288.4724498494445,867.2172196670829,1117.38549557607,1093.218365305323,True
2021-08-25 10:44:00-07:00,27.19859394065726,23.9,1.7,969.5219111023032,1291.7919007473545,859.3481326773427,1110.0989577149544,1086.279948505865,True
2021-08-25 10:45:00-07:00,27.258593727786206,24.1,1.7,970.4291657385414,1293.1720387193475,858.1262607810594,1109.704886132853,1085.9195171006395,True
2021-08-25 10:46:00-07:00,27.31789236983879,24.1,1.2,968.5324045155955,1291.1489133910038,853.570379041574,1102.0864674022757,1078.593691576842,True
2021-08-25 10:47:00-07:00,27.376487678552017,24.3,1.5,965.1571507863341,1286.4682975948958,855.9543512782205,1101.1581371078357,1077.6462550766105,True
2021-08-25 10:48:00-07:00,27.434377484228733,24.5,3.0,963.3351104375104,1283.178274689881,868.488161552645,1114.4251407297097,1090.3159485442661,True
2021-08-25 10:49:00-07:00,27.491559635405157,24.3,2.6,963.5196452469332,1283.3889190915315,866.2240320440438,1111.7023241761133,1087.7106235946167,True
2021-08-25 10:50:00-07:00,27.54803199960938,24.2,1.3,964.8324507098198,1286.2760046905528,854.5276049009558,1099.1583535297889,1075.7272084601366,True
2021-08-25 10:51:00-07:00,27.60379246357369,24.3,1.1,965.758758335609,1287.6637373281512,851.9652620923838,1097.0447734596369,1073.7183147993849,True
2021-08-25 10:52:00-07:00,27.65883893345006,24.4,2.1,965.4639488765731,1286.306701910683,861.050442875771,1107.574955354266,1083.7932402102665,True
2021-08-25 10:53:00-07:00,27.71316933554243,24.3,2.0,963.3635320584144,1283.6825047814896,860.8705386842345,1105.0844493907684,1081.374170965718,True
2021-08-25 10:54:00-07:00,27.76678161600718,24.5,2.9,962.2718070607041,1281.704604411812,867.8762683883197,1112.3610092530507,1088.3202280101973,True
2021-08-25 10:55:00-07:00,27.819673776807246,24.4,2.4,961.6627354415998,1280.9592179977085,864.3210691247921,1107.160040805037,1083.328648094225,True
2021-08-25 10:56:00-07:00,27.87184373453948,24.5,1.8,961.0158994611692,1280.7176008560448,858.4057341010736,1099.3753323389988,1075.8663521595986,True
2021-08-25 10:57:00-07:00,27.92328953346232,24.7,2.8,956.8031346349649,1274.6713529025644,866.6958992940059,1104.7524345081952,1080.9427243310138,True
2021-08-25 10:58:00-07:00,27.974009203832484,24.6,1.4,956.2539628064346,1274.8383638264593,854.7929744268658,1089.722876928698,1066.5415792914457,True
2021-08-25 10:59:00-07:00,28.024000797359786,24.6,2.3,955.3980102360701,1272.9599724430382,863.1828510632799,1098.797218302816,1075.2153513218639,True
2021-08-25 11:00:00-07:00,28.07326238789422,24.6,3.5,954.6855033100912,1271.2957105529424,873.3131124345912,1110.2392138077355,1086.1552050496618,True
2021-08-25 11:01:00-07:00,28.121792071643892,24.7,3.8,956.7994322548627,1273.7476526160679,875.0501738735061,1114.5931048926604,1090.356179494192,True
2021-08-25 11:02:00-07:00,28.169587967392676,24.5,2.8,957.9674632666267,1275.790589946569,867.7968170213186,1107.1270131413828,1083.2316782203322,True
2021-08-25 11:03:00-07:00,28.216648217158088,24.7,3.0,958.76689764082,1276.9042284941786,868.2781089321232,1108.7079888043575,1084.7602407640252,True
2021-08-25 11:04:00-07:00,28.262970985967204,24.7,3.1,960.7372742486718,1279.4736554999376,868.8337685253805,1111.6499178369552,1087.6108053127207,True
2021-08-25 11:05:00-07:00,28.308554462507214,24.6,3.8,956.0151217649392,1272.905809443488,875.498684794057,1114.427362034488,1090.1866174793292,True
2021-08-25 11:06:00-07:00,28.353396889165385,24.4,2.9,953.6707107689956,1270.0527007124394,869.6896290899664,1104.5516622073114,1080.691708882615,True
2021-08-25 11:07:00-07:00,28.397496442451374,24.4,2.6,952.1197890425493,1268.4493972012424,867.1835699937744,1099.9784766214243,1076.2902122925937,True
2021-08-25 11:08:00-07:00,28.440851414047064,24.6,1.3,952.4571581647722,1270.0402092930435,854.2987830833165,1084.9938052659274,1061.9485703968442,True
2021-08-25 11:09:00-07:00,28.483460089829695,25.1,2.2,954.4452173405081,1271.8677230959092,859.9344525201157,1093.7228741384868,1070.33881522131,True
2021-08-25 11:10:00-07:00,28.525320780801284,25.2,3.1,953.4525230190882,1270.0869693206735,867.1924191512157,1101.409791457631,1077.6822782870988,True
2021-08-25 11:11:00-07:00,28.56643182330103,25.3,2.9,949.1998694923882,1264.4565860909513,865.6956139666756,1094.634520630213,1071.1193018461659,True
2021-08-25 11:12:00-07:00,28.60679157921104,25.5,1.6,949.9968445781584,1266.652876245879,853.0192609394703,1080.4793003621141,1057.5782324928507,True
2021-08-25 11:13:00-07:00,28.64639843653268,25.6,1.0,947.9243150563165,1264.38402620906,847.147341340338,1071.1195662361974,1048.5739924709708,True
2021-08-25 11:14:00-07:00,28.685250809219276,25.6,1.8,950.740731292412,1267.3392900656613,854.3646091032707,1082.7698371581655,1059.7829413016264,True
2021-08-25 11:15:00-07:00,28.723347137750793,25.5,2.3,948.3809459509519,1263.9526566646755,859.5837610859386,1086.4731784503858,1063.29118185889,True
2021-08-25 11:16:00-07:00,28.760685889329046,25.7,2.9,941.1815008283971,1253.972966827646,864.7239995198618,1084.3405191649888,1061.1215852937653,True
2021-08-25 11:17:00-07:00,28.797265582349393,26.0,2.7,942.7334158071315,1256.4804524031165,861.1663755534869,1082.038717149797,1058.9468406785873,True
2021-08-25 11:18:00-07:00,28.83308468932862,26.0,3.7,945.4798861525766,1259.2362280882608,869.1093950856757,1094.4140364637562,1070.8417300025071,True
2021-08-25 11:19:00-07:00,28.868141783939766,25.5,1.7,945.6489875051534,1260.780544297597,854.5884403798921,1077.448479012595,1054.599560618994,True
2021-08-25 11:20:00-07:00,28.90243544291298,25.4,2.0,947.8703668991036,1263.683448854537,857.3536559761907,1083.4236248720385,1060.3644457491728,True
2021-08-25 11:21:00-07:00,28.935964270992084,25.4,2.8,944.0793238179832,1257.9551592707353,864.9083147186889,1088.0158767965318,1064.6944337409577,True
2021-08-25 11:22:00-07:00,28.96872690120513,25.5,1.9,942.5985832244504,1256.4792724754614,856.9107825963848,1076.6906366930837,1053.819555782689,True
2021-08-25 11:23:00-07:00,29.000721995029163,25.6,2.1,944.0994887330057,1258.5790807554904,857.8233491447289,1079.6385222171689,1056.6720794768764,True
2021-08-25 11:24:00-07:00,29.031948242883498,25.6,2.2,942.9669498861723,1257.0895039461423,858.8060667621561,1079.5960924519763,1056.6128255213343,True
2021-08-25 11:25:00-07:00,29.06240436399677,25.7,3.7,945.0016781786298,1258.672121268087,870.5776080934747,1095.7717647075112,1072.135351896128,True
2021-08-25 11:26:00-07:00,29.092089106890427,25.2,2.7,946.8879929284783,1261.3989667888306,864.8956082349255,1090.9784266077324,1067.5771083092936,True
2021-08-25 11:27:00-07:00,29.121001249534313,25.0,3.3,944.7852557222459,1258.4970178389383,870.9158128684759,1096.044953283752,1072.3948389439627,True
2021-08-25 11:28:00-07:00,29.149139599529125,25.0,0.9,948.1492195233152,1264.3167420255504,849.3654773402659,1073.8669930998215,1051.2084153339156,True
2021-08-25 11:29:00-07:00,29.17650301261166,25.3,2.8,950.0899024668192,1265.8624571662253,864.6275004279779,1094.4994922252517,1071.0076786093239,True
2021-08-25 11:30:00-07:00,29.20309031968675,25.3,3.5,943.9884851401038,1257.0346024856385,871.3592016255673,1095.3286676375983,1071.6898784953908,True
2021-08-25 11:31:00-07:00,29.228900437334694,25.1,2.4,945.5088871819148,1259.7874426084452,862.9920611468422,1087.1865617035714,1063.9227265477493,True
2021-08-25 11:32:00-07:00,29.253932294050156,25.1,1.9,947.1257569581069,1262.415895142429,858.2592616953538,1083.4801341174202,1060.4028409672585,True
2021-08-25 11:33:00-07:00,29.278184849007356,25.3,1.8,948.3013218286063,1264.4258837500247,855.9569443930894,1082.2941158662027,1059.2907814487012,True
2021-08-25 11:34:00-07:00,29.301657092421223,25.3,1.7,936.0326390733073,1248.0476716770986,856.9273257780388,1069.4861537337638,1046.8063100222294,True
2021-08-25 11:35:00-07:00,29.324348045482903,25.4,2.1,931.9441102847206,1242.4411373394448,860.5063472807625,1069.1284848033217,1046.39324404448,True
2021-08-25 11:36:00-07:00,29.34625676070772,25.9,3.3,926.1474321087703,1234.0529045303933,868.7818835356852,1072.1228067805982,1049.1576353027165,True
2021-08-25 11:37:00-07:00,29.367382322119344,25.8,3.0,924.2625875288204,1231.671449969755,867.1604330012616,1068.0567478710645,1045.2294559743484,True
2021-08-25 11:38:00-07:00,29.38772384522136,25.6,3.6,928.1700567517596,1236.3289952327152,872.486445044998,1078.680289956646,1055.471753778937,True
2021-08-25 11:39:00-07:00,29.407280477551417,25.6,2.1,937.9161083706573,1250.270220791733,858.7631461061547,1073.6859882899453,1050.8612223637044,True
2021-08-25 11:40:00-07:00,29.426051410781415,25.7,3.9,938.4183094473144,1249.6745199048653,873.0624706830013,1091.0439238977353,1067.49033249715,True
2021-08-25 11:41:00-07:00,29.44403583124267,25.8,4.5,946.205374525689,1268.8848242259144,875.870149437837,1111.378340614155,1087.2150411110515,True
2021-08-25 11:42:00-07:00,29.461232995566263,25.5,3.3,945.6041125083653,1277.3512104837246,868.3611206496273,1109.202128598805,1085.2392432358736,True
2021-08-25 11:43:00-07:00,29.47764217991108,25.3,2.8,945.9545177179555,1287.3456389809894,864.9463948362038,1113.4849693447159,1089.4681239160077,True
2021-08-25 11:44:00-07:00,29.493262693081263,25.4,1.7,945.8654144691535,1296.8619192342499,854.848620043146,1108.6206220439046,1084.9261556160186,True
2021-08-25 11:45:00-07:00,29.50809387647376,25.7,1.6,940.6363176032086,1298.4448023449622,853.3548412690943,1108.0341582017656,1084.383598376844,True
2021-08-25 11:46:00-07:00,29.522135104329053,26.1,3.5,922.1839939338012,1280.8993886750889,869.6934221604342,1113.9897727800462,1089.8699989096754,True
2021-08-25 11:47:00-07:00,29.535385783813883,26.4,3.6,925.2777105659375,1293.8697156532412,868.5489810950882,1123.7892232004144,1099.4194041015728,True
2021-08-25 11:48:00-07:00,29.547845355119208,26.3,3.7,922.3621313947127,1298.6057830170944,870.0313201248978,1129.8277037201892,1105.2614519213414,True
2021-08-25 11:49:00-07:00,29.55951329166049,26.1,3.3,923.264718587568,1308.633017303797,867.8638212308826,1135.7152509861728,1111.0253590526077,True
2021-08-25 11:50:00-07:00,29.570389100032248,25.8,3.1,923.654835983238,1317.8136829294074,867.7667395029729,1143.5548829080562,1118.6463232123517,True
2021-08-25 11:51:00-07:00,29.58047232670339,25.9,2.5,925.9429631464122,1330.48515473464,861.8100246698095,1146.6254440246755,1121.7446463277133,True
2021-08-25 11:52:00-07:00,29.58976253155824,25.7,2.0,926.474496281582,1339.982998198859,858.6000992279816,1150.5095352173482,1125.5809692350142,True
2021-08-25 11:53:00-07:00,29.59825932853845,25.9,3.1,928.6156528602471,1350.9598231820125,866.5399375173635,1170.6606407686095,1145.0037339166786,True
2021-08-25 11:54:00-07:00,29.605962358205662,25.8,2.5,935.3618276814378,1370.2093621143356,860.9050610783563,1179.6201745811777,1153.8157253954105,True
2021-08-25 11:55:00-07:00,29.612871294738706,25.9,2.6,942.3170829850039,1389.22245953142,860.1605295085833,1194.9543263957626,1168.7196243128255,True
2021-08-25 11:56:00-07:00,29.618985846066632,25.9,2.7,942.7128487391071,1398.8077533970115,860.756188254195,1204.0324299144254,1177.5200747887843,True
2021-08-25 11:57:00-07:00,29.624305753901577,25.9,2.5,943.3317765116758,1408.3972971583164,859.1176264342693,1209.978943011093,1183.3245439665952,True
2021-08-25 11:58:00-07:00,29.628830793792194,25.8,2.2,936.7195414961384,1407.7801029787004,857.819840780654,1207.6217037913616,1181.0628091187818,True
2021-08-25 11:59:00-07:00,29.632560775192168,25.8,1.3,936.3770464137801,1416.7580288918311,849.740073630608,1203.8760717872997,1177.5891739576562,True
2021-08-25 12:00:00-07:00,29.63549554144467,26.0,2.5,933.050381625973,1419.5925740386365,859.8408929211707,1220.6237464456444,1193.639754294577,True
2021-08-25 12:01:00-07:00,29.63763496985618,26.0,3.2,926.3705573650343,1417.6115493452662,866.5122316552225,1228.3777472433842,1201.0266990783514,True
2021-08-25 12:02:00-07:00,29.638978972345907,25.8,4.5,925.3507539527351,1424.0227074292716,877.2941090925165,1249.2867324416761,1221.081423436127,True
2021-08-25 12:03:00-07:00,29.639527492382683,25.5,2.9,928.3523012183223,1438.1578816796646,866.1746149265731,1245.6958493674997,1217.8297061868147,True
2021-08-25 12:04:00-07:00,29.639280510410668,25.6,1.3,936.0527907714626,1460.0412536612844,850.5503523661696,1241.8386027707495,1214.411108866444,True
2021-08-25 12:05:00-07:00,29.638238039709236,25.7,1.0,943.7375031885923,1481.1468732024791,845.8900321413803,1252.8873761793498,1225.2237941123772,True
2021-08-25 12:06:00-07:00,29.636400127571147,25.9,0.6,951.7199682600959,1503.2871744240306,839.4008163992404,1261.8604814940386,1234.0609544662966,True
2021-08-25 12:07:00-07:00,29.63376685527934,26.1,1.7,951.3426148375947,1510.6330158448077,848.9135834538255,1282.396886764475,1253.7696891522028,True
2021-08-25 12:08:00-07:00,29.630338338109738,26.3,3.5,936.8586106288664,1495.5401365165933,865.0641837208916,1293.7382074175578,1264.4149447108473,True
2021-08-25 12:09:00-07:00,29.62611472526696,26.2,3.4,935.3493882643304,1501.4551206692165,865.1999374959321,1299.0588765559535,1269.565823810807,True
2021-08-25 12:10:00-07:00,29.621096199914767,26.1,4.9,933.0463168296158,1505.8720096274346,876.8667263864211,1320.4490594389497,1290.0253702370555,True
2021-08-25 12:11:00-07:00,29.615282979098346,25.9,3.0,929.6356002164737,1509.971491875285,864.1651755603449,1304.8647793675216,1275.2112112548753,True
2021-08-25 12:12:00-07:00,29.608675313721402,26.0,3.4,930.2430212723742,1519.7003827731396,866.5080760915139,1316.8326549122905,1286.7494290111292,True
2021-08-25 12:13:00-07:00,29.601273488499313,26.0,3.1,929.8436061812516,1528.1590648377196,864.0024290190671,1320.3331439472959,1290.1929309520976,True
2021-08-25 12:14:00-07:00,29.59307781609914,25.9,3.1,926.1358909161323,1530.5307336795363,865.0836039539262,1324.03704305374,1293.7551455106532,True
2021-08-25 12:15:00-07:00,29.584088659667326,25.9,3.3,919.0570468022199,1527.2722695876,867.6627308540761,1325.15722818808,1294.7832541086023,True
2021-08-25 12:16:00-07:00,29.574306399734915,25.8,2.8,923.4235256251015,1543.4301967544254,863.4696047561197,1332.7050619602037,1302.1809107878255,True
2021-08-25 12:17:00-07:00,29.563731455606227,25.8,2.1,926.4165273280023,1558.1470035139232,856.7718637792863,1334.9765122427343,1304.5265706711498,True
2021-08-25 12:18:00-07:00,29.552364280077924,26.2,2.0,928.529099742921,1570.5395369627356,853.5008918904718,1340.4568955469435,1309.9031709259905,True
2021-08-25 12:19:00-07:00,29.540205359257406,26.3,0.7,927.5188372342891,1578.643087893986,841.213120056956,1327.9752774236472,1298.0895880568085,True
2021-08-25 12:20:00-07:00,29.52725521259568,26.6,0.3,923.0954381483907,1579.9428833919226,836.6651582325571,1321.8831625315054,1292.2891394093094,True
2021-08-25 12:21:00-07:00,29.513514392713617,26.8,1.1,921.2183580042218,1585.1214801133256,843.3124925754773,1336.7527464292987,1306.5420708578945,True
2021-08-25 12:22:00-07:00,29.498983485301178,26.8,2.2,916.6991736922611,1585.1979724905093,853.60695510186,1353.1360145312656,1322.1711047801675,True
2021-08-25 12:23:00-07:00,29.483663109057012,26.6,2.4,917.6681676066371,1595.0571652777694,856.132544195893,1365.5803490471458,1334.154239550995,True
2021-08-25 12:24:00-07:00,29.467553915428017,26.5,2.2,926.440132389545,1618.9704046208597,853.4800013633014,1381.758863142956,1349.861550618319,True
2021-08-25 12:25:00-07:00,29.450656577086864,26.6,3.2,922.5919468791415,1619.9398183034386,861.7961821771366,1396.057950770628,1363.4966335419506,True
2021-08-25 12:26:00-07:00,29.432971833517087,26.9,3.7,920.2596991241544,1624.5695489872521,864.2050867124111,1403.961267952871,1371.0799258935676,True
2021-08-25 12:27:00-07:00,29.41450042293738,27.0,3.6,917.7353048263931,1628.5495619862563,863.3632835771123,1406.0298973045221,1373.0984042499385,True
2021-08-25 12:28:00-07:00,29.39524312698358,26.9,3.2,917.849223135358,1638.256357877072,860.3069278970268,1409.403294352996,1376.4288224242891,True
2021-08-25 12:29:00-07:00,29.37520075934988,27.1,4.5,923.8353849059149,1656.6743542522192,868.0142100649139,1438.0168809410413,1403.8896089607326,True
2021-08-25 12:30:00-07:00,29.35437416584562,26.9,3.6,924.8444974736576,1667.3169109013759,862.297891903157,1437.7238574047406,1403.741117199729,True
2021-08-25 12:31:00-07:00,29.33276422410744,26.7,3.8,926.9726525282608,1679.5015582615647,864.419912737825,1451.794590435503,1417.2771461799612,True
2021-08-25 12:32:00-07:00,29.31037184345243,26.7,4.2,926.6178192892252,1687.1710700947228,867.3568961463802,1463.379462625326,1428.3895367560822,True
2021-08-25 12:33:00-07:00,29.28719796476007,26.9,4.5,923.7118879153685,1690.8018140977329,868.6234438263363,1468.6700945893897,1433.4649085511255,True
2021-08-25 12:34:00-07:00,29.263243560118642,26.6,3.6,925.3781053974394,1702.7010998208405,863.2730744467326,1469.8960133061698,1434.776375150101,True
2021-08-25 12:35:00-07:00,29.238509632911782,26.8,4.3,922.2288852340326,1705.324641742205,867.7216341242143,1479.7470848448365,1444.1745200138116,True
2021-08-25 12:36:00-07:00,29.212997200079677,26.8,3.7,920.4856837620574,1711.1710265054214,863.4232895045161,1477.4649166101306,1442.07644020796,True
2021-08-25 12:37:00-07:00,29.186707360928505,26.8,4.4,915.8350602026026,1710.8299473495638,869.0269272588805,1486.757292207664,1450.9055239315858,True
2021-08-25 12:38:00-07:00,29.159641194336825,26.5,4.1,916.4890313225964,1720.6935908308128,868.1524951544673,1493.82443427607,1457.7432754287995,False
2021-08-25 12:39:00-07:00,29.131799826255897,26.4,3.5,922.9829626804974,1741.4340555839103,863.2455611475383,1503.285218513966,1466.9873033148142,False
2021-08-25 12:40:00-07:00,29.10318441296946,26.5,2.2,929.3254258123183,1763.5189290858943,850.8583063854962,1500.504729280788,1464.609325768081,False
2021-08-25 12:41:00-07:00,29.073796140661013,26.6,1.1,932.2699091790424,1770.0118829001492,840.0815315258775,1486.9542934057595,1451.7986057675232,False
2021-08-25 12:42:00-07:00,29.043636225272518,26.8,1.2,932.4938428325069,1770.3467132538872,839.9982912519391,1487.088214056752,1451.9298676842527,False
2021-08-25 12:43:00-07:00,29.012705912312192,27.3,2.0,936.8801267432275,1778.155864841311,843.8845124313584,1500.5581950285703,1464.8317998717732,False
2021-08-25 12:44:00-07:00,28.981006476423918,27.3,3.9,938.707263450919,1779.9201921182018,859.1146925336834,1529.1555885861237,1492.0312311184873,False
2021-08-25 12:45:00-07:00,28.948539221483713,27.1,2.7,943.4249106550137,1789.6631353739772,849.8413915408024,1520.9298093554962,1484.3321025999037,False
2021-08-25 12:46:00-07:00,28.915305480142056,27.1,3.3,947.5005075771708,1797.032131809869,853.993980149035,1534.6546227000154,1497.4594182836981,False
2021-08-25 12:47:00-07:00,28.88130659058502,27.2,3.6,945.0061654606252,1792.3887505500556,856.1342683415141,1534.5254315357324,1497.281331559115,False
2021-08-25 12:48:00-07:00,28.84654398807346,27.2,3.7,941.6667542638769,1785.9373823617539,857.4710340161303,1531.3895739417942,1494.2254959603658,False
2021-08-25 12:49:00-07:00,28.811019067623302,27.1,2.6,939.9635459150243,1783.1702242722226,849.6011417668698,1514.9834585063659,1478.604305185102,False
2021-08-25 12:50:00-07:00,28.77473327483601,27.5,3.7,938.910470267072,1780.8096226383389,856.4226722751197,1525.1257358331738,1488.2137956896674,False
2021-08-25 12:51:00-07:00,28.73768808284738,27.5,4.0,937.8421373579591,1778.3901213056859,858.9530126818738,1527.5535524192019,1490.4910833394122,False
2021-08-25 12:52:00-07:00,28.69988499211704,27.3,5.1,935.0195158223138,1771.834017931514,868.4651759148891,1538.776142074877,1501.0686227971053,False
2021-08-25 12:53:00-07:00,28.66132553026491,27.0,3.4,933.9532199941141,1771.186643294745,857.5336420746899,1518.8521330185872,1482.138144994713,False
2021-08-25 12:54:00-07:00,28.62201125147853,27.0,3.5,935.82141552035,1774.5689794116824,858.0480881714981,1522.6655201126405,1485.8017249152135,False
2021-08-25 12:55:00-07:00,28.581943736701916,26.9,3.2,938.6568523758172,1780.524736981543,855.5356328346636,1523.3023576312773,1486.4780824675806,False
2021-08-25 12:56:00-07:00,28.541124593079196,26.7,2.9,937.2117087578711,1777.614011608598,854.5196345845942,1519.0060756322337,1482.3612648509175,False
2021-08-25 12:57:00-07:00,28.49955545372286,26.7,1.6,936.5546541604965,1777.4289464879605,843.5185622649082,1499.2943094695552,1463.6214751645496,False
2021-08-25 12:58:00-07:00,28.457237977535183,26.8,1.4,937.4925831697562,1779.2852472777226,841.1003759867241,1496.557490472924,1461.0402224305685,False
2021-08-25 12:59:00-07:00,28.414173819472538,27.0,1.1,938.0308786794002,1780.6480063144033,837.2261799138088,1490.8051280977475,1455.5842325005742,False
2021-08-25 13:00:00-07:00,28.370364746752962,27.2,1.4,937.5389664174352,1780.062923355829,838.8299536730699,1493.1700995337194,1457.827253748422,False
2021-08-25 13:01:00-07:00,28.32581246497203,27.2,1.9,943.4914594964588,1790.8620188816067,842.2893279514296,1508.4239663375288,1472.4585572557482,False
2021-08-25 13:02:00-07:00,28.280518732911606,27.2,1.4,947.131986764946,1797.794765245034,837.3129144151878,1505.3167744076877,1469.583735800319,False
2021-08-25 13:03:00-07:00,28.23448533369911,27.4,2.0,946.9784781213981,1797.3025415334916,841.6316687626279,1512.6667373021448,1476.567024758491,False
2021-08-25 13:04:00-07:00,28.187714074182125,27.5,4.0,942.107177311649,1786.2068369629508,858.402292155487,1533.284043112799,1496.028147333216,False
2021-08-25 13:05:00-07:00,28.140206785115844,27.6,4.5,941.6341863141806,1785.3844984557365,861.4791625474888,1538.0715425549163,1500.564894647274,False
2021-08-25 13:06:00-07:00,28.09196532054086,27.6,4.4,940.9421882842564,1783.9714149824606,860.9432925958134,1535.8982239118118,1498.4839609436165,False
2021-08-25 13:07:00-07:00,28.042991557572424,27.5,3.8,940.4970104525122,1783.72189824407,856.9426353034756,1528.5473441297916,1491.499114980815,False
2021-08-25 13:08:00-07:00,27.993287396162433,27.4,3.0,942.2504889357717,1787.618883701919,850.8566345897328,1521.0073873156696,1484.3817018834975,False
2021-08-25 13:09:00-07:00,27.942854758448018,27.4,2.3,942.9501398385153,1789.7127053285317,844.7991723573324,1511.947812218946,1475.7954322924897,False
2021-08-25 13:10:00-07:00,27.891695554425134,27.7,1.8,944.0862662044265,1791.7183608438443,839.042881565581,1503.3285364363785,1467.6231520336087,False
2021-08-25 13:11:00-07:00,27.83981181900667,28.0,1.8,950.2930395928903,1804.0400751245204,836.23225643391,1508.5965027185787,1472.7742155776498,False
2021-08-25 13:12:00-07:00,27.787205505941422,27.9,2.5,950.7044348832088,1804.1394863317666,842.8081557404754,1520.5434731738446,1484.1341536294299,False
2021-08-25 13:13:00-07:00,27.733878624353718,28.3,4.6,947.5737451447703,1796.6188633054926,857.8838050430833,1541.2902266646952,1503.756802510171,False
2021-08-25 13:14:00-07:00,27.679833203957426,27.9,3.9,946.189870166827,1794.3526783441935,854.903393961868,1533.9981946810192,1496.803973240639,False
2021-08-25 13:15:00-07:00,27.625071295341705,27.6,3.0,946.0358761339751,1794.700075129738,849.3033546727435,1524.2447944391113,1487.5416227035741,False
2021-08-25 13:16:00-07:00,27.56959496925444,27.4,4.2,946.2730645538619,1793.8500487471551,859.7713059040021,1542.3007990072995,1504.6831483054798,False
2021-08-25 13:17:00-07:00,27.513406316392732,27.3,2.0,952.2936870341658,1807.4640828279025,841.142760061332,1520.335327341586,1483.9747711094278,False
2021-08-25 13:18:00-07:00,27.456507447178446,27.3,1.0,952.163274072723,1807.5336534433216,832.2267160016759,1504.2777964676468,1468.7064146461341,False
2021-08-25 13:19:00-07:00,27.398900491014693,27.5,0.8,951.6945910315586,1807.2631836560377,829.2185996099805,1498.6162462779344,1463.3174699740243,False
2021-08-25 13:20:00-07:00,27.340587596609616,27.8,1.3,952.9945862944072,1809.4850645584977,832.1886839080141,1505.8329944261443,1470.207785695284,False
2021-08-25 13:21:00-07:00,27.28157089141061,28.3,1.7,950.9462175537574,1805.3639981606714,833.7613450329096,1505.2427153804326,1469.5996226496413,False
2021-08-25 13:22:00-07:00,27.221852640175495,28.5,4.1,950.1193474886843,1801.7834957719099,852.8347856105518,1536.6236413332676,1499.386233724772,False
2021-08-25 13:23:00-07:00,27.161435007292813,28.7,2.9,948.1391024008153,1799.6371150276452,842.4045185822621,1516.0224375076343,1479.7842937671535,False
2021-08-25 13:24:00-07:00,27.10032021384819,28.6,3.7,949.3037150613682,1801.04381980773,849.1819844319708,1529.413964953265,1492.5280854570506,False
2021-08-25 13:25:00-07:00,27.038510498643806,28.0,2.7,949.2176094487776,1801.396970895662,844.1548649685827,1520.6580167212417,1484.2111792968656,False
2021-08-25 13:26:00-07:00,26.97600811741343,28.1,2.2,949.7757078530406,1802.417557853235,839.5154107934999,1513.1573165025757,1477.0924664550298,False
2021-08-25 13:27:00-07:00,26.912815342617368,28.2,2.6,950.5000133508388,1803.5402086870538,842.3006864866193,1519.123155883326,1482.7771046709204,False
2021-08-25 13:28:00-07:00,26.848934463249652,28.1,3.3,949.3896725960788,1800.9480915433799,848.6958019667983,1528.4570848529838,1491.6177527186774,False
2021-08-25 13:29:00-07:00,26.78436778400881,28.1,2.4,951.7072320580432,1806.277465146422,840.741107724805,1518.611716905556,1482.3225674338996,False
2021-08-25 13:30:00-07:00,26.719117625731933,28.1,2.9,954.0711934611005,1809.8476952295273,844.7925754598804,1528.9458956430808,1492.1863662029384,False
2021-08-25 13:31:00-07:00,26.65318632456335,28.1,3.9,955.311647281086,1811.7780232069404,852.4101520933627,1544.3779803212396,1506.8700042070386,False
2021-08-25 13:32:00-07:00,26.586576186872662,28.0,3.5,954.8267476878036,1811.1965064959224,849.8326973956823,1539.2140126290667,1501.958155248088,False
2021-08-25 13:33:00-07:00,26.519289668185706,28.0,4.1,954.1306712752239,1809.3764844641385,854.614021861526,1546.3185144495662,1508.684399397872,False
2021-08-25 13:34:00-07:00,26.451329104348755,28.0,4.3,952.1767197681404,1805.2028894660832,856.5771907916703,1546.295619867864,1508.6128429096107,False
2021-08-25 13:35:00-07:00,26.382696890174973,27.8,3.5,951.1656131666374,1804.3164015232755,851.3689307305054,1536.1389254643846,1498.9557866438543,False
2021-08-25 13:36:00-07:00,26.31339543420392,28.1,3.0,953.6953139622783,1809.5501787635296,845.4505925699611,1529.8852709207051,1493.0755764573653,False
2021-08-25 13:37:00-07:00,26.24342715848715,28.1,2.7,955.7081493379648,1813.1113944065935,842.8435933552281,1528.1693228149618,1491.4862764616685,False
2021-08-25 13:38:00-07:00,26.172794498408432,28.0,3.2,955.101558566229,1811.9442725115784,847.3855249833591,1535.4153486028147,1498.3581417254622,False
2021-08-25 13:39:00-07:00,26.10149990185745,28.2,4.3,950.9006831737486,1803.4613412608874,855.492902617017,1542.8483775928553,1505.3184108201265,False
2021-08-25 13:40:00-07:00,26.029545829680977,28.3,5.4,948.1592867486326,1797.2387129137537,863.3853047883465,1551.7094939264568,1513.6568716908205,False
2021-08-25 13:41:00-07:00,25.956934754863056,27.9,3.5,948.4739502760974,1798.9248738935785,851.4627646884695,1531.7175465922828,1494.6917267989227,False
2021-08-25 13:42:00-07:00,25.883669162325457,28.0,1.9,952.732770644834,1808.4050862333868,836.776941599039,1513.2316772305198,1477.231859625644,False
2021-08-25 13:43:00-07:00,25.809751548783815,28.1,2.9,951.6372388432915,1805.8361844623175,844.9209701138552,1525.788860842604,1489.139384460444,False
2021-08-25 13:44:00-07:00,25.735184371639384,28.1,3.0,952.381231880486,1806.6291483455643,845.8715847615017,1528.1762607873845,1491.4174506586776,False
2021-08-25 13:45:00-07:00,25.659970249951385,28.1,3.8,955.1348222329191,1811.1908893663308,851.8201892383379,1542.8089661267813,1505.3728353887861,False
2021-08-25 13:46:00-07:00,25.58411166356502,28.0,3.6,955.9152822366473,1812.8302121744246,850.6100880925301,1542.0116664744871,1504.6349071184386,False
2021-08-25 13:47:00-07:00,25.50761115253366,27.9,2.9,957.2947348903067,1816.3105134110274,845.0524086136634,1534.8775741483082,1497.8981933111604,False
2021-08-25 13:48:00-07:00,25.430471267147734,28.1,2.5,959.7305664967457,1821.0392213912687,840.3888264660752,1530.3810142137036,1493.679918876949,False
2021-08-25 13:49:00-07:00,25.352694567088502,28.2,2.6,957.8165274875395,1817.5617581372137,840.9807655421076,1528.534478778293,1491.8848086507878,False
2021-08-25 13:50:00-07:00,25.274283621967584,28.5,3.0,959.4571344176917,1820.2295065313795,842.6632190436289,1533.8404553719283,1496.9582300956884,False
2021-08-25 13:51:00-07:00,25.195241010456883,28.3,2.8,962.2843487288535,1825.8510751372971,841.4373821755242,1536.3393489058935,1499.3978941184987,False
2021-08-25 13:52:00-07:00,25.11556932016289,28.2,2.6,965.0949922086215,1831.2269508527056,839.7955600434149,1537.8562627579429,1500.9013645975165,False
2021-08-25 13:53:00-07:00,25.035271147307725,28.2,3.1,965.9178321425338,1832.5523550294697,843.7853527431432,1546.280835308819,1508.9211681722186,False
2021-08-25 13:54:00-07:00,24.954349096589176,28.1,2.3,966.2924727272933,1833.8762066528268,837.41061594366,1535.7074037775662,1498.8896147231821,False
2021-08-25 13:55:00-07:00,24.872805725410444,28.1,2.5,967.0156478778695,1835.0024476889039,839.0641585845075,1539.6847847706017,1502.6823775998348,False
2021-08-25 13:56:00-07:00,24.79064376364375,28.4,3.5,966.9160479966008,1834.320402106199,845.821288278928,1551.5072456257867,1513.9063183713422,False
2021-08-25 13:57:00-07:00,24.707865784633075,28.1,2.0,968.696341695991,1838.4416595495236,834.4339480509585,1534.0581322392652,1497.3741056762449,False
2021-08-25 13:58:00-07:00,24.624474423389287,28.1,1.6,970.2113139250512,1841.418229347901,830.6135646190058,1529.506959433078,1493.0812725718777,False
2021-08-25 13:59:00-07:00,24.540472321989316,28.3,3.5,969.620763871798,1838.9724551408094,846.0781212069882,1555.914359796938,1518.1463346636563,False
2021-08-25 14:00:00-07:00,24.455862128679534,28.4,4.5,967.1670131706616,1833.75149256422,853.6423054408098,1565.367851718047,1527.0609523582334,False
2021-08-25 14:01:00-07:00,24.370646498518827,28.2,3.8,965.5625167990652,1831.4210281678904,849.4329435573113,1555.6693548494086,1517.8251683170888,False
2021-08-25 14:02:00-07:00,24.28482809250152,28.3,4.1,960.5718243127465,1821.424119682711,852.2150770716206,1552.2450965355106,1514.455475567845,False
2021-08-25 14:03:00-07:00,24.19840957726711,28.1,2.0,958.8441305753887,1819.8193485134893,836.1470360518761,1521.63655440941,1485.3536713284768,False
2021-08-25 14:04:00-07:00,24.111393625656564,28.2,1.9,957.907714003828,1818.477439191971,834.7733956539462,1518.016586834374,1481.896554847174,False
2021-08-25 14:05:00-07:00,24.02378291481572,28.2,2.2,957.8655056955757,1817.9608472380828,837.527090130636,1522.591458358737,1486.2402475610693,False
2021-08-25 14:06:00-07:00,23.935580068215053,28.5,2.9,959.784017771746,1821.198659393033,841.6531975144686,1532.81767498721,1495.9974963051927,False
2021-08-25 14:07:00-07:00,23.84678789155354,28.6,4.6,959.2908898548407,1818.6397907894882,854.7013814627171,1554.3939415708423,1516.4628191785462,False
2021-08-25 14:08:00-07:00,23.75740901779274,28.4,3.7,961.0710031603157,1822.5526298577322,848.6122875663413,1546.6405564336214,1509.146082504184,False
2021-08-25 14:09:00-07:00,23.66744614326301,28.5,2.2,962.6406459851714,1827.178681564364,835.1656304041212,1525.996835449673,1489.5828990570635,False
2021-08-25 14:10:00-07:00,23.57690196777279,28.7,1.9,965.1937763405732,1831.8496629089086,831.2605966070403,1522.744443684065,1486.5435827259662,False
2021-08-25 14:11:00-07:00,23.485779195390144,28.7,2.3,965.8929385359478,1833.222467738421,834.5274105407888,1529.874398946939,1493.33784149788,False
2021-08-25 14:12:00-07:00,23.394080533511264,28.7,4.5,965.0719256338666,1829.7056983573405,852.5589842579409,1559.9320316825008,1521.852424636041,False
2021-08-25 14:13:00-07:00,23.301808692789056,28.3,3.6,962.9062146615552,1826.2286457193563,847.9505939858652,1548.5516648917303,1511.0044263772331,False
2021-08-25 14:14:00-07:00,23.208966387067548,28.4,1.4,964.1673638172083,1830.1297633431507,828.3878908834645,1516.0573346988865,1480.1649734341981,False
2021-08-25 14:15:00-07:00,23.11555633244088,28.5,2.8,965.8736394850387,1832.5796462770907,839.8951176564719,1539.1746976247528,1502.1698008937192,False
2021-08-25 14:16:00-07:00,23.021581248077005,28.4,3.2,961.8119046084283,1824.9560860931908,844.2020292725277,1540.6316312131216,1503.4659443082617,False
2021-08-25 14:17:00-07:00,22.92704379169769,28.3,2.7,962.5129229846211,1826.6518360971925,840.4213821631486,1535.1572608236559,1498.283806538928,False
2021-08-25 14:18:00-07:00,22.83194681347554,28.2,1.4,963.9441257282874,1830.1878974519923,829.1810619673952,1517.5571444091172,1481.592033852888,False
2021-08-25 14:19:00-07:00,22.73629297562324,28.4,2.6,964.2817394899764,1829.4832881305324,839.0595276569771,1535.0453835951384,1498.2100682077087,False
2021-08-25 14:20:00-07:00,22.640085004656495,28.3,1.5,968.9968451196569,1839.3917885880542,828.8459684202842,1524.5724683165845,1488.3666729968654,False
2021-08-25 14:21:00-07:00,22.543325629042485,28.4,2.0,972.1687464547582,1845.0358370884069,832.3611382602068,1535.7361294897796,1499.0438776894866,False
2021-08-25 14:22:00-07:00,22.4460175782665,28.6,3.9,969.5375679605231,1838.7228083941857,847.7125759899292,1558.7084484352722,1520.7968548487415,False
2021-08-25 14:23:00-07:00,22.348163582793262,28.3,4.3,968.9157966464202,1837.016817180856,852.4391583974559,1565.945069599622,1527.647631789684,False
2021-08-25 14:24:00-07:00,22.249766374036593,28.2,3.0,968.4244241497454,1836.8138364883653,842.7955784885899,1548.058579899058,1510.6594291313393,False
2021-08-25 14:25:00-07:00,22.150828683436682,28.2,3.8,969.0977751589015,1838.0127933806161,848.9102456971856,1560.3078920233095,1522.3073116248866,False
2021-08-25 14:26:00-07:00,22.05135324332254,28.1,3.6,966.5829272032231,1833.4467926736884,848.1997131502699,1555.129043622105,1517.3358650992536,False
2021-08-25 14:27:00-07:00,21.95134278601835,28.1,2.7,967.7423495922657,1836.1218805336644,840.700364714924,1543.628334625704,1506.4424363685116,False
2021-08-25 14:28:00-07:00,21.850800043781373,28.4,5.0,966.504060478825,1832.0579294295126,857.430598406285,1570.8625267457262,1532.2561194949935,False
2021-08-25 14:29:00-07:00,21.749727680875697,28.6,4.1,967.3308656875693,1834.455188181267,849.5844164479473,1558.5245405508913,1520.572107691999,False
2021-08-25 14:30:00-07:00,21.64812856408242,28.8,5.0,971.6613200651626,1841.8060352729785,854.7208824474445,1574.2300797655494,1535.568539112901,False
2021-08-25 14:31:00-07:00,21.54600535695245,28.5,4.5,973.494606725958,1846.0040800954455,852.0443900798434,1572.8774205098264,1534.334519538897,False
2021-08-25 14:32:00-07:00,21.44336078965256,28.5,5.1,973.7703852533741,1845.6785592453627,856.5854682672996,1580.9814329421038,1542.0215587863822,False
2021-08-25 14:33:00-07:00,21.340197591345003,28.4,4.5,972.7193588251943,1844.1540839636775,852.8246943912505,1572.7401430666998,1534.1823122257942,False
2021-08-25 14:34:00-07:00,21.236518490222743,28.3,4.4,971.2021981902676,1841.081417318449,852.9214927059481,1570.2979106524342,1531.8277650680486,False
2021-08-25 14:35:00-07:00,21.132326212532448,28.3,3.4,969.7419106539542,1839.6184244542824,845.0953117176764,1554.6529058557726,1516.9558073235064,False
2021-08-25 14:36:00-07:00,21.027623483578918,28.5,4.2,970.5319268796501,1840.2303621616625,850.4215120240004,1564.9714870619948,1526.761332123278,False
2021-08-25 14:37:00-07:00,20.92241302677801,28.4,3.2,970.5900115001903,1841.4003684935785,842.8296966114692,1551.9869139176906,1514.4442514533941,False
2021-08-25 14:38:00-07:00,20.816697563675735,28.3,2.5,971.820639562978,1843.7127903855703,837.4480159661057,1544.0136183197285,1506.8957237689644,False
2021-08-25 14:39:00-07:00,20.710479813973667,28.5,3.8,973.1997361303546,1845.408718656289,846.9693162239406,1563.0045605940156,1524.954603053709,False
2021-08-25 14:40:00-07:00,20.603762422854242,28.5,2.8,975.5841356980344,1850.5235764781294,838.4523553806439,1551.5758513855008,1514.1589163401327,False
2021-08-25 14:41:00-07:00,20.49654824860603,28.4,2.1,977.1885710236959,1854.0951510394698,832.5430660907161,1543.6140618703296,1506.6341425783978,False
2021-08-25 14:42:00-07:00,20.388839932264432,28.3,1.8,979.7084192576964,1859.304471292341,829.7642535012626,1542.7843866534492,1505.9043134760207,False
2021-08-25 14:43:00-07:00,20.280640183608945,28.5,2.7,981.2168219344884,1861.4240222436113,836.5656317573287,1557.2033631364945,1519.6298741863538,False
2021-08-25 14:44:00-07:00,20.171951709786644,28.5,5.2,978.9656608340264,1855.0072020915948,856.7095188142915,1589.2023275009356,1549.9329277631266,False
2021-08-25 14:45:00-07:00,20.06277721438481,28.2,3.6,978.5282682101032,1855.3865582715862,846.0783696054722,1569.8024342103322,1531.5256634206128,False
2021-08-25 14:46:00-07:00,19.9531193984765,28.2,3.7,979.7856977114163,1857.7753234614565,846.6366628952869,1572.86070026462,1534.4570476329613,False
2021-08-25 14:47:00-07:00,19.842980959671536,28.4,3.6,977.9286885425619,1854.7697868794758,844.9741737622238,1567.2325681876207,1529.0784507429075,False
2021-08-25 14:48:00-07:00,19.732364592201943,28.4,3.1,976.6593297559134,1852.276489404937,841.3056279737491,1558.330635099832,1520.595666313351,False
2021-08-25 14:49:00-07:00,19.621272986973835,28.6,3.1,974.6932845294191,1848.639514195457,840.6282264664776,1554.018556193978,1516.4577913063329,False
2021-08-25 14:50:00-07:00,19.509708830588735,28.6,3.0,974.9895271374867,1849.5579140207976,839.6162258988181,1552.9188353514326,1515.4236800004996,False
2021-08-25 14:51:00-07:00,19.397674731212987,28.5,3.7,976.4663652371837,1851.7116726980616,845.6271831244538,1565.8577257423326,1527.7373815613632,False
2021-08-25 14:52:00-07:00,19.285173518420493,28.6,3.5,976.1965481038409,1851.6685312184854,843.4384753393523,1561.7684828047775,1523.8537218801107,False
2021-08-25 14:53:00-07:00,19.172207792492678,28.6,1.8,976.6608039304792,1853.6884987921617,828.78315725884,1536.3058066033673,1499.6828585220276,False
2021-08-25 14:54:00-07:00,19.058780224748023,28.8,2.4,976.5678577611284,1853.3528422641148,833.0772656520639,1543.9861181218696,1506.9793362558298,False
2021-08-25 14:55:00-07:00,18.94489348156368,28.8,3.1,979.022575144893,1857.3534630153677,838.7027405787557,1557.7674396544314,1520.119133650527,False
2021-08-25 14:56:00-07:00,18.830550225558497,28.7,3.5,982.2883366554511,1863.014007059947,842.0401119469033,1568.7325230634065,1530.5983680133081,False
2021-08-25 14:57:00-07:00,18.715753114602794,28.8,1.9,983.8803850186548,1867.464806175698,827.3658643099177,1545.0766334299094,1508.1745642906635,False
2021-08-25 14:58:00-07:00,18.600504801963172,28.8,2.1,982.5319351860879,1864.782370227109,829.4116479730353,1546.6722188011295,1509.661091569729,False
2021-08-25 14:59:00-07:00,18.48480793635072,28.9,2.7,981.017304360694,1861.5141660641189,834.4531110263521,1553.3462870918295,1515.9664367805922,False
2021-08-25 15:00:00-07:00,18.36866516100943,28.8,3.2,982.1673453728908,1862.850318804284,839.1824914140473,1563.2713716656312,1525.410124811989,False
2021-08-25 15:01:00-07:00,18.252079114874274,28.8,4.3,978.8096912264247,1855.5817092122275,848.5376109178844,1574.530870397868,1536.0168602342974,False
2021-08-25 15:02:00-07:00,18.135052352990186,28.7,3.1,975.163869819354,1849.9793254172473,839.8622796517003,1553.7278535534442,1516.1970696221213,False
2021-08-25 15:03:00-07:00,18.0175876608341,28.6,3.7,975.4563287577446,1849.8484509881027,845.2858361621528,1563.6506946667414,1525.6199708889171,False
2021-08-25 15:04:00-07:00,17.899687583578178,28.7,4.3,973.1127357763414,1845.1540815453927,849.7578044843303,1567.934081269314,1529.631940631276,False
2021-08-25 15:05:00-07:00,17.78135473874159,28.8,3.4,971.9197064496174,1843.9056028801065,842.2459028367869,1553.0219392435652,1515.4564256752285,False
2021-08-25 15:06:00-07:00,17.662591739064002,28.7,2.9,973.5589388998305,1847.138255708883,838.435948349482,1548.7071151578853,1511.3945774547392,False
2021-08-25 15:07:00-07:00,17.543401191559127,28.6,2.4,976.5582624223388,1853.2799387155624,834.0722867065231,1545.769436391814,1508.6732616135687,False
2021-08-25 15:08:00-07:00,17.423785697642572,28.6,2.3,979.461352935049,1858.9144020457543,832.6605771339616,1547.8447388500508,1510.7092828239665,False
2021-08-25 15:09:00-07:00,17.303747853284516,28.7,1.8,978.5608019082862,1857.350814495133,827.9311275473282,1537.7585540959037,1501.1049532662057,False
2021-08-25 15:10:00-07:00,17.18329024801189,28.9,2.2,975.934516817252,1852.1372098362647,831.0115721139746,1539.1474545168248,1502.366682981942,False
2021-08-25 15:11:00-07:00,17.062415466202513,28.7,3.6,975.3190640968621,1849.8703435270163,843.931804363737,1561.1644168517207,1523.2591825607415,False
2021-08-25 15:12:00-07:00,16.941126086079763,28.7,4.4,976.179041565947,1850.98188765468,849.9880291659935,1573.3124467095518,1534.8062041166581,False
2021-08-25 15:13:00-07:00,16.819424679897885,28.7,3.5,974.9320493510324,1849.3868718629126,843.1111774897294,1559.2387431703876,1521.4247431576384,False
2021-08-25 15:14:00-07:00,16.697313732065833,28.8,3.2,972.635582153813,1845.18948053687,840.5943187907964,1551.0557944318336,1513.6035272172471,False
2021-08-25 15:15:00-07:00,16.574795965961837,28.6,3.0,974.2322589860664,1848.3161029037572,839.6562130273892,1551.9500994417108,1514.4891093665392,False
2021-08-25 15:16:00-07:00,16.45187385396222,28.7,4.1,974.2321411046,1847.6378003995965,847.9494257323104,1566.7034118101471,1528.4927222764654,False
2021-08-25 15:17:00-07:00,16.328549943688078,28.6,4.7,971.1637160939989,1841.2970632689046,853.4778496763627,1571.5062581741465,1532.9772677234873,False
2021-08-25 15:18:00-07:00,16.204826776483937,28.4,4.4,969.4435196124617,1837.9840523501994,852.6080769290825,1567.0800483006255,1528.736520148128,False
2021-08-25 15:19:00-07:00,16.08070688751495,28.4,3.9,971.9211332811531,1843.0476231239013,848.3818109185786,1563.6080801150374,1525.499994180099,False
2021-08-25 15:20:00-07:00,15.956192804853108,28.2,3.0,972.0798762871157,1844.0617950233993,842.0333411888892,1552.7615146223332,1515.2108544010262,False
2021-08-25 15:21:00-07:00,15.831287050763738,28.3,2.5,972.9741244492855,1846.375160685782,837.0330403368404,1545.4770143512424,1508.3167276176152,False
2021-08-25 15:22:00-07:00,15.70599214077304,28.3,2.0,975.3543643243077,1850.932565490759,832.3457391372158,1540.6158343165491,1503.7487750874122,False
2021-08-25 15:23:00-07:00,15.580310583790286,28.5,2.1,974.4552631190345,1849.4173524499004,832.3143927058367,1539.296680563975,1502.4778185433445,False
2021-08-25 15:24:00-07:00,15.454244882351594,28.6,1.5,976.0649074703638,1852.784616185133,826.1116486090044,1530.6069537941016,1494.254499741465,False
2021-08-25 15:25:00-07:00,15.32779744668329,28.7,2.4,977.2564730123878,1854.2100073125648,833.6433357320306,1545.7498156437593,1508.6651686412215,False
2021-08-25 15:26:00-07:00,15.200970935502061,28.8,0.4,978.2793562542967,1858.1246095897945,813.8450917908483,1512.2255934504406,1476.828023890241,False
2021-08-25 15:27:00-07:00,15.073767746280742,29.0,0.6,978.1651258731742,1857.6123512009265,814.9788866834454,1513.9148458711481,1478.4299414590005,False
2021-08-25 15:28:00-07:00,14.946190354344125,29.2,0.7,976.0026915331862,1853.3204299096767,815.465499462492,1511.3188700403348,1475.9130664917614,False
2021-08-25 15:29:00-07:00,14.818241228423476,29.3,0.9,975.0096579081418,1851.879327382638,816.8773305429448,1512.7582414399935,1477.2670145152651,False
2021-08-25 15:30:00-07:00,14.68992282965354,29.4,1.1,973.684050958525,1849.0987933224553,818.6301917067216,1513.728099662229,1478.159426519386,False
2021-08-25 15:31:00-07:00,14.561237612985375,29.5,2.0,974.2464491612284,1849.3646569311218,826.4840393718932,1528.4703719320494,1492.1847399884143,False
2021-08-25 15:32:00-07:00,14.43218802618045,29.4,1.7,975.3052247081725,1851.3883667734738,824.137750122471,1525.7990431956068,1489.6669289634654,False
2021-08-25 15:33:00-07:00,14.302776510026629,29.4,2.8,973.7328758120473,1847.6365918461468,834.1285960221522,1541.1665163157809,1504.2348120658428,False
2021-08-25 15:34:00-07:00,14.17300549857459,29.3,2.4,969.2478386012731,1839.8396977787222,831.7598391218803,1530.3047710344788,1493.8219605908075,False
2021-08-25 15:35:00-07:00,14.04287741810537,29.3,2.7,962.5211627160045,1826.6218877880242,835.6001020351953,1526.3254358153938,1489.8889431225432,False
2021-08-25 15:36:00-07:00,13.912394600964287,29.1,3.8,956.6163391910969,1814.8872753874016,846.3355565070545,1536.0036322125686,1498.951507395173,False
2021-08-25 15:37:00-07:00,13.781559634803305,28.8,5.0,952.4880143802819,1806.10338955646,857.3621227717763,1548.4846360154268,1510.702201195373,False
2021-08-25 15:38:00-07:00,13.650374837799653,28.6,4.5,953.1544873668337,1807.7401490928687,854.6154303174691,1544.9226254191678,1507.3392940121905,False
2021-08-25 15:39:00-07:00,13.518842608648061,28.4,4.5,953.1998296532738,1807.444112744934,855.7535813964037,1546.7267726553225,1509.0490478629272,False
2021-08-25 15:40:00-07:00,13.38696533817614,28.5,4.2,953.8950488596022,1808.7795706653144,853.0289842633896,1542.941399921003,1505.470044800998,False
2021-08-25 15:41:00-07:00,13.254745410807207,28.5,3.4,953.97284655868,1809.7251514608192,846.7293458178397,1532.3473936065102,1495.4171874567576,False
2021-08-25 15:42:00-07:00,13.122185203558706,28.4,2.6,955.8523687469059,1813.929085836552,840.3066481719891,1524.256670140993,1487.776886742111,False
2021-08-25 15:43:00-07:00,12.989287086277665,28.5,2.5,956.1180109296009,1814.2934768156106,839.0262067477439,1522.2397737797778,1485.8638467980543,False
2021-08-25 15:44:00-07:00,12.856053421887486,28.5,1.9,957.690227316225,1817.9741700987038,833.3999236655033,1515.0995345861163,1479.1170180401703,False
2021-08-25 15:45:00-07:00,12.722486565365235,28.6,1.8,959.5544859817668,1821.6873563081908,831.6402054210819,1514.9884472131314,1479.0534099553881,False
2021-08-25 15:46:00-07:00,12.588588865247454,28.9,2.7,958.269404074405,1818.4598529094774,838.3079595336216,1524.4293687863537,1487.993150770376,False
2021-08-25 15:47:00-07:00,12.454362572501081,28.8,2.6,956.1497995354634,1814.8383781796358,838.1600560490484,1521.1250367750074,1484.8103759844614,False
2021-08-25 15:48:00-07:00,12.319810201022316,28.7,3.1,952.3334453084996,1807.1942927204057,843.4536065400773,1524.2845439136702,1487.725466552106,False
2021-08-25 15:49:00-07:00,12.184933987825413,28.5,2.2,951.0737563742168,1804.968464311921,837.3105179415502,1511.3190797211792,1475.3738618291263,False
2021-08-25 15:50:00-07:00,12.049736251869167,28.7,1.6,952.1663280226336,1808.1567540935553,830.5138776400275,1501.6992772232443,1466.2606112993042,False
2021-08-25 15:51:00-07:00,11.914219305661808,28.9,2.1,952.8197830859863,1808.6527613956541,834.0575958268892,1508.5205738553238,1472.754556383941,False
2021-08-25 15:52:00-07:00,11.778385454235273,29.2,2.4,950.8872987126301,1805.1579838104344,835.354179336861,1507.9462661393482,1472.168587791207,False
2021-08-25 15:53:00-07:00,11.642236995435464,29.3,1.8,949.6226426152963,1803.482367563104,829.719861144785,1496.3851395915267,1461.1522124439082,False
2021-08-25 15:54:00-07:00,11.50577622014799,29.3,1.3,948.0178877251275,1800.203524007442,825.7426462782001,1486.5048217532467,1451.7132991850403,False
2021-08-25 15:55:00-07:00,11.369005411319895,29.2,2.2,947.3204966630989,1798.6012134473747,834.2236735686142,1500.4357115670362,1464.950444651473,False
2021-08-25 15:56:00-07:00,11.23192684544754,29.1,2.1,947.25019747292,1798.3397387570828,833.9464882667578,1499.719109847028,1464.265816931077,False
2021-08-25 15:57:00-07:00,11.094542791626273,29.1,1.7,943.5455268590943,1791.5804107569659,831.0833731371574,1488.9526910183536,1453.9460885962237,False
2021-08-25 15:58:00-07:00,10.956855511760104,29.1,2.1,941.0514984482454,1786.9275982574216,834.8669874256973,1491.8468607050104,1456.6470195651714,False
2021-08-25 15:59:00-07:00,10.818867168239727,29.2,0.4,946.6468306511299,1798.5224970027703,817.7678598217707,1470.7738932152624,1436.718027633992,False
2021-08-25 16:00:00-07:00,10.68058019322797,29.3,1.6,949.9296215846416,1803.7148613088534,828.0950847540807,1493.64741094775,1458.5498788751365,False
2021-08-25 16:01:00-07:00,10.541996735035973,29.2,2.8,945.9206821563738,1795.1299978508364,839.7091562075658,1507.387095778215,1471.52194008076,False
2021-08-25 16:02:00-07:00,10.403119027031446,29.2,2.7,943.5732451798647,1790.9347382547228,839.1923204533106,1502.938678776423,1467.2433791785484,False
2021-08-25 16:03:00-07:00,10.263949295491482,29.2,3.8,938.4417645083222,1780.7135753930625,848.6416563981145,1511.1877181921775,1474.9675529391295,False
2021-08-25 16:04:00-07:00,10.12448975987023,29.0,3.0,933.973038515625,1772.806944991601,844.0822178780521,1496.3948179981246,1460.810377553394,False
2021-08-25 16:05:00-07:00,9.98474263177306,28.9,2.6,932.5533732802514,1770.6012016254003,841.4496819232863,1489.8718179206817,1454.5807407618217,False
2021-08-25 16:06:00-07:00,9.844710116556781,28.9,1.6,934.1989208635349,1774.3026652133103,832.6484311461262,1477.3703305682536,1442.728287343663,False
2021-08-25 16:07:00-07:00,9.704394412288488,28.8,2.5,934.827015010627,1774.6906632660834,840.8571733394764,1492.2613746658794,1456.9009551415638,False
2021-08-25 16:08:00-07:00,9.563797710036106,28.9,1.9,932.9597225603236,1771.36296061178,835.6848709449507,1480.3012271355212,1445.484061765141,False
2021-08-25 16:09:00-07:00,9.422922194166768,29.0,2.0,931.96522303413,1769.8646197462474,836.0239986608243,1479.649296488577,1444.8465780749498,False
2021-08-25 16:10:00-07:00,9.281769946546234,29.2,3.4,926.2018359732651,1758.0759816491366,847.4076412375795,1489.807020725737,1454.3731841482165,False
2021-08-25 16:11:00-07:00,9.140343326975437,29.1,3.4,925.580872867801,1756.5022259520858,848.1830459685934,1489.8354082586548,1454.3817013212804,False
2021-08-25 16:12:00-07:00,8.998644404208674,28.9,2.9,928.5109818682602,1762.179539162921,844.833725696989,1488.7487054180137,1453.4146455300477,False
2021-08-25 16:13:00-07:00,8.856675334699638,29.0,2.3,930.6966510826511,1766.8318161084785,838.9978061190268,1482.3680174963092,1447.3986992130872,False
2021-08-25 16:14:00-07:00,8.714438268326026,29.1,3.8,929.2393254374917,1763.2527909003916,850.602810762324,1499.8277800243854,1463.9625982520913,False
2021-08-25 16:15:00-07:00,8.571935347355437,29.0,2.7,929.8479513406779,1765.055962566096,842.407852248751,1486.8970025241572,1451.6867880429775,False
2021-08-25 16:16:00-07:00,8.429168708061473,29.0,2.9,931.4124324829098,1768.262617659539,843.5885070193789,1491.6860216495893,1456.2792108410738,False
2021-08-25 16:17:00-07:00,8.286140479709621,29.0,2.5,930.1991138188827,1766.1978489570326,840.5414020973885,1484.5624163437358,1449.4791262483172,False
2021-08-25 16:18:00-07:00,8.142852784847145,28.9,1.7,929.9738628875932,1765.7550035690726,834.5015142512677,1473.525224275144,1438.9715778444777,False
2021-08-25 16:19:00-07:00,7.9993077396117185,28.9,2.0,930.1953622177765,1765.9465939307659,837.0825046058916,1478.242997847809,1443.4635341941896,False
2021-08-25 16:20:00-07:00,7.8555074526684905,29.0,1.2,927.1404956830551,1761.0541461723635,829.8961042335022,1461.4919752527007,1427.4632299800749,False
2021-08-25 16:21:00-07:00,7.711453930194165,29.2,2.4,926.2026121478548,1758.8833371069331,839.3288624846175,1476.2815505771105,1441.5159453404942,False
2021-08-25 16:22:00-07:00,7.56714946140684,29.1,3.5,923.7412219998744,1753.2813040675653,849.0878516826826,1488.6898558661414,1453.2543881306958,False
2021-08-25 16:23:00-07:00,7.422596039274651,28.9,3.4,921.0967306820689,1748.2494890600258,849.7566045730272,1485.586549770177,1450.2437800997689,False
2021-08-25 16:24:00-07:00,7.277795747028301,28.8,2.8,921.2663527311076,1748.8792020551382,845.5450740575102,1478.7561944193512,1443.7543296593433,False
2021-08-25 16:25:00-07:00,7.132750660641301,28.8,3.9,918.9882450906434,1743.946873595669,854.3301779842758,1489.9064429141092,1454.3006327940673,False
2021-08-25 16:26:00-07:00,6.987462850450658,28.7,2.9,916.121836034301,1738.9233278418694,847.7471715501148,1474.1673327204576,1439.2722045541104,False
2021-08-25 16:27:00-07:00,6.8419343801636385,28.7,3.4,910.8563448760605,1728.5225496913065,852.531713461453,1473.620291045089,1438.628957458976,False
2021-08-25 16:28:00-07:00,6.696167307114251,28.6,2.9,909.247534713921,1725.7961458000107,849.4140492593582,1465.9154924001807,1431.2669514058068,False
2021-08-25 16:29:00-07:00,6.550163682351716,28.8,2.7,907.7777282169639,1723.1285601023728,847.1122580652058,1459.6833254849678,1425.3053665349935,False
2021-08-25 16:30:00-07:00,6.4039255506626995,28.9,3.6,905.5055468090387,1718.6236814840913,853.7419024503424,1467.2610514264395,1432.4620335685772,False
2021-08-25 16:31:00-07:00,6.257454950618568,28.8,3.3,901.3013427182082,1710.9928435362629,852.5738389558985,1458.7477370397808,1424.2717424210707,False
2021-08-25 16:32:00-07:00,6.11075381616127,28.8,2.8,897.1726676016178,1703.4539305159462,849.4151058106534,1446.9395006327757,1412.9449733427418,False
2021-08-25 16:33:00-07:00,5.963824370308046,28.8,2.4,895.5452673622291,1700.7550454704476,846.4490075145919,1439.602420263895,1405.9286662010793,False
2021-08-25 16:34:00-07:00,5.816668535221541,28.7,2.1,894.7532917305376,1699.179211628924,844.7616827418783,1435.4014900956684,1401.9103398344282,False
2021-08-25 16:35:00-07:00,5.669288324498276,28.7,1.8,894.4572660947504,1699.1992791494183,842.1287741399461,1430.9446059695797,1397.6663026026624,False
2021-08-25 16:36:00-07:00,5.52168574658563,28.7,2.7,891.4477953875901,1692.3981019204107,850.1945834261014,1438.8676992533485,1405.130746580021,False
2021-08-25 16:37:00-07:00,5.373862803691394,28.7,2.4,889.5326929876302,1689.0700604476751,848.0845650577756,1432.4742475668777,1399.0044602103972,False
2021-08-25 16:38:00-07:00,5.225821492144397,28.7,1.8,889.4084395575712,1689.3899835538707,843.1187788287459,1424.356419899455,1391.2774023140826,False
2021-08-25 16:39:00-07:00,5.077563802426008,28.8,1.3,889.0723365401036,1688.949670199487,838.5015643149148,1416.186940511429,1383.489747789091,False
2021-08-25 16:40:00-07:00,4.929091719497319,28.9,1.7,887.9722001052344,1687.0375248841647,841.4077699218718,1419.4864815872993,1386.6111507996786,False
2021-08-25 16:41:00-07:00,4.780407221758113,29.0,3.7,883.5122717034449,1677.1078285150984,857.3465382449251,1437.8625910408832,1403.9915972926756,False
2021-08-25 16:42:00-07:00,4.631512282719348,28.8,2.5,880.1823098423863,1671.7313702151134,849.7238634983486,1420.5100386305744,1387.4067608088062,False
2021-08-25 16:43:00-07:00,4.482408869997665,28.8,1.7,878.8603529552624,1669.7762332019472,843.4603003553768,1408.389963182784,1375.8385150910165,False
2021-08-25 16:44:00-07:00,4.33309884540831,28.9,1.4,878.9155281688834,1669.9182276430759,840.5201967575687,1403.5999972676086,1371.2758655620128,False
2021-08-25 16:45:00-07:00,4.183584365949878,29.0,1.5,875.0967319868798,1662.9799897260077,841.3631889082485,1399.1701472464802,1366.9736683450894,False
2021-08-25 16:46:00-07:00,4.033867282012691,29.1,2.6,870.9659331247241,1654.2513968361081,850.5437358806124,1407.0131631507047,1374.3442321075718,False
2021-08-25 16:47:00-07:00,3.88394953943697,28.9,3.4,869.7070318908152,1651.162812722131,857.8104372039877,1416.3846942761372,1383.2326958054607,False
2021-08-25 16:48:00-07:00,3.733833078399967,28.8,2.5,869.2235620814015,1651.158859917812,851.4317907105969,1405.8491448474902,1373.1986725250367,False
2021-08-25 16:49:00-07:00,3.5835198337625225,28.8,2.2,869.6092116760653,1652.1141551706628,848.995638600814,1402.6377122105612,1370.150567712717,False
2021-08-25 16:50:00-07:00,3.433011735401443,28.8,1.9,869.0148376233988,1650.7209020777611,846.9231828510161,1398.033800386398,1365.7474555016154,False
2021-08-25 16:51:00-07:00,3.2823107071269013,28.8,2.0,864.4149605524228,1642.1923342148216,848.3775059790491,1393.1990368390836,1361.0397769943893,False
2021-08-25 16:52:00-07:00,3.131418668451209,28.8,1.6,859.9369304811893,1634.2713389601417,845.732919310622,1382.15707044444,1350.422416744207,False
2021-08-25 16:53:00-07:00,2.9803375334955455,28.9,2.4,853.4717639583743,1621.4281130909224,852.7332624584196,1382.645684717822,1350.7360709685197,False
2021-08-25 16:54:00-07:00,2.82906921134067,28.9,3.1,846.1762369645386,1606.6688544739104,859.3959829197984,1380.7647594172327,1348.7661323069983,False
2021-08-25 16:55:00-07:00,2.677615504748861,28.9,3.1,841.2848559101951,1598.0069430265235,859.8420972382281,1374.0336412931758,1342.246880587934,False
2021-08-25 16:56:00-07:00,2.5259785154432053,28.9,2.3,838.8297619817611,1593.4714593563622,854.5120165231872,1361.640510006751,1330.379236440332,False
2021-08-25 16:57:00-07:00,2.374160036507281,28.8,2.0,836.4044136571629,1589.4677991024123,852.8704082363768,1355.6100506990497,1324.5813899370482,False
2021-08-25 16:58:00-07:00,2.2221619574298863,28.8,1.4,836.4967048373206,1589.8143271769518,848.1989152126993,1348.4787877010979,1317.7844106061204,False
2021-08-25 16:59:00-07:00,2.0699861629608276,28.9,1.7,836.4181163662756,1589.6386522690148,850.0506982252108,1351.273446287059,1320.4478420309192,False
2021-08-25 17:00:00-07:00,1.91763453341826,28.9,1.9,836.287558580211,1588.8618809285408,851.8654389841977,1353.4965236824496,1322.5587011743953,False
2021-08-25 17:01:00-07:00,1.7651089436498661,28.9,1.5,836.4856061689654,1589.893607806736,848.438244168186,1348.9265410217697,1318.2124331463315,False
2021-08-25 17:02:00-07:00,1.6124112647884812,28.9,2.3,832.4830608329199,1581.7075285969393,855.4077211047886,1353.004832491395,1322.0041060471838,False
2021-08-25 17:03:00-07:00,1.4595433631644688,29.0,2.4,828.1326512467693,1573.3851765106135,856.3915093638105,1347.4337061225697,1316.591367422589,False
2021-08-25 17:04:00-07:00,1.3065071006566022,28.9,1.8,825.7176764017822,1569.0886653623347,852.7435968790744,1338.0303123232636,1307.5711278135616,False
2021-08-25 17:05:00-07:00,1.1533043350315966,28.9,1.5,821.963588417395,1562.6598462381976,850.7444048324737,1329.4241208435203,1299.283769674625,False
2021-08-25 17:06:00-07:00,0.9999368159929083,28.9,2.6,816.7912302741748,1552.0695342604586,860.004704283717,1334.7871008394325,1304.2721956635635,False
2021-08-25 17:07:00-07:00,0.8464065983925732,28.8,2.1,816.1413333636501,1551.0403916122793,856.9501389566534,1329.164279119525,1298.8963441323879,False
2021-08-25 17:08:00-07:00,0.6927154241425398,28.8,3.0,811.2487468101889,1540.9694977915985,864.4136917830575,1332.0351325111196,1301.511779941422,False
2021-08-25 17:09:00-07:00,0.5388651337779718,28.8,2.5,805.7108130471925,1530.9150118155437,861.6469243766911,1319.108211412969,1289.0581921846235,False
2021-08-25 17:10:00-07:00,0.3848575640476247,28.8,1.9,801.4783806360158,1523.0609254034866,858.0170231060838,1306.8122012238969,1277.2297109093481,False
2021-08-25 17:11:00-07:00,0.23069454681257545,28.8,2.2,798.1771563238786,1517.0929053833231,860.5132816011196,1305.4785945051801,1275.8843062108438,False
2021-08-25 17:12:00-07:00,8.558995557496415,28.8,2.4,783.6202005327705,1488.8767157860934,864.566139119113,1287.2323937915278,1258.1229679828361,False
2021-08-25 17:13:00-07:00,12.129084922975345,28.8,2.5,769.8389156398342,1462.9756197585384,867.267080311017,1268.7905943141882,1240.1956797711282,False
2021-08-25 17:14:00-07:00,14.87679215740311,28.8,2.5,756.0913766988258,1436.9219114905243,869.3966720359217,1249.255127825357,1221.2142311173518,False
2021-08-25 17:15:00-07:00,17.200897156954614,28.7,2.4,743.7923429125631,1413.8793428869608,870.9664771902045,1231.4415104462578,1203.9075163134307,False
2021-08-25 17:16:00-07:00,19.255446038325427,28.7,2.3,733.3303201841736,1393.6451290971186,872.1869751504529,1215.5191295803784,1188.4369875688599,False
2021-08-25 17:17:00-07:00,21.119298732739818,28.7,2.3,725.1438208582765,1378.0644783389266,873.4824018320691,1203.7150704189428,1176.9570266245635,False
2021-08-25 17:18:00-07:00,22.83922675074735,28.7,2.4,715.2280577079085,1359.3065562864906,875.5881999860044,1190.192780848063,1163.7906409377363,False
2021-08-25 17:19:00-07:00,24.44566540453113,28.7,2.1,703.7230749641957,1338.0661217988961,875.106322237107,1170.9501227575008,1145.117305103076,False
2021-08-25 17:20:00-07:00,25.959727267114204,28.7,2.1,691.2996692930951,1314.258258754094,877.1532823334358,1152.8059454999795,1127.454335497603,False
2021-08-25 17:21:00-07:00,27.39676572294203,28.8,1.6,676.75712578837,1287.121517952189,875.510143150588,1126.8879444345232,1102.3000586004903,False
2021-08-25 17:22:00-07:00,28.76835793719978,28.8,1.7,663.0859912472404,1260.9637520110737,878.3570547740969,1107.5764073933415,1083.4716957906023,False
2021-08-25 17:23:00-07:00,30.08348820682771,28.7,2.0,650.7536689300151,1237.2926977387526,882.6445437408933,1092.0896486695601,1068.3309521317092,False
2021-08-25 17:24:00-07:00,31.34929358081606,28.6,2.1,638.9133853945517,1214.7076376993853,885.5147914561326,1075.6415804775427,1052.2775733765377,False
2021-08-25 17:25:00-07:00,32.571554709727224,28.6,2.2,625.951922698504,1190.043528592967,887.9835145769164,1056.739035019498,1033.8381362984821,False
2021-08-25 17:26:00-07:00,33.755030856603994,28.5,2.5,612.5201301463208,1164.3614627809375,892.1037590478438,1038.7312378373206,1016.234505093118,False
2021-08-25 17:27:00-07:00,34.90369554143007,28.5,2.5,598.7697732904358,1138.1749080631091,894.061071980943,1017.5978784047146,995.6194640122953,False
2021-08-25 17:28:00-07:00,36.02090664873723,28.5,2.4,585.8125217689301,1113.7400348750523,895.1844399813023,997.0027494043798,975.5349457550661,False
2021-08-25 17:29:00-07:00,37.10953267889342,28.5,2.0,574.727232239666,1092.619542630863,894.7230685852218,977.5919099788673,956.6233812728474,False
2021-08-25 17:30:00-07:00,38.17204429679073,28.5,2.2,564.3711705036801,1072.87445537189,897.1984181126419,962.5812641931217,941.9461373257707,False
2021-08-25 17:31:00-07:00,39.2105910007747,28.5,2.1,553.1271505710663,1051.721671971268,898.0372578293894,944.485246296818,924.2822582087084,False
2021-08-25 17:32:00-07:00,40.22705433138564,28.5,2.1,542.1651448909872,1030.8812073617726,899.4991744307262,927.2767949580647,907.4680247936031,False
2021-08-25 17:33:00-07:00,41.223092838088256,28.5,1.9,532.1860463299134,1011.8925565701732,899.8793663320146,910.5812326024497,891.166168548147,False
2021-08-25 17:34:00-07:00,42.200177318616575,28.5,1.9,521.0726891154789,990.7752907549861,901.3275707521432,893.01308597744,873.9897208871425,False
2021-08-25 17:35:00-07:00,43.159619211127335,28.5,2.3,509.61946821256697,968.913516056941,904.6854480310792,876.561958377342,857.8691607724711,False
2021-08-25 17:36:00-07:00,44.10259370486906,28.4,1.9,498.0195283781994,946.962634997716,904.7424103611488,856.7572569097783,838.5174175653256,False
2021-08-25 17:37:00-07:00,45.030158698418134,28.4,1.7,487.03433002554027,925.7992845406287,905.4971214698719,838.3085872104061,820.4728023129342,False
2021-08-25 17:38:00-07:00,45.94327050964912,28.3,1.8,475.3452246097073,903.7474835226097,907.6901319075473,820.3226725297517,802.8528149789711,False
2021-08-25 17:39:00-07:00,46.842796971464836,28.3,1.7,463.787468391472,881.617048588196,908.8161689558644,801.2278285841005,784.157546110008,False
2021-08-25 17:40:00-07:00,47.729529021176305,28.3,1.5,451.7148362115586,858.8514838814751,909.2154281243892,780.8810196125621,764.2400611116778,False
2021-08-25 17:41:00-07:00,48.60418763593604,28.3,1.7,439.12313904734776,834.7881920462214,911.6219013981369,761.0111988978895,744.7531652417217,False
2021-08-25 17:42:00-07:00,49.46743529665128,28.3,1.5,426.5317771440598,810.8672957496452,912.2190845411435,739.688622213094,723.860788773137,False
2021-08-25 17:43:00-07:00,50.31988036820556,28.2,1.6,413.969603210974,786.8569387481816,914.6088027650162,719.66628269582,704.2094598388607,False
2021-08-25 17:44:00-07:00,51.16208350583258,28.2,1.9,401.6407558806514,763.2896852038549,917.1522049663607,700.0528178127948,684.9497639060776,False
2021-08-25 17:45:00-07:00,51.99456266900997,28.1,2.0,389.69052028937745,740.3824837115939,919.3997038010126,680.7074362238974,665.949993762692,False
2021-08-25 17:46:00-07:00,52.817797476804586,28.1,2.0,377.6236666397011,717.3640597009144,920.6359252371312,660.431124834616,646.042816442695,False
2021-08-25 17:47:00-07:00,53.63223298502428,28.1,2.2,365.30599141776514,694.0448364946468,922.2628495016572,640.0917685874647,626.0608665627818,False
2021-08-25 17:48:00-07:00,54.43828300131354,28.0,2.2,353.2193943603887,671.0196519487956,923.8193388306556,619.900931205713,606.2177276377959,False
2021-08-25 17:49:00-07:00,55.23633298493902,28.0,2.0,342.1902488027323,649.9414635313065,924.2335619639724,600.6977139076166,587.3506558810614,False
2021-08-25 17:50:00-07:00,56.026742597164876,28.0,2.1,332.5518961992157,631.6379791077525,925.2346531238893,584.4133464996358,571.3377842256234,False
2021-08-25 17:51:00-07:00,56.809848480434724,28.0,2.1,323.03659996457753,613.533635158576,925.929093505957,568.0886426377948,555.2835963818974,False
2021-08-25 17:52:00-07:00,57.585964144059766,28.0,2.0,313.4730417708798,595.31877070317,926.3319168818844,551.4627780212345,538.9311886956472,False
2021-08-25 17:53:00-07:00,58.35538488361583,28.0,2.2,303.39118675712615,576.2020526347326,927.4159541364759,534.3789764196364,522.1150263018784,False
2021-08-25 17:54:00-07:00,59.11838723916314,27.9,2.2,292.8241338056652,556.0450395098793,928.5897913794258,516.3377472360434,504.34991959125915,False
2021-08-25 17:55:00-07:00,59.87523091211205,27.9,2.1,281.5843246143695,534.7294565264036,928.7865962871564,496.6495518616394,484.96734580122745,False
2021-08-25 17:56:00-07:00,60.62616000793541,27.9,2.0,271.025387579557,514.4675475858858,929.3200151080594,478.10498909512154,466.69962278600264,False
2021-08-25 17:57:00-07:00,61.37140412830228,27.9,1.9,261.77840125123305,497.02809249385524,929.1607027275919,461.8189716969451,450.6573624574769,False
2021-08-25 17:58:00-07:00,62.11117935570527,27.9,1.8,252.5721152783319,479.46751220932026,929.3166021883181,445.5771193060515,434.6498060811934,False
2021-08-25 17:59:00-07:00,62.845689121732995,27.9,1.8,242.90884569026935,461.0718256176556,929.5931735306946,428.6092216015074,417.91967409053245,False
2021-08-25 18:00:00-07:00,63.57512497665095,28.0,1.6,233.56025293692636,443.38673081858485,928.6296565144861,411.7420675431434,401.29490815001157,False
2021-08-25 18:01:00-07:00,64.29966727596945,28.0,1.5,224.98845164321335,427.00567923945874,928.6733428922481,396.5487915732832,386.3058655989931,False
2021-08-25 18:02:00-07:00,65.01948625209374,27.9,1.5,216.50482389130514,410.88294346740525,929.1659426453364,381.778437483782,371.72521714095336,False
2021-08-25 18:03:00-07:00,65.73474061462173,27.9,1.6,208.06054395755388,394.8538545059134,929.2381100410955,366.9132495035167,357.05033966402516,False
2021-08-25 18:04:00-07:00,66.44558089593318,27.9,1.6,199.1391061344608,377.83280570599646,929.216178552439,351.08835584987224,341.42382731506615,False
2021-08-25 18:05:00-07:00,67.15214789998026,27.8,1.6,189.68909456716466,359.8978644839381,929.3497387213387,334.4709863245156,325.00770331084146,False
2021-08-25 18:06:00-07:00,67.85457351110709,27.8,1.5,180.79836826220387,342.92972728004315,928.974837410701,318.57308764327416,309.30123864653046,False
2021-08-25 18:07:00-07:00,68.5529809433778,27.8,1.5,172.31319676210248,326.8547040985688,928.3542930931985,303.4369677676134,294.34451146728264,False
2021-08-25 18:08:00-07:00,69.24748494213216,27.8,1.5,163.75588470119783,310.5916278183201,927.7439275402764,288.14949665329607,279.2329679280204,False
2021-08-25 18:09:00-07:00,69.93819191842091,27.8,1.5,155.5770319552816,294.965695941105,927.2903845924577,273.51885363080925,264.764824286363,False
2021-08-25 18:10:00-07:00,70.62520002266433,27.8,1.6,147.38459340368723,279.4308422977065,926.4788125278934,258.88675495564814,250.29340419738793,False
2021-08-25 18:11:00-07:00,71.30859916277981,27.8,1.6,129.22575597374865,244.90837066156752,924.067662313157,226.31190555815888,218.0636544589196,False
2021-08-25 18:12:00-07:00,71.98847094561066,27.7,1.5,77.37802035828446,146.4835758062851,910.2010023716152,133.3294975298592,125.97938319115919,False
2021-08-25 18:13:00-07:00,72.66488856458886,27.6,1.6,33.503379147566854,63.31425323096812,877.5624391271207,55.56221049688057,48.92255435855312,False
2021-08-25 18:14:00-07:00,73.33791706125189,27.6,1.7,26.06424020390483,49.21834498352955,866.4200195254549,42.64375942164025,36.136617727533256,False
2021-08-25 18:15:00-07:00,74.00761125917981,27.5,1.8,25.061740495207502,47.32966857304841,865.0120521167163,40.940733738376665,34.45023898046374,False
2021-08-25 18:16:00-07:00,74.67401813595296,27.5,1.6,23.857149275424852,45.042698843145864,862.8095563003959,38.86327100342704,32.39562284798548,False
2021-08-25 18:17:00-07:00,75.33717458242143,27.5,1.7,22.831862776077532,43.09661595534779,860.9008290405073,37.10191240479926,30.653718355849723,False
2021-08-25 18:18:00-07:00,75.99710734369378,27.5,1.6,22.151175526260204,41.820376552286135,859.2217735638784,35.93297811236452,29.49989447431156,False
2021-08-25 18:19:00-07:00,76.65383240448165,27.5,1.6,21.468625127315658,40.52445890762763,857.8412369798165,34.763551957257036,28.3438695365977,False
2021-08-25 18:20:00-07:00,77.30735427152028,27.5,1.6,20.685409117914585,39.03752137562863,856.1984440727725,33.42386506227083,27.019795177735322,False
2021-08-25 18:21:00-07:00,77.95766515451625,27.4,1.7,19.999958160290554,37.73871685418903,855.2125431058668,32.27462401442324,25.881562472152822,False
2021-08-25 18:22:00-07:00,78.60474402419871,27.4,1.8,19.114359116033743,36.071407702339606,852.8960963911054,30.765162820657505,24.39206169758229,False
2021-08-25 18:23:00-07:00,79.24855557308247,27.4,1.8,18.426241280413226,34.76486421368813,851.2644511185122,29.59409305307483,23.235493384403625,False
2021-08-25 18:24:00-07:00,79.88904906771533,27.4,1.8,17.737042602995096,33.464263822797705,849.3658167440607,28.423401773589294,22.080685613446096,False
2021-08-25 18:25:00-07:00,80.52615754199995,27.3,1.8,16.947234050849165,31.96670031056914,847.8215932985399,27.10205878980366,20.773933233668394,False
2021-08-25 18:26:00-07:00,81.15979481111393,27.3,1.8,16.355480332536086,30.854949336886015,845.9106906748033,26.100531504301316,19.78742149183548,False
2021-08-25 18:27:00-07:00,81.78985674759036,27.3,2.0,15.463596294061086,29.16147023382869,843.4252539988248,24.595520438946135,18.302776914280027,False
2021-08-25 18:28:00-07:00,82.41621838975497,27.3,2.0,14.67045654553642,27.662181951327458,840.8610092101219,23.260050232547226,16.987207177037597,False
2021-08-25 18:29:00-07:00,83.03873342282785,27.3,2.0,13.876387686366577,26.164561686561562,838.0363604392033,21.926854048293073,15.675192729445348,False
2021-08-25 18:30:00-07:00,83.65723369155943,27.3,1.9,13.081493742956296,24.664576796974792,835.0452561829832,20.596037850074676,14.366325561470328,False
2021-08-25 18:31:00-07:00,84.27152951103601,27.3,2.0,12.38566664554608,23.343273169222186,832.5859386683984,19.435281003189697,13.223816751354146,False
2021-08-25 18:32:00-07:00,84.88141125353582,27.3,2.3,11.589293525550016,21.83665621174823,829.4117425047447,18.11157907906316,11.922790314541984,False
2021-08-25 18:33:00-07:00,85.48665296080054,27.1,2.7,10.892166711227054,20.524113321613747,827.3118082985716,16.979841305829073,10.80707551244027,False
2021-08-25 18:34:00-07:00,86.08701901866272,26.9,2.8,10.194494153818614,19.202292851744748,825.3041542426915,15.847732061529682,9.690425481942993,False
2021-08-25 18:35:00-07:00,86.68227540849844,26.8,2.8,9.396353157296305,17.692874154148715,821.895445353173,14.541692682501703,8.407916889697816,False
2021-08-25 18:36:00-07:00,87.27220805998998,26.8,2.9,8.79768454912864,16.563099839916894,818.5886197792667,13.558365037223764,7.44613694881748,False
2021-08-25 18:37:00-07:00,87.85664885390504,26.8,2.9,8.09868947822373,15.246087296371805,814.3052398071627,12.41496877199298,6.329999868210673,False
2021-08-25 18:38:00-07:00,88.435519149907,26.7,2.9,7.399357310952915,13.925302618662174,810.3675308330538,11.284613099188324,5.224905649463295,False
2021-08-25 18:39:00-07:00,89.00888794921552,26.6,3.1,6.79976116651664,12.793459668804964,806.7054720861396,10.320553921738295,4.283894921064414,False
2021-08-25 18:40:00-07:00,89.5770566723243,26.6,3.1,6.3999585180834355,12.037718291367518,803.739144668227,9.675185403260802,3.656607164005454,False
2021-08-25 18:41:00-07:00,,26.6,3.2,,,,,,False
2021-08-25 18:42:00-07:00,,26.6,3.3,,,,,,False
2021-08-25 18:43:00-07:00,,26.5,3.4,,,,,,False
2021-08-25 18:44:00-07:00,,26.3,3.5,,,,,,False
2021-08-25 18:45:00-07:00,,26.2,3.6,,,,,,False
2021-08-25 18:46:00-07:00,,26.2,3.6,,,,,,False
2021-08-25 18:47:00-07:00,,26.2,3.5,,,,,,False
2021-08-25 18:48:00-07:00,,26.3,3.4,,,,,,False
2021-08-25 18:49:00-07:00,,26.4,3.4,,,,,,False
2021-08-25 18:50:00-07:00,,26.4,3.5,,,,,,False
2021-08-25 18:51:00-07:00,,26.4,3.5,,,,,,False
2021-08-25 18:52:00-07:00,,26.3,3.6,,,,,,False
2021-08-25 18:53:00-07:00,,26.2,3.7,,,,,,False
2021-08-25 18:54:00-07:00,,26.1,3.8,,,,,,False
2021-08-25 18:55:00-07:00,,26.0,3.8,,,,,,False
2021-08-25 18:56:00-07:00,,26.0,3.8,,,,,,False
2021-08-25 18:57:00-07:00,,26.0,4.0,,,,,,False
2021-08-25 18:58:00-07:00,,25.9,4.0,,,,,,False
2021-08-25 18:59:00-07:00,,25.8,4.1,,,,,,False
2021-08-25 19:00:00-07:00,,25.6,4.2,,,,,,False
2021-08-25 19:01:00-07:00,,25.3,4.2,,,,,,False
2021-08-25 19:02:00-07:00,,25.0,4.3,,,,,,False
2021-08-25 19:03:00-07:00,,24.8,4.3,,,,,,False
2021-08-25 19:04:00-07:00,,24.7,4.4,,,,,,False
2021-08-25 19:05:00-07:00,,24.6,4.2,,,,,,False
2021-08-25 19:06:00-07:00,,24.6,4.2,,,,,,False
2021-08-25 19:07:00-07:00,,24.6,4.2,,,,,,False
2021-08-25 19:08:00-07:00,,24.5,4.2,,,,,,False
2021-08-25 19:09:00-07:00,,24.4,4.2,,,,,,False
2021-08-25 19:10:00-07:00,,24.4,4.2,,,,,,False
2021-08-25 19:11:00-07:00,,24.5,4.2,,,,,,False
2021-08-25 19:12:00-07:00,,24.5,4.2,,,,,,False
2021-08-25 19:13:00-07:00,,24.5,4.3,,,,,,False
2021-08-25 19:14:00-07:00,,24.4,4.4,,,,,,False
2021-08-25 19:15:00-07:00,,24.4,4.4,,,,,,False
2021-08-25 19:16:00-07:00,,24.3,4.4,,,,,,False
2021-08-25 19:17:00-07:00,,24.3,4.4,,,,,,False
2021-08-25 19:18:00-07:00,,24.2,4.5,,,,,,False
2021-08-25 19:19:00-07:00,,24.3,4.5,,,,,,False
2021-08-25 19:20:00-07:00,,24.3,4.5,,,,,,False
2021-08-25 19:21:00-07:00,,24.3,4.6,,,,,,False
2021-08-25 19:22:00-07:00,,24.3,4.7,,,,,,False
2021-08-25 19:23:00-07:00,,24.3,4.7,,,,,,False
2021-08-25 19:24:00-07:00,,24.4,4.7,,,,,,False
2021-08-25 19:25:00-07:00,,24.4,4.8,,,,,,False
2021-08-25 19:26:00-07:00,,24.3,4.8,,,,,,False
2021-08-25 19:27:00-07:00,,24.3,4.8,,,,,,False
2021-08-25 19:28:00-07:00,,24.3,4.7,,,,,,False
2021-08-25 19:29:00-07:00,,24.3,4.8,,,,,,False
2021-08-25 19:30:00-07:00,,24.3,4.7,,,,,,False
2021-08-25 19:31:00-07:00,,24.2,4.7,,,,,,False
2021-08-25 19:32:00-07:00,,24.3,4.6,,,,,,False
2021-08-25 19:33:00-07:00,,24.3,4.7,,,,,,False
2021-08-25 19:34:00-07:00,,24.1,4.8,,,,,,False
2021-08-25 19:35:00-07:00,,23.9,4.6,,,,,,False
2021-08-25 19:36:00-07:00,,23.6,4.2,,,,,,False
2021-08-25 19:37:00-07:00,,23.4,4.4,,,,,,False
2021-08-25 19:38:00-07:00,,23.6,4.5,,,,,,False
2021-08-25 19:39:00-07:00,,23.9,4.6,,,,,,False
2021-08-25 19:40:00-07:00,,24.1,4.7,,,,,,False
2021-08-25 19:41:00-07:00,,24.2,4.6,,,,,,False
2021-08-25 19:42:00-07:00,,24.2,4.6,,,,,,False
2021-08-25 19:43:00-07:00,,24.3,4.5,,,,,,False
2021-08-25 19:44:00-07:00,,24.3,4.6,,,,,,False
2021-08-25 19:45:00-07:00,,24.4,4.5,,,,,,False
2021-08-25 19:46:00-07:00,,24.4,4.4,,,,,,False
2021-08-25 19:47:00-07:00,,24.5,4.4,,,,,,False
2021-08-25 19:48:00-07:00,,24.5,4.2,,,,,,False
2021-08-25 19:49:00-07:00,,24.4,4.2,,,,,,False
2021-08-25 19:50:00-07:00,,24.4,4.3,,,,,,False
2021-08-25 19:51:00-07:00,,24.4,4.2,,,,,,False
2021-08-25 19:52:00-07:00,,24.4,4.2,,,,,,False
2021-08-25 19:53:00-07:00,,24.3,4.2,,,,,,False
2021-08-25 19:54:00-07:00,,24.3,4.1,,,,,,False
2021-08-25 19:55:00-07:00,,24.4,4.0,,,,,,False
2021-08-25 19:56:00-07:00,,24.4,4.1,,,,,,False
2021-08-25 19:57:00-07:00,,24.3,4.1,,,,,,False
2021-08-25 19:58:00-07:00,,24.3,3.9,,,,,,False
2021-08-25 19:59:00-07:00,,24.4,4.0,,,,,,False
2021-08-25 20:00:00-07:00,,24.3,4.0,,,,,,False
2021-08-25 20:01:00-07:00,,24.3,4.1,,,,,,False
2021-08-25 20:02:00-07:00,,24.3,4.0,,,,,,False
2021-08-25 20:03:00-07:00,,24.6,3.9,,,,,,False
2021-08-25 20:04:00-07:00,,24.6,4.0,,,,,,False
2021-08-25 20:05:00-07:00,,24.2,4.3,,,,,,False
2021-08-25 20:06:00-07:00,,24.0,4.1,,,,,,False
2021-08-25 20:07:00-07:00,,24.1,4.2,,,,,,False
2021-08-25 20:08:00-07:00,,24.3,4.1,,,,,,False
2021-08-25 20:09:00-07:00,,24.4,4.0,,,,,,False
2021-08-25 20:10:00-07:00,,24.5,3.9,,,,,,False
2021-08-25 20:11:00-07:00,,24.4,3.8,,,,,,False
2021-08-25 20:12:00-07:00,,24.5,3.9,,,,,,False
2021-08-25 20:13:00-07:00,,24.5,3.9,,,,,,False
2021-08-25 20:14:00-07:00,,24.2,4.0,,,,,,False
2021-08-25 20:15:00-07:00,,24.1,4.1,,,,,,False
2021-08-25 20:16:00-07:00,,24.1,3.9,,,,,,False
2021-08-25 20:17:00-07:00,,24.2,4.1,,,,,,False
2021-08-25 20:18:00-07:00,,24.2,4.3,,,,,,False
2021-08-25 20:19:00-07:00,,24.1,4.3,,,,,,False
2021-08-25 20:20:00-07:00,,23.9,4.3,,,,,,False
2021-08-25 20:21:00-07:00,,24.0,4.4,,,,,,False
2021-08-25 20:22:00-07:00,,24.1,4.3,,,,,,False
2021-08-25 20:23:00-07:00,,24.1,4.3,,,,,,False
2021-08-25 20:24:00-07:00,,23.9,4.5,,,,,,False
2021-08-25 20:25:00-07:00,,24.0,4.5,,,,,,False
2021-08-25 20:26:00-07:00,,24.0,4.5,,,,,,False
2021-08-25 20:27:00-07:00,,24.0,4.5,,,,,,False
2021-08-25 20:28:00-07:00,,23.8,4.6,,,,,,False
2021-08-25 20:29:00-07:00,,23.8,4.5,,,,,,False
2021-08-25 20:30:00-07:00,,23.7,4.5,,,,,,False
2021-08-25 20:31:00-07:00,,23.8,4.5,,,,,,False
2021-08-25 20:32:00-07:00,,23.7,4.4,,,,,,False
2021-08-25 20:33:00-07:00,,23.7,4.2,,,,,,False
2021-08-25 20:34:00-07:00,,23.7,4.1,,,,,,False
2021-08-25 20:35:00-07:00,,23.7,4.0,,,,,,False
2021-08-25 20:36:00-07:00,,23.6,4.0,,,,,,False
2021-08-25 20:37:00-07:00,,23.5,3.4,,,,,,False
2021-08-25 20:38:00-07:00,,23.6,3.4,,,,,,False
2021-08-25 20:39:00-07:00,,23.6,3.2,,,,,,False
2021-08-25 20:40:00-07:00,,23.6,3.2,,,,,,False
2021-08-25 20:41:00-07:00,,23.7,3.0,,,,,,False
2021-08-25 20:42:00-07:00,,23.6,2.9,,,,,,False
2021-08-25 20:43:00-07:00,,23.6,3.0,,,,,,False
2021-08-25 20:44:00-07:00,,23.6,3.0,,,,,,False
2021-08-25 20:45:00-07:00,,23.6,3.3,,,,,,False
2021-08-25 20:46:00-07:00,,23.7,3.4,,,,,,False
2021-08-25 20:47:00-07:00,,23.6,3.5,,,,,,False
2021-08-25 20:48:00-07:00,,23.7,3.9,,,,,,False
2021-08-25 20:49:00-07:00,,23.8,3.8,,,,,,False
2021-08-25 20:50:00-07:00,,23.8,4.1,,,,,,False
2021-08-25 20:51:00-07:00,,23.7,4.0,,,,,,False
2021-08-25 20:52:00-07:00,,23.5,4.1,,,,,,False
2021-08-25 20:53:00-07:00,,23.7,4.1,,,,,,False
2021-08-25 20:54:00-07:00,,23.7,3.8,,,,,,False
2021-08-25 20:55:00-07:00,,23.6,3.3,,,,,,False
2021-08-25 20:56:00-07:00,,23.4,3.5,,,,,,False
2021-08-25 20:57:00-07:00,,23.4,3.6,,,,,,False
2021-08-25 20:58:00-07:00,,23.5,3.4,,,,,,False
2021-08-25 20:59:00-07:00,,23.3,3.7,,,,,,False
2021-08-25 21:00:00-07:00,,23.4,3.6,,,,,,False
2021-08-25 21:01:00-07:00,,23.4,3.5,,,,,,False
2021-08-25 21:02:00-07:00,,23.5,3.5,,,,,,False
2021-08-25 21:03:00-07:00,,23.5,3.8,,,,,,False
2021-08-25 21:04:00-07:00,,23.6,3.5,,,,,,False
2021-08-25 21:05:00-07:00,,23.6,3.5,,,,,,False
2021-08-25 21:06:00-07:00,,23.6,3.4,,,,,,False
2021-08-25 21:07:00-07:00,,23.6,3.6,,,,,,False
2021-08-25 21:08:00-07:00,,23.5,3.7,,,,,,False
2021-08-25 21:09:00-07:00,,23.4,3.7,,,,,,False
2021-08-25 21:10:00-07:00,,23.4,3.9,,,,,,False
2021-08-25 21:11:00-07:00,,23.4,3.7,,,,,,False
2021-08-25 21:12:00-07:00,,23.5,3.7,,,,,,False
2021-08-25 21:13:00-07:00,,23.6,3.7,,,,,,False
2021-08-25 21:14:00-07:00,,23.6,3.7,,,,,,False
2021-08-25 21:15:00-07:00,,23.7,3.7,,,,,,False
2021-08-25 21:16:00-07:00,,23.7,3.7,,,,,,False
2021-08-25 21:17:00-07:00,,23.8,3.6,,,,,,False
2021-08-25 21:18:00-07:00,,23.8,3.6,,,,,,False
2021-08-25 21:19:00-07:00,,23.8,3.5,,,,,,False
2021-08-25 21:20:00-07:00,,23.8,3.6,,,,,,False
2021-08-25 21:21:00-07:00,,23.8,3.6,,,,,,False
2021-08-25 21:22:00-07:00,,23.8,3.6,,,,,,False
2021-08-25 21:23:00-07:00,,23.7,3.6,,,,,,False
2021-08-25 21:24:00-07:00,,23.6,3.5,,,,,,False
2021-08-25 21:25:00-07:00,,23.6,3.4,,,,,,False
2021-08-25 21:26:00-07:00,,23.5,3.5,,,,,,False
2021-08-25 21:27:00-07:00,,23.5,3.6,,,,,,False
2021-08-25 21:28:00-07:00,,23.6,3.5,,,,,,False
2021-08-25 21:29:00-07:00,,23.6,3.4,,,,,,False
2021-08-25 21:30:00-07:00,,23.6,3.2,,,,,,False
2021-08-25 21:31:00-07:00,,23.6,3.1,,,,,,False
2021-08-25 21:32:00-07:00,,23.6,3.1,,,,,,False
2021-08-25 21:33:00-07:00,,23.5,3.3,,,,,,False
2021-08-25 21:34:00-07:00,,23.6,3.2,,,,,,False
2021-08-25 21:35:00-07:00,,23.5,3.2,,,,,,False
2021-08-25 21:36:00-07:00,,23.5,3.5,,,,,,False
2021-08-25 21:37:00-07:00,,23.4,3.5,,,,,,False
2021-08-25 21:38:00-07:00,,23.4,3.6,,,,,,False
2021-08-25 21:39:00-07:00,,23.3,3.9,,,,,,False
2021-08-25 21:40:00-07:00,,23.5,3.7,,,,,,False
2021-08-25 21:41:00-07:00,,23.5,3.8,,,,,,False
2021-08-25 21:42:00-07:00,,23.4,4.0,,,,,,False
2021-08-25 21:43:00-07:00,,23.4,4.1,,,,,,False
2021-08-25 21:44:00-07:00,,23.4,4.1,,,,,,False
2021-08-25 21:45:00-07:00,,23.4,4.1,,,,,,False
2021-08-25 21:46:00-07:00,,23.4,4.2,,,,,,False
2021-08-25 21:47:00-07:00,,23.4,4.1,,,,,,False
2021-08-25 21:48:00-07:00,,23.4,4.2,,,,,,False
2021-08-25 21:49:00-07:00,,23.4,4.3,,,,,,False
2021-08-25 21:50:00-07:00,,23.3,4.2,,,,,,False
2021-08-25 21:51:00-07:00,,23.3,4.2,,,,,,False
2021-08-25 21:52:00-07:00,,23.1,4.4,,,,,,False
2021-08-25 21:53:00-07:00,,23.1,4.4,,,,,,False
2021-08-25 21:54:00-07:00,,23.0,4.5,,,,,,False
2021-08-25 21:55:00-07:00,,23.0,4.4,,,,,,False
2021-08-25 21:56:00-07:00,,22.9,4.4,,,,,,False
2021-08-25 21:57:00-07:00,,23.0,4.3,,,,,,False
2021-08-25 21:58:00-07:00,,23.0,4.2,,,,,,False
2021-08-25 21:59:00-07:00,,22.9,4.2,,,,,,False
2021-08-25 22:00:00-07:00,,22.9,4.1,,,,,,False
2021-08-25 22:01:00-07:00,,22.8,4.1,,,,,,False
2021-08-25 22:02:00-07:00,,22.8,4.1,,,,,,False
2021-08-25 22:03:00-07:00,,22.6,4.2,,,,,,False
2021-08-25 22:04:00-07:00,,22.6,4.4,,,,,,False
2021-08-25 22:05:00-07:00,,22.6,4.4,,,,,,False
2021-08-25 22:06:00-07:00,,22.5,4.5,,,,,,False
2021-08-25 22:07:00-07:00,,22.3,4.5,,,,,,False
2021-08-25 22:08:00-07:00,,22.2,4.5,,,,,,False
2021-08-25 22:09:00-07:00,,22.3,4.4,,,,,,False
2021-08-25 22:10:00-07:00,,22.4,4.3,,,,,,False
2021-08-25 22:11:00-07:00,,22.6,4.3,,,,,,False
2021-08-25 22:12:00-07:00,,22.5,4.6,,,,,,False
2021-08-25 22:13:00-07:00,,22.3,4.7,,,,,,False
2021-08-25 22:14:00-07:00,,22.2,4.7,,,,,,False
2021-08-25 22:15:00-07:00,,22.4,4.6,,,,,,False
2021-08-25 22:16:00-07:00,,22.5,4.6,,,,,,False
2021-08-25 22:17:00-07:00,,22.3,4.6,,,,,,False
2021-08-25 22:18:00-07:00,,22.2,4.6,,,,,,False
2021-08-25 22:19:00-07:00,,22.1,4.5,,,,,,False
2021-08-25 22:20:00-07:00,,22.0,4.5,,,,,,False
2021-08-25 22:21:00-07:00,,22.0,4.5,,,,,,False
2021-08-25 22:22:00-07:00,,22.1,4.5,,,,,,False
2021-08-25 22:23:00-07:00,,22.1,4.5,,,,,,False
2021-08-25 22:24:00-07:00,,22.2,4.4,,,,,,False
2021-08-25 22:25:00-07:00,,22.1,4.4,,,,,,False
2021-08-25 22:26:00-07:00,,22.1,4.5,,,,,,False
2021-08-25 22:27:00-07:00,,22.0,4.5,,,,,,False
2021-08-25 22:28:00-07:00,,22.1,4.4,,,,,,False
2021-08-25 22:29:00-07:00,,22.1,4.4,,,,,,False
2021-08-25 22:30:00-07:00,,22.2,4.4,,,,,,False
2021-08-25 22:31:00-07:00,,22.3,4.5,,,,,,False
2021-08-25 22:32:00-07:00,,22.4,4.4,,,,,,False
2021-08-25 22:33:00-07:00,,22.4,4.3,,,,,,False
2021-08-25 22:34:00-07:00,,22.5,4.3,,,,,,False
2021-08-25 22:35:00-07:00,,22.4,4.0,,,,,,False
2021-08-25 22:36:00-07:00,,22.3,4.1,,,,,,False
2021-08-25 22:37:00-07:00,,22.1,4.1,,,,,,False
2021-08-25 22:38:00-07:00,,22.2,3.5,,,,,,False
2021-08-25 22:39:00-07:00,,21.9,1.3,,,,,,False
2021-08-25 22:40:00-07:00,,21.4,1.5,,,,,,False
2021-08-25 22:41:00-07:00,,21.2,1.1,,,,,,False
2021-08-25 22:42:00-07:00,,21.1,1.8,,,,,,False
2021-08-25 22:43:00-07:00,,21.6,2.7,,,,,,False
2021-08-25 22:44:00-07:00,,21.9,2.7,,,,,,False
2021-08-25 22:45:00-07:00,,22.0,3.1,,,,,,False
2021-08-25 22:46:00-07:00,,22.0,2.5,,,,,,False
2021-08-25 22:47:00-07:00,,21.9,3.0,,,,,,False
2021-08-25 22:48:00-07:00,,22.0,3.4,,,,,,False
2021-08-25 22:49:00-07:00,,22.0,3.3,,,,,,False
2021-08-25 22:50:00-07:00,,22.0,3.6,,,,,,False
2021-08-25 22:51:00-07:00,,21.9,3.3,,,,,,False
2021-08-25 22:52:00-07:00,,21.9,2.6,,,,,,False
2021-08-25 22:53:00-07:00,,21.7,3.1,,,,,,False
2021-08-25 22:54:00-07:00,,21.8,3.5,,,,,,False
2021-08-25 22:55:00-07:00,,22.0,4.0,,,,,,False
2021-08-25 22:56:00-07:00,,22.2,4.2,,,,,,False
2021-08-25 22:57:00-07:00,,22.4,4.2,,,,,,False
2021-08-25 22:58:00-07:00,,22.4,4.1,,,,,,False
2021-08-25 22:59:00-07:00,,22.4,4.3,,,,,,False
2021-08-25 23:00:00-07:00,,22.4,4.3,,,,,,False
2021-08-25 23:01:00-07:00,,22.4,4.3,,,,,,False
2021-08-25 23:02:00-07:00,,22.5,4.1,,,,,,False
2021-08-25 23:03:00-07:00,,22.4,4.1,,,,,,False
2021-08-25 23:04:00-07:00,,22.4,4.0,,,,,,False
2021-08-25 23:05:00-07:00,,22.3,3.9,,,,,,False
2021-08-25 23:06:00-07:00,,22.3,3.8,,,,,,False
2021-08-25 23:07:00-07:00,,22.4,3.5,,,,,,False
2021-08-25 23:08:00-07:00,,22.5,3.6,,,,,,False
2021-08-25 23:09:00-07:00,,22.6,3.9,,,,,,False
2021-08-25 23:10:00-07:00,,22.6,4.1,,,,,,False
2021-08-25 23:11:00-07:00,,22.5,4.1,,,,,,False
2021-08-25 23:12:00-07:00,,22.4,4.2,,,,,,False
2021-08-25 23:13:00-07:00,,22.1,4.1,,,,,,False
2021-08-25 23:14:00-07:00,,22.0,4.0,,,,,,False
2021-08-25 23:15:00-07:00,,21.9,3.8,,,,,,False
2021-08-25 23:16:00-07:00,,21.9,3.7,,,,,,False
2021-08-25 23:17:00-07:00,,21.9,3.4,,,,,,False
2021-08-25 23:18:00-07:00,,22.0,3.3,,,,,,False
2021-08-25 23:19:00-07:00,,22.1,3.3,,,,,,False
2021-08-25 23:20:00-07:00,,22.2,3.3,,,,,,False
2021-08-25 23:21:00-07:00,,22.1,3.4,,,,,,False
2021-08-25 23:22:00-07:00,,21.7,3.1,,,,,,False
2021-08-25 23:23:00-07:00,,21.0,2.2,,,,,,False
2021-08-25 23:24:00-07:00,,20.2,2.4,,,,,,False
2021-08-25 23:25:00-07:00,,19.8,1.8,,,,,,False
2021-08-25 23:26:00-07:00,,19.8,1.8,,,,,,False
2021-08-25 23:27:00-07:00,,20.0,1.8,,,,,,False
2021-08-25 23:28:00-07:00,,20.2,2.2,,,,,,False
2021-08-25 23:29:00-07:00,,20.4,2.6,,,,,,False
2021-08-25 23:30:00-07:00,,20.8,3.3,,,,,,False
2021-08-25 23:31:00-07:00,,21.4,3.6,,,,,,False
2021-08-25 23:32:00-07:00,,21.8,3.8,,,,,,False
2021-08-25 23:33:00-07:00,,21.9,4.2,,,,,,False
2021-08-25 23:34:00-07:00,,22.1,4.3,,,,,,False
2021-08-25 23:35:00-07:00,,22.1,4.2,,,,,,False
2021-08-25 23:36:00-07:00,,22.0,3.8,,,,,,False
2021-08-25 23:37:00-07:00,,22.1,3.5,,,,,,False
2021-08-25 23:38:00-07:00,,22.1,3.6,,,,,,False
2021-08-25 23:39:00-07:00,,22.1,3.5,,,,,,False
2021-08-25 23:40:00-07:00,,22.2,3.8,,,,,,False
2021-08-25 23:41:00-07:00,,22.4,3.9,,,,,,False
2021-08-25 23:42:00-07:00,,22.5,3.8,,,,,,False
2021-08-25 23:43:00-07:00,,22.6,3.6,,,,,,False
2021-08-25 23:44:00-07:00,,22.6,3.4,,,,,,False
2021-08-25 23:45:00-07:00,,22.6,3.2,,,,,,False
2021-08-25 23:46:00-07:00,,22.5,2.9,,,,,,False
2021-08-25 23:47:00-07:00,,22.1,2.9,,,,,,False
2021-08-25 23:48:00-07:00,,21.9,2.8,,,,,,False
2021-08-25 23:49:00-07:00,,21.9,3.0,,,,,,False
2021-08-25 23:50:00-07:00,,21.6,3.4,,,,,,False
2021-08-25 23:51:00-07:00,,21.3,3.8,,,,,,False
2021-08-25 23:52:00-07:00,,21.4,3.6,,,,,,False
2021-08-25 23:53:00-07:00,,21.4,4.2,,,,,,False
2021-08-25 23:54:00-07:00,,21.6,4.5,,,,,,False
2021-08-25 23:55:00-07:00,,21.7,4.7,,,,,,False
2021-08-25 23:56:00-07:00,,21.7,4.8,,,,,,False
2021-08-25 23:57:00-07:00,,22.0,4.9,,,,,,False
2021-08-25 23:58:00-07:00,,21.6,5.1,,,,,,False
2021-08-25 23:59:00-07:00,,21.2,5.1,,,,,,False
2021-08-26 00:00:00-07:00,,21.1,5.2,,,,,,False
2021-08-26 00:01:00-07:00,,21.5,4.9,,,,,,False
2021-08-26 00:02:00-07:00,,21.8,4.7,,,,,,False
2021-08-26 00:03:00-07:00,,21.8,4.6,,,,,,False
2021-08-26 00:04:00-07:00,,21.7,4.7,,,,,,False
2021-08-26 00:05:00-07:00,,21.7,4.5,,,,,,False
2021-08-26 00:06:00-07:00,,21.8,4.3,,,,,,False
2021-08-26 00:07:00-07:00,,21.7,4.2,,,,,,False
2021-08-26 00:08:00-07:00,,21.5,4.1,,,,,,False
2021-08-26 00:09:00-07:00,,21.3,4.0,,,,,,False
2021-08-26 00:10:00-07:00,,21.3,3.8,,,,,,False
2021-08-26 00:11:00-07:00,,20.9,4.1,,,,,,False
2021-08-26 00:12:00-07:00,,20.8,4.6,,,,,,False
2021-08-26 00:13:00-07:00,,20.8,4.7,,,,,,False
2021-08-26 00:14:00-07:00,,20.7,4.5,,,,,,False
2021-08-26 00:15:00-07:00,,20.5,4.9,,,,,,False
2021-08-26 00:16:00-07:00,,20.8,4.7,,,,,,False
2021-08-26 00:17:00-07:00,,20.7,4.9,,,,,,False
2021-08-26 00:18:00-07:00,,20.9,4.5,,,,,,False
2021-08-26 00:19:00-07:00,,20.8,4.7,,,,,,False
2021-08-26 00:20:00-07:00,,20.8,4.7,,,,,,False
2021-08-26 00:21:00-07:00,,20.8,4.8,,,,,,False
2021-08-26 00:22:00-07:00,,20.9,4.8,,,,,,False
2021-08-26 00:23:00-07:00,,20.9,5.2,,,,,,False
2021-08-26 00:24:00-07:00,,21.0,5.0,,,,,,False
2021-08-26 00:25:00-07:00,,20.9,5.0,,,,,,False
2021-08-26 00:26:00-07:00,,20.9,5.2,,,,,,False
2021-08-26 00:27:00-07:00,,20.8,5.1,,,,,,False
2021-08-26 00:28:00-07:00,,20.6,4.8,,,,,,False
2021-08-26 00:29:00-07:00,,20.4,4.9,,,,,,False
2021-08-26 00:30:00-07:00,,20.3,4.8,,,,,,False
2021-08-26 00:31:00-07:00,,20.1,4.8,,,,,,False
2021-08-26 00:32:00-07:00,,20.0,4.7,,,,,,False
2021-08-26 00:33:00-07:00,,19.9,5.1,,,,,,False
2021-08-26 00:34:00-07:00,,20.1,5.0,,,,,,False
2021-08-26 00:35:00-07:00,,20.2,4.8,,,,,,False
2021-08-26 00:36:00-07:00,,20.5,4.7,,,,,,False
2021-08-26 00:37:00-07:00,,21.0,4.3,,,,,,False
2021-08-26 00:38:00-07:00,,21.2,4.4,,,,,,False
2021-08-26 00:39:00-07:00,,21.3,4.4,,,,,,False
2021-08-26 00:40:00-07:00,,21.4,4.7,,,,,,False
2021-08-26 00:41:00-07:00,,21.0,4.8,,,,,,False
2021-08-26 00:42:00-07:00,,20.8,5.1,,,,,,False
2021-08-26 00:43:00-07:00,,20.7,5.1,,,,,,False
2021-08-26 00:44:00-07:00,,20.8,5.1,,,,,,False
2021-08-26 00:45:00-07:00,,21.0,5.0,,,,,,False
2021-08-26 00:46:00-07:00,,21.3,4.8,,,,,,False
2021-08-26 00:47:00-07:00,,21.4,4.7,,,,,,False
2021-08-26 00:48:00-07:00,,21.5,4.6,,,,,,False
2021-08-26 00:49:00-07:00,,21.7,4.1,,,,,,False
2021-08-26 00:50:00-07:00,,21.8,4.6,,,,,,False
2021-08-26 00:51:00-07:00,,21.7,4.8,,,,,,False
2021-08-26 00:52:00-07:00,,21.8,5.0,,,,,,False
2021-08-26 00:53:00-07:00,,22.0,4.6,,,,,,False
2021-08-26 00:54:00-07:00,,22.3,4.3,,,,,,False
2021-08-26 00:55:00-07:00,,22.5,4.3,,,,,,False
2021-08-26 00:56:00-07:00,,22.6,4.2,,,,,,False
2021-08-26 00:57:00-07:00,,22.5,4.8,,,,,,False
2021-08-26 00:58:00-07:00,,22.1,4.8,,,,,,False
2021-08-26 00:59:00-07:00,,21.5,4.7,,,,,,False
2021-08-26 01:00:00-07:00,,21.0,4.5,,,,,,False
2021-08-26 01:01:00-07:00,,20.6,4.3,,,,,,False
2021-08-26 01:02:00-07:00,,20.4,4.3,,,,,,False
2021-08-26 01:03:00-07:00,,20.0,4.3,,,,,,False
2021-08-26 01:04:00-07:00,,19.8,4.3,,,,,,False
2021-08-26 01:05:00-07:00,,19.6,4.4,,,,,,False
2021-08-26 01:06:00-07:00,,19.5,4.7,,,,,,False
2021-08-26 01:07:00-07:00,,19.8,4.8,,,,,,False
2021-08-26 01:08:00-07:00,,19.8,4.5,,,,,,False
2021-08-26 01:09:00-07:00,,19.9,5.2,,,,,,False
2021-08-26 01:10:00-07:00,,20.9,5.0,,,,,,False
2021-08-26 01:11:00-07:00,,21.4,4.8,,,,,,False
2021-08-26 01:12:00-07:00,,21.4,4.7,,,,,,False
2021-08-26 01:13:00-07:00,,20.7,4.6,,,,,,False
2021-08-26 01:14:00-07:00,,20.2,5.0,,,,,,False
2021-08-26 01:15:00-07:00,,20.6,5.5,,,,,,False
2021-08-26 01:16:00-07:00,,21.0,5.1,,,,,,False
2021-08-26 01:17:00-07:00,,21.1,4.8,,,,,,False
2021-08-26 01:18:00-07:00,,20.8,5.2,,,,,,False
2021-08-26 01:19:00-07:00,,21.2,5.6,,,,,,False
2021-08-26 01:20:00-07:00,,21.5,5.3,,,,,,False
2021-08-26 01:21:00-07:00,,21.5,5.2,,,,,,False
2021-08-26 01:22:00-07:00,,21.3,5.2,,,,,,False
2021-08-26 01:23:00-07:00,,21.3,5.3,,,,,,False
2021-08-26 01:24:00-07:00,,21.3,5.3,,,,,,False
2021-08-26 01:25:00-07:00,,21.3,5.5,,,,,,False
2021-08-26 01:26:00-07:00,,21.4,5.4,,,,,,False
2021-08-26 01:27:00-07:00,,21.5,5.3,,,,,,False
2021-08-26 01:28:00-07:00,,21.6,5.3,,,,,,False
2021-08-26 01:29:00-07:00,,21.8,5.1,,,,,,False
2021-08-26 01:30:00-07:00,,22.0,5.0,,,,,,False
2021-08-26 01:31:00-07:00,,22.0,5.0,,,,,,False
2021-08-26 01:32:00-07:00,,22.0,4.9,,,,,,False
2021-08-26 01:33:00-07:00,,21.9,5.0,,,,,,False
2021-08-26 01:34:00-07:00,,21.8,4.9,,,,,,False
2021-08-26 01:35:00-07:00,,22.0,5.1,,,,,,False
2021-08-26 01:36:00-07:00,,22.0,5.1,,,,,,False
2021-08-26 01:37:00-07:00,,22.1,5.1,,,,,,False
2021-08-26 01:38:00-07:00,,22.0,5.0,,,,,,False
2021-08-26 01:39:00-07:00,,21.8,5.2,,,,,,False
2021-08-26 01:40:00-07:00,,21.5,5.2,,,,,,False
2021-08-26 01:41:00-07:00,,21.3,5.3,,,,,,False
2021-08-26 01:42:00-07:00,,21.3,5.5,,,,,,False
2021-08-26 01:43:00-07:00,,21.4,5.4,,,,,,False
2021-08-26 01:44:00-07:00,,21.5,5.5,,,,,,False
2021-08-26 01:45:00-07:00,,21.3,5.4,,,,,,False
2021-08-26 01:46:00-07:00,,21.4,5.2,,,,,,False
2021-08-26 01:47:00-07:00,,21.3,4.9,,,,,,False
2021-08-26 01:48:00-07:00,,20.9,5.2,,,,,,False
2021-08-26 01:49:00-07:00,,21.1,5.2,,,,,,False
2021-08-26 01:50:00-07:00,,21.1,4.9,,,,,,False
2021-08-26 01:51:00-07:00,,21.1,4.9,,,,,,False
2021-08-26 01:52:00-07:00,,21.0,4.9,,,,,,False
2021-08-26 01:53:00-07:00,,21.3,4.9,,,,,,False
2021-08-26 01:54:00-07:00,,21.6,4.7,,,,,,False
2021-08-26 01:55:00-07:00,,21.6,4.8,,,,,,False
2021-08-26 01:56:00-07:00,,21.5,4.8,,,,,,False
2021-08-26 01:57:00-07:00,,21.5,4.7,,,,,,False
2021-08-26 01:58:00-07:00,,21.6,4.9,,,,,,False
2021-08-26 01:59:00-07:00,,21.7,5.0,,,,,,False
2021-08-26 02:00:00-07:00,,21.7,4.9,,,,,,False
2021-08-26 02:01:00-07:00,,21.8,4.7,,,,,,False
2021-08-26 02:02:00-07:00,,21.8,4.6,,,,,,False
2021-08-26 02:03:00-07:00,,21.5,4.6,,,,,,False
2021-08-26 02:04:00-07:00,,21.3,4.7,,,,,,False
2021-08-26 02:05:00-07:00,,21.3,4.8,,,,,,False
2021-08-26 02:06:00-07:00,,21.4,4.7,,,,,,False
2021-08-26 02:07:00-07:00,,21.4,4.7,,,,,,False
2021-08-26 02:08:00-07:00,,21.5,4.7,,,,,,False
2021-08-26 02:09:00-07:00,,21.5,4.8,,,,,,False
2021-08-26 02:10:00-07:00,,21.6,4.7,,,,,,False
2021-08-26 02:11:00-07:00,,21.4,4.7,,,,,,False
2021-08-26 02:12:00-07:00,,21.3,5.0,,,,,,False
2021-08-26 02:13:00-07:00,,21.7,4.9,,,,,,False
2021-08-26 02:14:00-07:00,,21.8,4.8,,,,,,False
2021-08-26 02:15:00-07:00,,21.7,5.0,,,,,,False
2021-08-26 02:16:00-07:00,,21.6,5.2,,,,,,False
2021-08-26 02:17:00-07:00,,21.4,4.9,,,,,,False
2021-08-26 02:18:00-07:00,,21.5,4.5,,,,,,False
2021-08-26 02:19:00-07:00,,20.9,4.6,,,,,,False
2021-08-26 02:20:00-07:00,,20.2,5.1,,,,,,False
2021-08-26 02:21:00-07:00,,20.5,4.9,,,,,,False
2021-08-26 02:22:00-07:00,,20.6,4.8,,,,,,False
2021-08-26 02:23:00-07:00,,20.6,5.0,,,,,,False
2021-08-26 02:24:00-07:00,,20.8,4.9,,,,,,False
2021-08-26 02:25:00-07:00,,21.0,4.4,,,,,,False
2021-08-26 02:26:00-07:00,,21.0,4.4,,,,,,False
2021-08-26 02:27:00-07:00,,21.0,4.3,,,,,,False
2021-08-26 02:28:00-07:00,,20.6,4.4,,,,,,False
2021-08-26 02:29:00-07:00,,20.9,4.0,,,,,,False
2021-08-26 02:30:00-07:00,,21.0,3.7,,,,,,False
2021-08-26 02:31:00-07:00,,20.9,3.7,,,,,,False
2021-08-26 02:32:00-07:00,,20.7,3.9,,,,,,False
2021-08-26 02:33:00-07:00,,20.5,4.0,,,,,,False
2021-08-26 02:34:00-07:00,,20.4,4.2,,,,,,False
2021-08-26 02:35:00-07:00,,20.5,4.3,,,,,,False
2021-08-26 02:36:00-07:00,,20.8,4.1,,,,,,False
2021-08-26 02:37:00-07:00,,21.0,4.1,,,,,,False
2021-08-26 02:38:00-07:00,,21.1,4.1,,,,,,False
2021-08-26 02:39:00-07:00,,21.2,4.2,,,,,,False
2021-08-26 02:40:00-07:00,,21.3,3.8,,,,,,False
2021-08-26 02:41:00-07:00,,20.8,3.1,,,,,,False
2021-08-26 02:42:00-07:00,,20.0,3.2,,,,,,False
2021-08-26 02:43:00-07:00,,19.8,3.3,,,,,,False
2021-08-26 02:44:00-07:00,,19.7,3.2,,,,,,False
2021-08-26 02:45:00-07:00,,19.6,3.2,,,,,,False
2021-08-26 02:46:00-07:00,,19.8,3.1,,,,,,False
2021-08-26 02:47:00-07:00,,19.9,3.1,,,,,,False
2021-08-26 02:48:00-07:00,,20.0,3.0,,,,,,False
2021-08-26 02:49:00-07:00,,20.1,3.1,,,,,,False
2021-08-26 02:50:00-07:00,,20.2,3.4,,,,,,False
2021-08-26 02:51:00-07:00,,20.6,3.2,,,,,,False
2021-08-26 02:52:00-07:00,,20.8,3.2,,,,,,False
2021-08-26 02:53:00-07:00,,20.8,3.0,,,,,,False
2021-08-26 02:54:00-07:00,,20.8,2.9,,,,,,False
2021-08-26 02:55:00-07:00,,20.6,2.8,,,,,,False
2021-08-26 02:56:00-07:00,,20.6,2.6,,,,,,False
2021-08-26 02:57:00-07:00,,20.7,2.3,,,,,,False
2021-08-26 02:58:00-07:00,,20.8,2.1,,,,,,False
2021-08-26 02:59:00-07:00,,20.9,1.9,,,,,,False
2021-08-26 03:00:00-07:00,,20.9,1.6,,,,,,False
2021-08-26 03:01:00-07:00,,20.9,1.7,,,,,,False
2021-08-26 03:02:00-07:00,,20.8,1.5,,,,,,False
2021-08-26 03:03:00-07:00,,20.7,1.0,,,,,,False
2021-08-26 03:04:00-07:00,,20.5,1.0,,,,,,False
2021-08-26 03:05:00-07:00,,20.3,1.1,,,,,,False
2021-08-26 03:06:00-07:00,,20.2,1.1,,,,,,False
2021-08-26 03:07:00-07:00,,20.2,1.4,,,,,,False
2021-08-26 03:08:00-07:00,,20.2,1.7,,,,,,False
2021-08-26 03:09:00-07:00,,20.2,1.7,,,,,,False
2021-08-26 03:10:00-07:00,,20.1,1.7,,,,,,False
2021-08-26 03:11:00-07:00,,20.1,1.7,,,,,,False
2021-08-26 03:12:00-07:00,,20.1,1.7,,,,,,False
2021-08-26 03:13:00-07:00,,19.9,2.0,,,,,,False
2021-08-26 03:14:00-07:00,,19.8,1.9,,,,,,False
2021-08-26 03:15:00-07:00,,19.7,1.9,,,,,,False
2021-08-26 03:16:00-07:00,,19.5,2.3,,,,,,False
2021-08-26 03:17:00-07:00,,19.3,1.8,,,,,,False
2021-08-26 03:18:00-07:00,,19.2,1.7,,,,,,False
2021-08-26 03:19:00-07:00,,19.1,1.7,,,,,,False
2021-08-26 03:20:00-07:00,,18.9,1.9,,,,,,False
2021-08-26 03:21:00-07:00,,18.7,1.8,,,,,,False
2021-08-26 03:22:00-07:00,,18.6,1.8,,,,,,False
2021-08-26 03:23:00-07:00,,18.4,2.0,,,,,,False
2021-08-26 03:24:00-07:00,,18.2,1.8,,,,,,False
2021-08-26 03:25:00-07:00,,18.1,1.9,,,,,,False
2021-08-26 03:26:00-07:00,,18.0,1.8,,,,,,False
2021-08-26 03:27:00-07:00,,18.0,1.6,,,,,,False
2021-08-26 03:28:00-07:00,,18.0,1.4,,,,,,False
2021-08-26 03:29:00-07:00,,18.0,1.4,,,,,,False
2021-08-26 03:30:00-07:00,,18.1,1.4,,,,,,False
2021-08-26 03:31:00-07:00,,18.2,1.5,,,,,,False
2021-08-26 03:32:00-07:00,,18.3,1.6,,,,,,False
2021-08-26 03:33:00-07:00,,18.3,1.6,,,,,,False
2021-08-26 03:34:00-07:00,,18.4,1.5,,,,,,False
2021-08-26 03:35:00-07:00,,18.5,1.3,,,,,,False
2021-08-26 03:36:00-07:00,,18.5,1.3,,,,,,False
2021-08-26 03:37:00-07:00,,18.6,1.5,,,,,,False
2021-08-26 03:38:00-07:00,,18.7,1.5,,,,,,False
2021-08-26 03:39:00-07:00,,18.6,1.6,,,,,,False
2021-08-26 03:40:00-07:00,,18.6,1.8,,,,,,False
2021-08-26 03:41:00-07:00,,18.5,2.0,,,,,,False
2021-08-26 03:42:00-07:00,,18.5,2.2,,,,,,False
2021-08-26 03:43:00-07:00,,18.6,2.2,,,,,,False
2021-08-26 03:44:00-07:00,,18.5,2.1,,,,,,False
2021-08-26 03:45:00-07:00,,18.5,2.1,,,,,,False
2021-08-26 03:46:00-07:00,,18.5,1.7,,,,,,False
2021-08-26 03:47:00-07:00,,18.3,2.2,,,,,,False
2021-08-26 03:48:00-07:00,,18.2,2.4,,,,,,False
2021-08-26 03:49:00-07:00,,18.2,2.4,,,,,,False
2021-08-26 03:50:00-07:00,,18.3,2.4,,,,,,False
2021-08-26 03:51:00-07:00,,18.5,2.5,,,,,,False
2021-08-26 03:52:00-07:00,,18.8,2.4,,,,,,False
2021-08-26 03:53:00-07:00,,18.9,2.5,,,,,,False
2021-08-26 03:54:00-07:00,,18.8,2.2,,,,,,False
2021-08-26 03:55:00-07:00,,18.7,2.3,,,,,,False
2021-08-26 03:56:00-07:00,,18.6,2.4,,,,,,False
2021-08-26 03:57:00-07:00,,18.5,2.1,,,,,,False
2021-08-26 03:58:00-07:00,,18.4,2.0,,,,,,False
2021-08-26 03:59:00-07:00,,18.4,2.2,,,,,,False
2021-08-26 04:00:00-07:00,,18.4,2.4,,,,,,False
2021-08-26 04:01:00-07:00,,18.3,3.0,,,,,,False
2021-08-26 04:02:00-07:00,,18.2,2.9,,,,,,False
2021-08-26 04:03:00-07:00,,18.1,3.2,,,,,,False
2021-08-26 04:04:00-07:00,,18.0,3.4,,,,,,False
2021-08-26 04:05:00-07:00,,17.9,3.7,,,,,,False
2021-08-26 04:06:00-07:00,,17.9,3.9,,,,,,False
2021-08-26 04:07:00-07:00,,17.9,3.5,,,,,,False
2021-08-26 04:08:00-07:00,,17.8,3.2,,,,,,False
2021-08-26 04:09:00-07:00,,17.8,2.6,,,,,,False
2021-08-26 04:10:00-07:00,,17.7,2.5,,,,,,False
2021-08-26 04:11:00-07:00,,17.8,2.5,,,,,,False
2021-08-26 04:12:00-07:00,,17.9,2.6,,,,,,False
2021-08-26 04:13:00-07:00,,18.0,2.7,,,,,,False
2021-08-26 04:14:00-07:00,,18.2,2.7,,,,,,False
2021-08-26 04:15:00-07:00,,18.3,2.7,,,,,,False
2021-08-26 04:16:00-07:00,,18.4,2.9,,,,,,False
2021-08-26 04:17:00-07:00,,18.4,2.9,,,,,,False
2021-08-26 04:18:00-07:00,,18.4,2.7,,,,,,False
2021-08-26 04:19:00-07:00,,18.4,2.8,,,,,,False
2021-08-26 04:20:00-07:00,,18.4,2.8,,,,,,False
2021-08-26 04:21:00-07:00,,18.4,2.6,,,,,,False
2021-08-26 04:22:00-07:00,,18.4,2.8,,,,,,False
2021-08-26 04:23:00-07:00,,18.4,2.9,,,,,,False
2021-08-26 04:24:00-07:00,,18.6,2.8,,,,,,False
2021-08-26 04:25:00-07:00,,18.7,2.8,,,,,,False
2021-08-26 04:26:00-07:00,,18.8,2.9,,,,,,False
2021-08-26 04:27:00-07:00,,18.8,2.8,,,,,,False
2021-08-26 04:28:00-07:00,,18.9,2.7,,,,,,False
2021-08-26 04:29:00-07:00,,19.0,2.7,,,,,,False
2021-08-26 04:30:00-07:00,,19.0,2.7,,,,,,False
2021-08-26 04:31:00-07:00,,19.1,2.5,,,,,,False
2021-08-26 04:32:00-07:00,,19.2,2.1,,,,,,False
2021-08-26 04:33:00-07:00,,19.2,1.8,,,,,,False
2021-08-26 04:34:00-07:00,,19.2,2.0,,,,,,False
2021-08-26 04:35:00-07:00,,19.2,2.2,,,,,,False
2021-08-26 04:36:00-07:00,,19.2,2.0,,,,,,False
2021-08-26 04:37:00-07:00,,19.2,2.0,,,,,,False
2021-08-26 04:38:00-07:00,,19.3,2.1,,,,,,False
2021-08-26 04:39:00-07:00,,19.3,2.3,,,,,,False
2021-08-26 04:40:00-07:00,,19.4,2.4,,,,,,False
2021-08-26 04:41:00-07:00,,19.4,2.4,,,,,,False
2021-08-26 04:42:00-07:00,,19.4,2.1,,,,,,False
2021-08-26 04:43:00-07:00,,19.5,1.7,,,,,,False
2021-08-26 04:44:00-07:00,,19.6,1.5,,,,,,False
2021-08-26 04:45:00-07:00,,19.6,1.7,,,,,,False
2021-08-26 04:46:00-07:00,,19.6,1.6,,,,,,False
2021-08-26 04:47:00-07:00,,19.6,1.6,,,,,,False
2021-08-26 04:48:00-07:00,,19.5,1.4,,,,,,False
2021-08-26 04:49:00-07:00,,19.6,1.5,,,,,,False
2021-08-26 04:50:00-07:00,,19.5,1.8,,,,,,False
2021-08-26 04:51:00-07:00,,19.5,1.9,,,,,,False
2021-08-26 04:52:00-07:00,,19.6,2.2,,,,,,False
2021-08-26 04:53:00-07:00,,19.4,2.8,,,,,,False
2021-08-26 04:54:00-07:00,,19.2,2.2,,,,,,False
2021-08-26 04:55:00-07:00,,19.2,2.0,,,,,,False
2021-08-26 04:56:00-07:00,,19.2,2.0,,,,,,False
2021-08-26 04:57:00-07:00,,19.2,2.1,,,,,,False
2021-08-26 04:58:00-07:00,,19.2,2.0,,,,,,False
2021-08-26 04:59:00-07:00,,19.2,1.8,,,,,,False
2021-08-26 05:00:00-07:00,,19.3,1.9,,,,,,False
2021-08-26 05:01:00-07:00,,19.3,1.7,,,,,,False
2021-08-26 05:02:00-07:00,,19.4,1.5,,,,,,False
2021-08-26 05:03:00-07:00,,19.5,1.7,,,,,,False
2021-08-26 05:04:00-07:00,,19.5,1.9,,,,,,False
2021-08-26 05:05:00-07:00,,19.6,1.7,,,,,,False
2021-08-26 05:06:00-07:00,,19.5,2.0,,,,,,False
2021-08-26 05:07:00-07:00,,19.5,1.9,,,,,,False
2021-08-26 05:08:00-07:00,,19.6,1.8,,,,,,False
2021-08-26 05:09:00-07:00,,19.6,1.6,,,,,,False
2021-08-26 05:10:00-07:00,,19.7,1.4,,,,,,False
2021-08-26 05:11:00-07:00,,19.8,1.2,,,,,,False
2021-08-26 05:12:00-07:00,,19.8,1.0,,,,,,False
2021-08-26 05:13:00-07:00,,19.9,1.0,,,,,,False
2021-08-26 05:14:00-07:00,,20.0,1.0,,,,,,False
2021-08-26 05:15:00-07:00,,20.0,1.1,,,,,,False
2021-08-26 05:16:00-07:00,,20.1,1.2,,,,,,False
2021-08-26 05:17:00-07:00,,20.2,1.3,,,,,,False
2021-08-26 05:18:00-07:00,,20.2,1.4,,,,,,False
2021-08-26 05:19:00-07:00,,20.2,1.5,,,,,,False
2021-08-26 05:20:00-07:00,,20.3,1.6,,,,,,False
2021-08-26 05:21:00-07:00,,20.3,1.7,,,,,,False
2021-08-26 05:22:00-07:00,,20.3,1.7,,,,,,False
2021-08-26 05:23:00-07:00,,20.3,1.4,,,,,,False
2021-08-26 05:24:00-07:00,,20.3,1.3,,,,,,False
2021-08-26 05:25:00-07:00,,20.3,1.4,,,,,,False
2021-08-26 05:26:00-07:00,89.6007918292592,20.4,1.3,6.576322297856221,12.339426350224675,841.9573820150687,10.389271105402923,4.1671399179189,False
2021-08-26 05:27:00-07:00,89.0332990648381,20.4,1.3,7.827963990040513,14.6961925425672,850.438211825071,12.49820370653779,6.2223116810999235,False
2021-08-26 05:28:00-07:00,88.46063783168724,20.4,1.2,9.359244798736485,17.578872376728086,859.1643889357891,15.103141143731808,8.769485757861611,False
2021-08-26 05:29:00-07:00,87.88249485104541,20.4,1.2,11.35246778265326,21.329795829596403,868.6376058644984,18.527862782999183,12.128009359314637,False
2021-08-26 05:30:00-07:00,87.29879398100731,20.5,1.2,13.760937015649333,25.866086245219964,877.3401854685951,22.693356903727963,16.22692119998992,False
2021-08-26 05:31:00-07:00,86.70960862979494,20.5,1.3,16.73762726937018,31.478955704896794,886.5245758605581,27.90686785481693,21.364810529455205,False
2021-08-26 05:32:00-07:00,86.11510282800076,20.5,1.3,20.179610783115525,37.96792011516245,895.2375700923682,33.99030854535918,27.369050043113294,False
2021-08-26 05:33:00-07:00,85.51548913658377,20.4,1.0,24.06240305118721,45.28660221276508,903.8119946163523,40.930574275316516,34.224273025062,False
2021-08-26 05:34:00-07:00,84.9110006428593,20.4,1.3,28.400305403054077,53.46886588778764,911.2992396723146,48.72613682968184,41.93373352036978,False
2021-08-26 05:35:00-07:00,84.30187269673578,20.2,1.7,33.40025415506459,62.88729398630103,919.7741826789388,57.842109427140166,50.947472067875964,False
2021-08-26 05:36:00-07:00,83.68833144636807,19.9,1.8,38.99462316036856,73.4358280743353,928.0324245552881,68.15082957705069,61.144281104377654,False
2021-08-26 05:37:00-07:00,83.07058700377625,19.8,1.9,44.62930048441015,84.05605145098117,934.2781354878109,78.53173102609018,71.42074573283432,False
2021-08-26 05:38:00-07:00,82.44882973071675,19.7,2.2,50.00311385503486,94.19784224890617,939.4540728618721,88.49454655553504,81.28486630682912,False
2021-08-26 05:39:00-07:00,81.82322857246737,19.7,2.0,56.057230842547995,105.61122181467033,943.8811429775689,99.68444075768858,92.36867074840352,False
2021-08-26 05:40:00-07:00,81.19393027385462,19.7,1.9,62.422624477678525,117.63047014399774,947.7733923490523,111.48702973199066,104.0602501756328,False
2021-08-26 05:41:00-07:00,80.5610615302496,19.7,1.7,68.74233538609255,129.57748515686595,950.9506132117676,123.22178896836039,115.68519553642771,False
2021-08-26 05:42:00-07:00,79.9247273757618,19.8,1.5,76.0644401469073,143.4368492718645,953.5033097127578,136.7675105154928,129.1068605731827,False
2021-08-26 05:43:00-07:00,79.28501404242115,19.9,1.5,83.4375169439138,157.3582172838753,955.9950823908716,150.433681897179,142.64374313683624,False
2021-08-26 05:44:00-07:00,78.64198981370087,19.9,1.5,91.20459648952652,172.06044282808318,958.5224329486373,164.9237942737942,156.99243471451743,False
2021-08-26 05:45:00-07:00,77.9957063007536,19.9,1.6,98.94695634135431,186.6741775496152,961.0158048637609,179.39683498512403,171.31920422565298,False
2021-08-26 05:46:00-07:00,77.34619968048912,20.0,1.6,106.72670281286426,201.38877693641098,962.4687894219819,193.83041234116104,185.6091238889925,False
2021-08-26 05:47:00-07:00,76.69349183863014,20.0,1.4,114.87673610645811,216.80002711596944,964.0407703083997,209.00406514376115,200.6261654805018,False
2021-08-26 05:48:00-07:00,76.03759141728945,20.1,1.4,122.85645967935942,231.88374598288334,965.0652522491617,223.78294580945186,215.25111132537475,False
2021-08-26 05:49:00-07:00,75.3784947538969,20.1,1.3,131.1069212658969,247.5131782765756,966.1630108772321,239.1380775554894,230.4407843971443,False
2021-08-26 05:50:00-07:00,74.71618670389475,20.1,1.5,139.81665781408094,263.9716659271554,967.6655701500748,255.4362926128659,246.55484164499182,False
2021-08-26 05:51:00-07:00,74.05064092089417,20.1,1.6,148.94072185493445,281.3029560979636,968.5973304196157,272.46929231563394,263.3939068001379,False
2021-08-26 05:52:00-07:00,73.38182225660229,20.2,1.4,157.7862525738472,298.0551143611049,968.5962011559247,288.695051505261,279.4361718731131,False
2021-08-26 05:53:00-07:00,72.70968460496442,20.2,1.3,166.59671909330115,314.72732883058035,969.1027543328973,305.00312123355087,295.5499098956054,False
2021-08-26 05:54:00-07:00,72.0341731166323,20.2,1.2,176.39056464902427,333.30651323416373,969.3694403383878,323.09714819494076,313.424035815842,False
2021-08-26 05:55:00-07:00,71.35522409375447,20.2,1.5,185.73496835739448,350.93645636951254,970.4417893880269,340.563402680723,330.6641321586704,False
2021-08-26 05:56:00-07:00,70.67276526404049,20.2,1.3,195.39642310642463,369.26105487961706,970.2635479300194,358.28054121987884,348.1562186076361,False
2021-08-26 05:57:00-07:00,69.98671596766687,20.2,1.4,205.30133413563675,387.9993841661907,970.6390500482923,376.6073536663938,366.2381243416519,False
2021-08-26 05:58:00-07:00,69.29698728092052,20.2,1.4,215.0213092032222,406.442951208314,970.5810066311927,394.48580872191815,383.87463567528437,False
2021-08-26 05:59:00-07:00,68.60348207188994,20.2,1.4,225.19646718516657,425.73116601350216,970.4656513980658,413.15747334575155,402.28692346311993,False
2021-08-26 06:00:00-07:00,67.90609499416102,20.2,1.2,234.76982136754458,443.8867296977249,969.808584446673,430.48516098281357,419.37273994360856,False
2021-08-26 06:01:00-07:00,67.20471241202267,20.2,1.2,244.47693836589093,462.30573584700466,969.4748594123928,448.19378826581766,436.82446244793834,False
2021-08-26 06:02:00-07:00,66.49921180400355,20.2,1.2,255.16118572707094,482.5300516783467,969.1225990314177,467.63077779328364,455.9718174892106,False
2021-08-26 06:03:00-07:00,65.78946346274441,20.2,1.3,265.56317727611867,502.2401034543937,968.9070322413913,486.623968110606,474.6730346667851,False
2021-08-26 06:04:00-07:00,65.07532740747615,20.2,1.3,276.31121375685944,522.697629572215,968.1872977156763,506.0692054979124,493.816874823852,False
2021-08-26 06:05:00-07:00,64.35665496274781,20.2,1.3,287.1236697331805,543.1494080935663,967.6305854886227,525.5679797613765,513.0038793921743,False
2021-08-26 06:06:00-07:00,63.63328790565898,20.2,1.4,297.7868759573524,563.3350625673397,967.2591503682918,544.8909939915535,532.0082015347677,False
2021-08-26 06:07:00-07:00,62.90505803160957,20.2,1.4,308.99676134331787,584.6438974482962,966.3705366307651,564.982636915012,551.7660082718689,False
2021-08-26 06:08:00-07:00,62.17178663615489,20.1,1.8,319.3450799991625,604.0934144109832,967.5062681686665,584.4641650020382,570.8926918737225,False
2021-08-26 06:09:00-07:00,61.433283928401735,19.7,2.3,329.544582164488,623.2154452166257,970.429184627252,604.7864563486798,590.814881494448,False
2021-08-26 06:10:00-07:00,60.68934836324863,19.3,2.5,339.83605530604314,642.5939263732317,972.3232323445079,624.8090035761694,610.4452379691908,False
2021-08-26 06:11:00-07:00,59.93976587797584,19.0,2.6,350.89035698226894,663.4074218341483,973.358794029708,645.7334480668443,630.9614711075742,False
2021-08-26 06:12:00-07:00,59.18430904573709,18.9,2.3,362.43582133227324,685.2894070034113,971.9141233517854,666.0424532499853,650.8959913549098,False
2021-08-26 06:13:00-07:00,58.422736107868765,18.8,2.3,373.48172550167965,706.152455000502,971.4670919851361,686.0038719575024,670.4688952451629,False
2021-08-26 06:14:00-07:00,57.65478937616302,18.7,1.9,385.1055011704352,728.4173186551149,969.1584232658895,705.9517800273582,690.0449222551243,False
2021-08-26 06:15:00-07:00,56.880196082733825,18.7,1.6,397.27073464719706,751.6564923010421,966.5931143448281,726.5459898107737,710.2500105745404,False
2021-08-26 06:16:00-07:00,56.09866391813176,18.7,1.5,408.68510264550207,773.1080760640483,965.2010395084965,746.2047186694331,729.5156385498115,False
2021-08-26 06:17:00-07:00,55.30988155815785,18.7,1.4,419.96777944763085,794.8029024444912,963.1531118155003,765.5168887694032,748.4438434631705,False
2021-08-26 06:18:00-07:00,54.51351641367012,18.7,1.6,431.67231323491393,816.8631109011427,962.7175139360411,786.4084233528088,768.8868812295453,False
2021-08-26 06:19:00-07:00,53.70921267859174,18.7,1.5,443.77961571665617,839.7342254644416,960.9618823818255,806.952582002754,789.000467000902,False
2021-08-26 06:20:00-07:00,52.89658912235307,18.7,2.0,455.3875535574591,861.721825653437,961.5923618131015,828.6251255559862,810.17335097642,False
2021-08-26 06:21:00-07:00,52.07523658071517,18.7,2.2,467.7500790876602,884.950042669025,961.1291933109868,850.5513206310035,831.6001454818324,False
2021-08-26 06:22:00-07:00,51.24471511975332,18.7,1.9,480.05976639286916,908.4302804863628,958.1984535219356,870.4564898945308,851.0818900377883,False
2021-08-26 06:23:00-07:00,50.40455078706705,18.7,1.7,491.9482463549502,931.1924457055371,955.5676819713696,889.8174068120906,870.0209529401045,False
2021-08-26 06:24:00-07:00,49.55423190409267,18.7,1.5,503.9761829287912,953.970843106756,953.0935542474557,909.22346150506,888.9949770901114,False
2021-08-26 06:25:00-07:00,48.69320422893247,18.7,1.4,516.3593108564758,977.6607472184736,950.7286032362423,929.4900366419204,908.7996864825177,False
2021-08-26 06:26:00-07:00,47.82086835945554,18.7,1.5,529.1802032946646,1001.8587644431849,949.5356415429708,951.3006046310076,930.0826896015877,False
2021-08-26 06:27:00-07:00,46.93657059929101,18.7,1.8,540.8730077701131,1023.9166558206654,949.4597409943827,972.1676428353235,950.4183899330823,False
2021-08-26 06:28:00-07:00,46.0395986484503,18.7,1.8,552.752251594486,1046.5229066927939,947.7215701581546,991.8123323373707,969.5828080407447,False
2021-08-26 06:29:00-07:00,45.129173311886625,18.6,1.6,565.7378208767853,1071.27752017288,945.2237485943148,1012.5969534026312,989.8627994510292,False
2021-08-26 06:30:00-07:00,44.20443943053696,18.6,1.5,579.193345502813,1096.8603607651905,942.6795189151884,1033.9877972032698,1010.7257789537955,False
2021-08-26 06:31:00-07:00,43.26445515314595,18.6,1.6,591.690048096093,1120.4570489545058,941.44641289836,1054.8502695449017,1031.043244724408,False
2021-08-26 06:32:00-07:00,42.308179193752004,18.6,1.9,603.7578629571645,1143.1774112423946,941.3971190509276,1076.1839215076877,1051.7887843650549,False
2021-08-26 06:33:00-07:00,41.33445555184867,18.5,2.1,615.4995018198709,1165.3112949110312,941.3154377442924,1096.9255116775455,1071.950004769808,False
2021-08-26 06:34:00-07:00,40.34199508497296,18.5,2.2,628.7715150197572,1190.259577079841,940.0599982053969,1118.915415893632,1093.3366654057472,False
2021-08-26 06:35:00-07:00,39.329353092368436,18.4,2.1,641.7173240184266,1214.7020226603686,938.1244842789727,1139.541708560883,1113.4029881313984,False
2021-08-26 06:36:00-07:00,38.2949010924518,18.4,2.1,654.7324057575684,1239.571366905162,935.9995378073295,1160.2382265024314,1133.5332725099083,False
2021-08-26 06:37:00-07:00,37.23679552507533,18.3,2.1,667.5543214639841,1263.6877926938114,934.6539601390975,1181.1107998207058,1153.8112227120582,False
2021-08-26 06:38:00-07:00,36.1529308698599,18.3,2.5,679.9237867844381,1287.032165880326,935.1450757198539,1203.561792216045,1175.5745092413636,False
2021-08-26 06:39:00-07:00,35.04088826090657,18.2,2.0,692.3026144332388,1310.8395343978239,930.5121755733584,1219.7521469800872,1191.3629680585882,False
2021-08-26 06:40:00-07:00,33.897865251517324,18.3,1.5,705.4639874193516,1336.0847607204894,924.598320390101,1235.3417256609744,1206.5921198672393,False
2021-08-26 06:41:00-07:00,32.72058513400989,18.3,1.1,719.7554844986353,1363.6613871582113,919.270440099489,1253.5736035196082,1224.3664994190501,False
2021-08-26 06:42:00-07:00,31.505176757915173,18.3,1.3,733.7363627344438,1389.8971354347739,918.4634456112537,1276.5697120566338,1246.655097056771,False
2021-08-26 06:43:00-07:00,30.24701214106493,18.4,1.7,747.0946965354738,1414.8995553868099,918.6729453789278,1299.8299419625362,1269.166952235253,False
2021-08-26 06:44:00-07:00,28.94048227884197,18.4,1.9,759.2160981737533,1437.5689197974723,918.213055738442,1319.9945506818483,1288.687364471606,False
2021-08-26 06:45:00-07:00,27.578679718362505,18.3,1.9,772.796202312079,1463.479920679098,916.3400421279134,1341.0452521684404,1309.087383769113,False
2021-08-26 06:46:00-07:00,26.15293564391644,18.4,2.0,785.2533606864242,1486.8029176764178,914.6609884994803,1359.9206263858237,1327.3723718136066,False
2021-08-26 06:47:00-07:00,24.652119675762158,18.4,1.8,797.3642573125309,1509.9528143921434,911.1166199872386,1375.7431045891879,1342.7430756551528,False
2021-08-26 06:48:00-07:00,23.061541998157363,18.4,1.6,811.4304334850419,1536.54902053695,907.3176218713247,1394.1380032022987,1360.6009218125184,False
2021-08-26 06:49:00-07:00,21.361116836667474,18.5,1.2,825.4259443499611,1563.6965475718134,901.0373136244442,1408.948936547925,1375.0500723271562,False
2021-08-26 06:50:00-07:00,19.522115160240002,18.6,0.9,838.8371378691761,1589.604663387912,895.5405502423507,1423.5554349182173,1389.2818411269805,False
2021-08-26 06:51:00-07:00,17.500855361030688,18.6,0.9,853.9706739251133,1617.9158678267781,893.0226612374565,1444.8355339449784,1409.8827855876402,False
2021-08-26 06:52:00-07:00,15.224861981417176,18.7,0.9,868.5243065123427,1645.491409880693,889.9092477191316,1464.3380226952208,1428.7752184160838,False
2021-08-26 06:53:00-07:00,12.556300713449046,18.8,0.8,881.7894619213588,1670.881416625011,886.0336772617186,1480.4572058405283,1444.4170350025904,False
2021-08-26 06:54:00-07:00,9.158111658908847,18.9,0.6,896.7389542334762,1699.19620744788,881.0703747328084,1497.1114392406703,1460.5977981832789,False
2021-08-26 06:55:00-07:00,3.228882443035183,19.0,0.4,912.3722155422829,1729.2865968785566,875.6320500023379,1514.2187678663372,1477.2238121462583,False
2021-08-26 06:56:00-07:00,0.619155381830399,19.1,0.8,919.0709699631815,1741.4956614244961,877.7280932771374,1528.5596663525303,1490.9929364383377,False
2021-08-26 06:57:00-07:00,0.7735626190892239,19.2,1.2,922.2750439900251,1746.7047558366382,880.589952446545,1538.1306578803394,1500.1427510725887,False
2021-08-26 06:58:00-07:00,0.9278131654891925,19.3,1.3,923.9274968699323,1750.3039575063947,880.4339822469914,1541.027083450024,1502.9368321763454,False
2021-08-26 06:59:00-07:00,1.0819052900896553,19.4,1.3,926.9137456931262,1755.5423609621394,879.62182076388,1544.2133679776375,1506.0264587691743,False
2021-08-26 07:00:00-07:00,1.2358369475558388,19.5,1.2,930.1177180651283,1761.8347290082052,877.5808884083548,1546.1524867117137,1507.9456478513143,False
2021-08-26 07:01:00-07:00,1.3896063992301326,19.6,1.1,933.4420909242915,1768.4907216053134,875.4381968891744,1548.2043285373907,1509.9760291390533,False
2021-08-26 07:02:00-07:00,1.543211797918158,19.8,1.1,936.0953434393335,1773.26878140498,874.1118154600264,1550.0351938124957,1511.7730032107318,False
2021-08-26 07:03:00-07:00,1.6966512926364181,19.9,1.3,937.7567964928072,1776.4811341059967,875.0500361765407,1554.5098806663946,1516.0590346789463,False
2021-08-26 07:04:00-07:00,1.8499230271372231,20.0,1.3,939.740304278166,1780.3252258243194,874.165615957955,1556.2990976382016,1517.804595144155,False
2021-08-26 07:05:00-07:00,2.0030251412563693,20.0,1.0,942.1879500004043,1785.0475967484706,871.0194856567937,1554.8112395927485,1516.451361037287,False
2021-08-26 07:06:00-07:00,2.1559557708654333,20.0,1.1,945.3913972381083,1791.410935760046,871.1782965645915,1560.6383274626178,1522.0592962407595,False
2021-08-26 07:07:00-07:00,2.3087130463764685,20.0,1.4,946.9598822612032,1793.781196577058,873.831790237218,1567.4630342987896,1528.5633986677326,False
2021-08-26 07:08:00-07:00,2.4612950938195315,20.0,1.5,948.6250084041335,1796.854365696786,874.439787426603,1571.240949576461,1532.1852043231604,False
2021-08-26 07:09:00-07:00,2.613700034505079,20.0,1.8,950.2804190393131,1799.7952984096773,876.8137880746912,1578.0853333576083,1538.7131287240547,False
2021-08-26 07:10:00-07:00,2.7659260866931477,19.8,1.9,951.9590171027612,1802.7733461769617,878.419432834889,1583.5911402786217,1543.9711255429604,False
2021-08-26 07:11:00-07:00,2.9179711584721497,19.6,1.6,955.7011062669199,1810.0370001633557,876.0548768420525,1585.6917412576668,1546.0537860652523,False
2021-08-26 07:12:00-07:00,3.0698334584753377,19.6,1.1,959.3247482347089,1817.0694007315924,870.8786140767041,1582.4468813903165,1543.0641230956594,False
2021-08-26 07:13:00-07:00,3.2215110885092626,19.7,1.6,962.3012284008815,1822.2522417480568,874.5184484608418,1593.5932031578016,1553.6975051834997,False
2021-08-26 07:14:00-07:00,3.3730021453697763,19.8,2.1,962.7776011124175,1822.9532681701564,878.3374110151154,1601.1680539661186,1560.8865055580848,False
2021-08-26 07:15:00-07:00,3.524304720478921,19.8,1.9,963.7797043578998,1824.7288987435472,876.5214854643355,1599.414084896395,1559.2463179610056,False
2021-08-26 07:16:00-07:00,3.6754169009688833,19.9,1.4,966.7214636423669,1830.9480733793969,870.8326038785037,1594.44927830731,1554.6169455964327,False
2021-08-26 07:17:00-07:00,3.8263367679319047,20.0,1.4,970.0137405128393,1837.410539743873,869.6417092356919,1597.888842350537,1557.9577558813467,False
2021-08-26 07:18:00-07:00,3.977062397481401,20.1,1.6,973.0795896122413,1842.9543264646695,870.5054993685557,1604.3018762725676,1564.1058117825291,False
2021-08-26 07:19:00-07:00,4.1275918604230615,20.2,1.6,975.3045271635907,1847.1911971530537,869.6100986917488,1606.3361192587965,1566.0863611150733,False
2021-08-26 07:20:00-07:00,4.277923221911016,20.3,1.1,977.9934012050583,1852.88970489465,863.8259051914599,1600.574126550558,1560.6931829821654,False
2021-08-26 07:21:00-07:00,4.428054643128941,20.4,1.1,980.8151266197804,1858.0924640607375,862.8847350955343,1603.3196236340584,1563.3596695934066,False
2021-08-26 07:22:00-07:00,4.5779839769747595,20.5,1.2,983.2187351538236,1862.685245272248,862.862132953638,1607.2405637568825,1567.133061898959,False
2021-08-26 07:23:00-07:00,4.727709373192874,20.6,1.5,985.4997802774972,1866.8487638799843,864.7708684517171,1614.3964268085083,1573.9675789404002,False
2021-08-26 07:24:00-07:00,4.87722887518967,20.6,1.4,988.1991473080939,1872.1626339842142,863.2745070607218,1616.190274990225,1575.7325904987777,False
2021-08-26 07:25:00-07:00,5.02654052045688,20.7,1.5,989.6245743020665,1874.6697162526232,863.5304434139163,1618.8343713302686,1578.2693528608356,False
2021-08-26 07:26:00-07:00,5.1756423416182065,20.8,0.8,990.9227184619273,1878.0082467660918,855.8752655885003,1607.3408069783227,1567.4123738281837,False
2021-08-26 07:27:00-07:00,5.324532364717941,20.9,1.3,992.7952169188766,1880.7617905811546,860.1125232725301,1617.6667693713189,1577.2361999928721,False
2021-08-26 07:28:00-07:00,5.473208610278393,20.9,1.5,994.2053240215878,1883.0359132713554,861.8698137163009,1622.9318117922876,1582.2544772603699,False
2021-08-26 07:29:00-07:00,5.621669092960968,20.9,1.4,996.4549970303008,1887.605870227533,860.3982163415117,1624.0927238995364,1583.4100096273667,False
2021-08-26 07:30:00-07:00,5.769911821259697,21.0,1.9,996.8763901545365,1888.1931469845192,864.45377138185,1632.2556870081314,1591.1532454892929,False
2021-08-26 07:31:00-07:00,5.917934798533115,20.9,1.9,997.3205808499825,1888.3291660162697,865.1770565495127,1633.7390696505524,1592.5604577580302,False
2021-08-26 07:32:00-07:00,6.065736120344505,21.0,1.9,997.9307837863362,1889.918295393691,864.3881153152618,1633.6229134551847,1592.46973764557,False
2021-08-26 07:33:00-07:00,6.21331357922103,21.0,1.7,998.6579428166015,1891.6474840793715,862.3066019467904,1631.180114077678,1590.1759327489137,False
2021-08-26 07:34:00-07:00,6.360665258999889,21.0,1.6,1000.0327005130476,1894.0064608374041,861.2609602053318,1631.2338230959247,1590.2553460061047,False
2021-08-26 07:35:00-07:00,6.507789137904743,21.1,1.6,1000.6148341737755,1895.5475277630765,860.474154839373,1631.0696569097959,1590.1183551978795,False
2021-08-26 07:36:00-07:00,6.654683188782351,21.1,1.8,1002.0296686245636,1897.8175547678889,862.211078167025,1636.3193200607284,1595.1205079374442,False
2021-08-26 07:37:00-07:00,6.801345377420691,21.1,1.7,1004.0588413770427,1901.547374129047,860.9906601563205,1637.2145289698863,1596.0138347832178,False
2021-08-26 07:38:00-07:00,6.947773663585203,21.1,1.8,1006.7318494534965,1906.2857511115756,861.5548246352275,1642.3696860035666,1600.9555839207712,False
2021-08-26 07:39:00-07:00,7.093966000711428,21.1,1.5,1006.9422769593682,1907.562488907912,858.3814782714736,1637.416309123985,1596.2773999744836,False
2021-08-26 07:40:00-07:00,7.239920335579509,21.1,1.6,1007.8307486625094,1908.6016886307661,859.4281049794763,1640.3059324205678,1599.0280879647362,False
2021-08-26 07:41:00-07:00,7.3856346093665834,21.2,1.6,1009.297182244615,1911.5853930311196,858.5848688768829,1641.2582940225886,1599.9663401028263,False
2021-08-26 07:42:00-07:00,7.531106755963176,21.2,1.9,1011.3662742324373,1915.3102896949658,861.022603319929,1649.1254517986067,1607.464825205165,False
2021-08-26 07:43:00-07:00,7.6763347030308795,21.2,2.0,1012.3063561836163,1916.7259809499324,861.9132307992686,1652.0514827974537,1610.2536820787343,False
2021-08-26 07:44:00-07:00,7.821316468812162,21.2,1.7,1012.7452300732307,1918.390223956846,858.7470979802957,1647.4120376167111,1605.8786416039575,False
2021-08-26 07:45:00-07:00,7.966049773116568,21.2,1.8,1013.1089075963284,1918.5683754827303,859.8210497064694,1649.6254745411966,1607.9777675859727,False
2021-08-26 07:46:00-07:00,8.110532621673315,21.2,1.7,1014.2271450052357,1920.8033685638093,858.6521160225288,1649.3018768805161,1607.698054886422,False
2021-08-26 07:47:00-07:00,8.25476291543455,21.3,2.0,1014.7012974266431,1921.7233332842734,860.7933001835888,1654.2065700975766,1612.3553740875113,False
2021-08-26 07:48:00-07:00,8.398738548915446,21.4,2.1,1015.4776164525559,1923.1629948079537,861.0792129446219,1655.9956779334545,1614.067380938927,False
2021-08-26 07:49:00-07:00,8.542457409882548,21.3,2.0,1017.9086987109241,1927.7524533543094,860.2349070558837,1658.3199525379962,1616.3241743027081,False
2021-08-26 07:50:00-07:00,8.68591737906547,21.4,2.0,1018.6732247148683,1928.7918407605978,859.7978527135566,1658.3710830173902,1616.3851131273734,False
2021-08-26 07:51:00-07:00,8.829116331168594,21.5,1.5,1019.9368443694295,1932.0784735137472,854.0997466150973,1650.1877346685756,1608.6719525127842,False
2021-08-26 07:52:00-07:00,8.972052133249248,21.8,1.5,1020.8132132586392,1933.3690560569412,852.6548699880009,1648.4965411310552,1607.084745317965,False
2021-08-26 07:53:00-07:00,9.114722645751213,21.9,1.3,1023.1945340404868,1938.3067280120765,849.6497863245237,1646.8818972868478,1605.6128392823484,False
2021-08-26 07:54:00-07:00,9.25712572219932,21.9,1.4,1023.5346382859483,1939.2793952593934,850.3933692361563,1649.1503388248914,1607.774068661519,False
2021-08-26 07:55:00-07:00,9.399259304127531,21.9,1.4,1023.9432241642828,1939.941847810336,850.3662602521827,1649.6610942291843,1608.265886703924,False
2021-08-26 07:56:00-07:00,9.541121041039368,21.9,1.9,1024.256001380406,1939.8651333719504,855.2520659219932,1659.0736629264036,1617.18313709473,False
2021-08-26 07:57:00-07:00,9.682708860660737,22.0,1.8,1024.531670164387,1940.2024740968147,853.8853496827544,1656.7104680495038,1614.948387563399,False
2021-08-26 07:58:00-07:00,9.82402058854679,21.9,1.9,1025.5458551750269,1942.4620731290424,854.9498309851278,1660.707621116696,1618.761868192919,False
2021-08-26 07:59:00-07:00,9.965054043184725,21.9,1.7,1026.4766506925966,1943.9767612460137,853.0468437101422,1658.303240426777,1616.5021087718635,False
2021-08-26 08:00:00-07:00,10.1058070357123,21.8,1.9,1027.4167826522041,1945.710559629412,855.2207589853774,1664.0120615721294,1621.93060776504,False
2021-08-26 08:01:00-07:00,10.2462773709333,21.9,1.9,1027.5330714153401,1945.6875024801016,854.8247081684644,1663.2217514945812,1621.1817429506416,False
2021-08-26 08:02:00-07:00,10.386462845723035,21.9,1.9,1027.846694586995,1946.1961721192083,854.8049480400505,1663.6181177841052,1621.5632391438908,False
2021-08-26 08:03:00-07:00,10.52636125005826,21.8,1.7,1027.7667665462807,1946.7854826631815,853.1316470511799,1660.8643052797663,1618.9616211066746,False
2021-08-26 08:04:00-07:00,10.665970366725194,21.8,1.6,1028.770666756341,1948.8159102725697,851.9569073084526,1660.3071758293254,1618.4578442972083,False
2021-08-26 08:05:00-07:00,10.805287971044724,21.8,1.7,1029.7736193159537,1950.038527850404,853.0023653716073,1663.3874768221617,1621.3903643373478,False
2021-08-26 08:06:00-07:00,10.944311925015947,21.8,1.7,1030.649173783524,1952.2753966926275,852.5888023014062,1664.48814222867,1622.459476071167,False
2021-08-26 08:07:00-07:00,11.08303980302778,21.8,1.6,1032.1513152204407,1955.1109385685977,851.37984844195,1664.5420545657312,1622.5440488156971,False
2021-08-26 08:08:00-07:00,11.221469452244708,21.9,1.8,1033.0640018752333,1956.387608143757,852.7950610548044,1668.397689733818,1626.2113688855263,False
2021-08-26 08:09:00-07:00,11.359598619230239,22.0,1.6,1034.6994158606076,1960.1317745848967,849.8607395735722,1665.8390396103784,1623.831841464392,False
2021-08-26 08:10:00-07:00,11.497425042990272,22.0,1.7,1034.8402063977871,1959.960125553278,850.9646804664565,1667.856841968441,1625.7412667083522,False
2021-08-26 08:11:00-07:00,11.634946455992614,22.1,1.6,1035.0282097127451,1960.4466385595406,849.4514168309354,1665.3041747458462,1623.3288418912812,False
2021-08-26 08:12:00-07:00,11.772160582613864,22.2,1.4,1035.5774827857956,1961.5854456021805,846.9214101441446,1661.308711707629,1619.5567363772602,False
2021-08-26 08:13:00-07:00,11.909065140152638,22.4,1.6,1036.9323174539347,1964.2028027784775,847.5880701721399,1664.834863033718,1622.9282460760855,False
2021-08-26 08:14:00-07:00,12.045657838564916,22.4,1.3,1037.3159827748611,1964.8441839659224,844.6811955676518,1659.6669344164825,1618.0389929366402,False
2021-08-26 08:15:00-07:00,12.181936380203144,22.5,1.1,1037.7590590569148,1966.0877918612262,841.9886500164976,1655.4236056831508,1614.031952793219,False
2021-08-26 08:16:00-07:00,12.317898460817618,22.6,1.8,1037.461854881959,1964.9642739894614,848.5083864321439,1667.288665519607,1625.2618509843917,False
2021-08-26 08:17:00-07:00,12.453541858889839,22.5,1.7,1038.9666953413619,1967.7000811347953,847.8266720723171,1668.268611424942,1626.2222346709975,False
2021-08-26 08:18:00-07:00,12.588864073007903,22.6,1.7,1039.4263732883499,1969.0496614149026,847.0538132688791,1667.8910242172888,1625.8803016032052,False
2021-08-26 08:19:00-07:00,12.72386286737933,22.5,1.4,1039.7304183573617,1969.78974803122,844.5527029581166,1663.5912559589542,1621.8150592712884,False
2021-08-26 08:20:00-07:00,12.858535907518846,22.5,1.4,1040.915402122197,1971.701050469107,844.473674069658,1665.0496302566512,1623.2191086493897,False
2021-08-26 08:21:00-07:00,12.992880852321495,22.6,1.3,1041.4599580226268,1973.249084979518,842.6996299068397,1662.85627362625,1621.158689842653,False
2021-08-26 08:22:00-07:00,13.126895352553317,22.8,0.8,1040.3073521353308,1971.6231032552053,836.7594942927349,1649.774350815698,1608.740323826471,False
2021-08-26 08:23:00-07:00,13.260577051868587,23.0,1.2,1041.106493083037,1972.9832202505484,839.6863946136046,1656.6871668453225,1615.308970213427,False
2021-08-26 08:24:00-07:00,13.393923586550795,23.2,1.6,1041.452236075182,1973.2315742848762,842.6914091496461,1662.825295912697,1621.1291322679767,False
2021-08-26 08:25:00-07:00,13.526932585284339,23.3,1.0,1041.517723380348,1973.888790001773,836.1286035204507,1650.424877488855,1609.3828961109912,False
2021-08-26 08:26:00-07:00,13.659601670135944,23.4,1.0,1042.1285634381438,1974.6407586339376,835.6997714714805,1650.2068307286527,1609.184725580461,False
2021-08-26 08:27:00-07:00,13.791928455099047,23.6,1.1,1041.28756140323,1973.301360308724,835.7785452502809,1649.2429402592256,1608.255610416561,False
2021-08-26 08:28:00-07:00,13.923910547079162,23.6,1.3,1042.5522313929746,1975.752174147562,837.4801929620392,1654.6533120502688,1613.412792315603,False
2021-08-26 08:29:00-07:00,14.055545633816212,23.6,1.3,1043.6343685946583,1977.4935402155786,837.4074169126534,1655.967757473386,1614.6787018776854,False
2021-08-26 08:30:00-07:00,14.186831130809257,23.7,1.3,1041.7269696889914,1974.1952672118625,837.149169607826,1652.6959285901112,1611.53945184657,False
2021-08-26 08:31:00-07:00,14.317764711933137,23.8,1.6,1040.8809436508418,1972.6188412645151,839.7000216894087,1656.4080837947497,1615.0402585160828,False
2021-08-26 08:32:00-07:00,14.448343954671763,23.7,1.5,1042.7632802842338,1975.944697256444,838.9803433432996,1657.7787605315837,1616.3776060343134,False
2021-08-26 08:33:00-07:00,14.578566429504296,23.8,1.0,1044.8441140789673,1980.262107931052,833.0460146058113,1649.6494568868657,1608.7199977086184,False
2021-08-26 08:34:00-07:00,14.708429699683062,24.0,0.9,1044.4801350392856,1979.5626748094005,831.147782261615,1645.3091270157038,1604.596280962723,False
2021-08-26 08:35:00-07:00,14.83793132125369,24.2,1.2,1044.6591644858759,1979.9891996287386,833.0987952940689,1649.5266169059698,1608.6004353943845,False
2021-08-26 08:36:00-07:00,14.967068842843922,24.3,1.1,1042.860971243777,1976.3923025468525,832.0469991044771,1644.451284387296,1603.7470310480478,False
2021-08-26 08:37:00-07:00,15.095839806645717,24.4,1.6,1041.9828961695098,1974.8881044870398,836.5202067276452,1652.0338054294662,1610.9196460617197,False
2021-08-26 08:38:00-07:00,15.224241747010684,24.4,0.8,1044.3899477940863,1980.1752161304382,827.8886473015111,1639.364581102206,1598.9649638794442,False
2021-08-26 08:39:00-07:00,15.352272191433809,24.4,1.6,1042.3649187213086,1975.503548647466,836.4953892893894,1652.4996099684327,1611.3682598512512,False
2021-08-26 08:40:00-07:00,15.479928745828596,24.3,1.6,1041.5375457219056,1973.8852702204208,837.1533557160143,1652.444677763437,1611.297725313264,False
2021-08-26 08:41:00-07:00,15.60720875216017,24.2,1.2,1042.4644623709473,1975.9460226217207,833.4647861009976,1646.8814290915295,1606.046475280025,False
2021-08-26 08:42:00-07:00,15.734109803052004,24.3,1.2,1042.507304699555,1975.7830785128326,833.0757341454048,1645.9769386441465,1605.1869404689123,False
2021-08-26 08:43:00-07:00,15.860629397736886,24.3,0.8,1042.5293429766311,1976.5912101936142,828.7554704474801,1638.1107782863626,1597.735567561202,False
2021-08-26 08:44:00-07:00,15.986765028776707,24.5,1.4,1041.2392201981374,1973.380791880145,834.2967343807738,1646.3851503553506,1605.5468284953133,False
2021-08-26 08:45:00-07:00,16.112514181864345,24.5,1.8,1041.1762396709926,1972.9071974922472,838.2677277953273,1653.8244335928732,1612.59452693328,False
2021-08-26 08:46:00-07:00,16.237874335638587,24.5,1.4,1039.4266926756131,1970.462853506906,834.4168881935163,1644.1874825241491,1603.429802734378,False
2021-08-26 08:47:00-07:00,16.362842962662075,24.7,1.3,1039.566195837164,1970.595570010059,832.5099333461013,1640.5403866411962,1599.97262739145,False
2021-08-26 08:48:00-07:00,16.48741752807432,24.6,2.1,1037.0783862687335,1965.1935830730317,841.2838641823269,1653.2856514339926,1611.9952221612273,False
2021-08-26 08:49:00-07:00,16.611595490571922,24.4,1.9,1037.0294309199894,1964.7084076755657,840.5871756234862,1651.508691331721,1610.3052680858182,False
2021-08-26 08:50:00-07:00,16.735374302231065,24.5,1.5,1038.1363728262359,1967.497303395498,835.8389895057229,1644.510957925328,1603.7028443577356,False
2021-08-26 08:51:00-07:00,16.858751490933255,24.6,2.0,1039.5325324279759,1969.558083234487,840.0439639197277,1654.5153794104397,1613.211074568574,False
2021-08-26 08:52:00-07:00,16.981724330673405,24.5,1.0,1039.8511039375396,1971.4464545224732,830.33917861729,1636.9692297361594,1596.5950515447626,False
2021-08-26 08:53:00-07:00,17.104290336648745,24.5,1.8,1039.2971538810398,1969.363770918614,838.6051269345841,1651.5185550915753,1610.3680635288417,False
2021-08-26 08:54:00-07:00,17.22644693503505,24.5,1.9,1038.5156181896361,1967.7102173408339,839.7536091673925,1652.3917568075199,1611.1768567238928,False
2021-08-26 08:55:00-07:00,17.34819154568889,24.5,1.5,1037.4400092104045,1966.3751739999389,835.8846196183857,1643.662764345976,1602.8857949094063,False
2021-08-26 08:56:00-07:00,17.46952158199124,24.7,1.5,1036.5849129312621,1964.5402878594566,835.1674108703692,1640.7200257621123,1600.074402337145,False
2021-08-26 08:57:00-07:00,17.59043445181672,24.7,2.0,1036.9445611333952,1965.1537386838274,839.8177112859163,1650.3709151464138,1609.2318379056435,False
2021-08-26 08:58:00-07:00,17.710927556254,24.7,1.7,1036.2383430774437,1964.0471333262578,837.0580469860979,1644.0214576107214,1603.1993788451152,False
2021-08-26 08:59:00-07:00,17.83099829058423,24.6,2.4,1035.5742523960398,1961.8465391853942,844.4710257693797,1656.7225593479977,1615.2139222443943,False
2021-08-26 09:00:00-07:00,17.9506440441306,24.4,1.9,1037.5831072884487,1966.4299295589217,840.1990817009023,1652.192621044576,1610.9733798273508,False
2021-08-26 09:01:00-07:00,18.06986220011617,24.5,2.1,1035.6317858404661,1962.5678647977593,841.9783856351933,1652.4397225019256,1611.1631117740385,False
2021-08-26 09:02:00-07:00,18.18865021614462,24.5,2.1,1034.0965631160473,1959.2605232025778,842.4264152860169,1650.5328191729536,1609.3174120841509,False
2021-08-26 09:03:00-07:00,18.307005304617146,24.7,1.5,1033.8228861206126,1959.2614720546194,835.6997544520884,1637.354331103483,1596.8225487460486,False
2021-08-26 09:04:00-07:00,18.424924911650017,24.8,1.5,1034.6431459476519,1961.1824572189942,834.907810420472,1637.4065511917513,1596.893908368901,False
2021-08-26 09:05:00-07:00,18.54240639802204,24.8,2.0,1035.597943104698,1962.7530472989388,839.5142513607271,1647.7591551091546,1606.728319535413,False
2021-08-26 09:06:00-07:00,18.65944711885398,24.7,2.5,1030.2028716841278,1951.9973486756776,845.6845728430661,1650.7740440055882,1609.4617935347335,False
2021-08-26 09:07:00-07:00,18.776044424570536,24.5,2.6,1028.1848861766348,1948.2282946669145,847.855739654474,1651.8165417905911,1610.4057980671573,False
2021-08-26 09:08:00-07:00,18.892195659697173,24.5,2.3,1030.2800847663893,1951.7559539374083,845.0320694393084,1649.2963727962197,1608.0584474293964,False
2021-08-26 09:09:00-07:00,19.007898163824713,24.6,2.3,1030.7222375486147,1953.0731459102747,844.263397253112,1648.9081692500315,1607.705793554385,False
2021-08-26 09:10:00-07:00,19.123149271500893,24.7,2.0,1029.427914123914,1950.844473456517,841.208059933072,1641.0660947475121,1600.2458237201643,False
2021-08-26 09:11:00-07:00,19.23794631211906,24.7,1.9,1032.0062426525367,1955.9207910450607,839.7406220370746,1642.466141727426,1601.6316488596317,False
2021-08-26 09:12:00-07:00,19.35228661088071,24.8,1.4,1033.7819038023079,1959.8529365903212,833.9823206375428,1634.4827001658991,1594.10573342718,False
2021-08-26 09:13:00-07:00,19.46616748762594,25.2,1.3,1032.820368819586,1957.754975520758,831.3794096483135,1627.6371757844963,1587.5883993367302,False
2021-08-26 09:14:00-07:00,19.57958633370471,25.2,1.7,1035.2110387791938,1962.07878747439,834.838468305894,1638.0188496306055,1597.4847830124268,False
2021-08-26 09:15:00-07:00,19.692540307959167,25.2,1.5,1035.9081266401952,1963.6429669810962,832.7108365518857,1635.1467777240555,1594.778491208476,False
2021-08-26 09:16:00-07:00,19.805026792982503,25.3,1.7,1037.9055841992426,1967.533784067557,833.711140295714,1640.3548346853042,1599.762030936928,False
2021-08-26 09:17:00-07:00,19.917043091533664,25.4,2.1,1035.7762529930565,1962.9409400718728,837.5620285526486,1644.0847956956409,1603.2468024266134,False
2021-08-26 09:18:00-07:00,20.02858650162201,25.2,1.8,1034.9560450691595,1961.2819195917652,835.9550627209475,1639.5435501057946,1598.9216728887839,False
2021-08-26 09:19:00-07:00,20.139654317472875,25.1,2.0,1035.202509140887,1962.2640083908107,838.0252426188907,1644.426771714026,1603.5633114853108,False
2021-08-26 09:20:00-07:00,20.250243829448674,24.9,1.9,1033.6134391052171,1958.8929732993442,838.5130594824253,1642.5573402398581,1601.752206058525,False
2021-08-26 09:21:00-07:00,20.360352323980276,25.0,1.9,1031.225429251598,1954.808874841685,838.2753539570261,1638.6681014762498,1598.0176055217844,False
2021-08-26 09:22:00-07:00,20.469977084519297,25.2,1.8,1028.6280046094696,1949.7319370151001,836.9240668261989,1631.7775819475996,1591.4249376537211,False
2021-08-26 09:23:00-07:00,20.579115390451737,25.2,1.7,1027.0248535800247,1946.7088469066443,836.2813661424366,1627.996333972656,1587.8039724431148,False
2021-08-26 09:24:00-07:00,20.68776451805935,25.4,1.8,1025.1858162506846,1943.7174271639005,836.3665947119625,1625.6603256393685,1585.5540239839945,False
2021-08-26 09:25:00-07:00,20.795921812825117,25.4,1.8,1027.9543197453518,1949.0132408405295,835.8406264596314,1629.0644482022642,1588.8433642359623,False
2021-08-26 09:26:00-07:00,20.903584399597104,25.5,2.0,1025.724270037894,1944.3956002524526,837.7667672753632,1628.9500163279367,1588.6821472770384,False
2021-08-26 09:27:00-07:00,21.01074961871273,25.2,1.7,1024.9072274589348,1943.2851583789159,836.4161970755539,1625.3951820046584,1585.297584252035,False
2021-08-26 09:28:00-07:00,21.117414734507776,25.2,1.1,1025.316743765726,1943.923597541893,830.6830998295893,1614.7844798379867,1575.2374434710616,False
2021-08-26 09:29:00-07:00,21.223577009166522,25.5,1.9,1023.1363114113574,1939.7853944869642,837.1956800608698,1623.9799525096566,1583.915176254057,False
2021-08-26 09:30:00-07:00,21.32923370189407,25.6,1.2,1021.5488101184335,1937.3911817662538,830.1645405088112,1608.353460196805,1569.0605422860374,False
2021-08-26 09:31:00-07:00,21.43438207006833,25.7,1.6,1023.7907637046603,1941.2445785108546,833.2365743074365,1617.515982491268,1577.7992163980264,False
2021-08-26 09:32:00-07:00,21.539019369398112,25.8,2.5,1022.2579537442497,1937.5155122785525,841.528147488801,1630.473839778586,1590.048331754923,False
2021-08-26 09:33:00-07:00,21.64314285311879,25.8,2.2,1020.925397450838,1935.4637364800415,838.911034299196,1623.6818850190582,1583.5829879463079,False
2021-08-26 09:34:00-07:00,21.746749772948807,25.7,1.6,1021.1479880324839,1936.467716218321,833.6228652357173,1614.2837660303826,1574.678146731205,False
2021-08-26 09:35:00-07:00,21.849837379067484,25.8,1.5,1021.0966149819016,1936.2263996679108,832.2719194311068,1611.4668621047933,1572.0022846974139,False
2021-08-26 09:36:00-07:00,21.952402988710375,25.8,1.2,1020.1547717961446,1934.6860703383484,829.4841464136766,1604.7914236330353,1565.6491279691775,False
2021-08-26 09:37:00-07:00,22.054443712348174,25.8,1.3,1021.6451331577582,1937.5430308806926,830.1519304331583,1608.4550873829194,1569.1587066774357,False
2021-08-26 09:38:00-07:00,22.155956865401077,26.0,1.8,1021.429423062734,1936.2951699212197,834.2791680141225,1615.410723391639,1575.7455487362463,False
2021-08-26 09:39:00-07:00,22.256939693724984,26.1,1.4,1019.8808773817287,1933.9553893663076,830.08461817803,1605.346620955475,1566.167932620118,False
2021-08-26 09:40:00-07:00,22.357389442567424,26.2,2.2,1016.8087350561339,1927.9039099145439,837.6070732003474,1614.8259513950272,1575.095155403657,False
2021-08-26 09:41:00-07:00,22.457303356576624,26.1,2.6,1013.5196270566623,1920.9364413443077,842.4880528583514,1618.3660021328162,1578.3733544418344,False
2021-08-26 09:42:00-07:00,22.556678680740294,25.9,1.9,1017.6973161481438,1929.584182574554,836.2006477182208,1613.5195432956757,1573.8747998352476,False
2021-08-26 09:43:00-07:00,22.65551265947434,25.9,1.3,1021.6181017013254,1937.2715530150235,829.7668812044459,1607.4837745913694,1568.2337299608205,False
2021-08-26 09:44:00-07:00,22.75380253756948,26.2,1.3,1022.5143600438236,1938.8479132477516,828.1980694063642,1605.7500986243458,1566.6057557824977,False
2021-08-26 09:45:00-07:00,22.851545560213005,26.3,1.8,1021.0587748034835,1936.3396621579336,832.5736119627071,1612.145306509479,1572.6474076494665,False
2021-08-26 09:46:00-07:00,22.94873897301903,26.3,1.3,1012.4821718339236,1920.291809070233,829.3871014050876,1592.6652573766924,1553.9755433197447,False
2021-08-26 09:47:00-07:00,23.04538008758295,26.3,2.7,1011.9088290157879,1918.2666971064086,842.4904223535951,1616.1213198320143,1576.2132489732048,False
2021-08-26 09:48:00-07:00,23.141466021762255,26.1,1.7,1015.2546500610856,1924.8404730835275,833.8932058200468,1605.1113927917982,1565.8418259403668,False
2021-08-26 09:49:00-07:00,23.236994089456125,26.2,1.9,1012.4265626686699,1919.567156462914,835.7146901770292,1604.210471437405,1564.9268923037707,False
2021-08-26 09:50:00-07:00,23.33196154105178,26.2,2.0,1012.7589681932608,1920.5179927163592,836.4178850755593,1606.3555977173758,1566.9734893925042,False
2021-08-26 09:51:00-07:00,23.42636562846626,26.3,1.9,1010.735164047432,1916.603358363428,835.4311974418978,1601.1902386987215,1562.0267015410413,False
2021-08-26 09:52:00-07:00,23.52020360607635,26.2,2.4,1009.0509913021772,1912.6799018728946,840.968456392555,1608.5034646511117,1568.9217420596879,False
2021-08-26 09:53:00-07:00,23.61347272989764,26.1,2.1,1009.3043478501465,1913.4248551340231,838.6535021080331,1604.7004557787043,1565.3217306177685,False
2021-08-26 09:54:00-07:00,23.706170258521986,26.3,1.4,1008.4146955751592,1912.8408530786664,830.9729150301231,1589.5189396714868,1550.9043976407047,False
2021-08-26 09:55:00-07:00,23.798293453179166,26.6,1.5,1006.046652915886,1907.9614762471604,831.0593972851866,1585.6293144933197,1547.1560904498897,False
2021-08-26 09:56:00-07:00,23.889839577808274,26.5,1.2,1005.4549200425967,1907.5347906987815,828.5334434465258,1580.4563686317094,1542.2386860784986,False
2021-08-26 09:57:00-07:00,23.980805899980908,26.5,1.0,1005.5712082915396,1908.1354656202298,826.4322337437454,1576.9446551381884,1538.9098409636513,False
2021-08-26 09:58:00-07:00,24.07118969012668,26.7,1.8,1004.3874530969923,1905.0093110440794,833.5465715798443,1587.9139800484736,1549.292079098751,False
2021-08-26 09:59:00-07:00,24.160988282484848,26.6,1.9,1003.7218626125515,1903.7559682200847,835.0494214808309,1589.730319902861,1551.002313814297,False
2021-08-26 10:00:00-07:00,24.250198834710083,26.6,1.8,1002.383643237034,1901.1747909845376,834.4091862098616,1586.3577101881117,1547.770985418891,False
2021-08-26 10:01:00-07:00,24.338818689268216,26.7,1.7,1005.8089869868946,1907.702939232283,832.3785920101583,1587.9310865318082,1549.3387915325063,False
2021-08-26 10:02:00-07:00,24.426845133089394,26.6,1.7,1007.2154897910137,1910.2053175653887,832.6780301123564,1590.5860009404962,1551.887804389888,False
2021-08-26 10:03:00-07:00,24.514275457254367,26.7,1.2,1007.1273914602483,1910.2882874454242,827.4323408863817,1580.6343094488045,1542.4384772713424,False
2021-08-26 10:04:00-07:00,24.601106957918123,26.9,1.7,1005.3380210923133,1906.9918657540422,831.4165128927478,1585.5045271400609,1547.0266712568573,False
2021-08-26 10:05:00-07:00,24.68733693641068,27.1,0.9,1005.7880262997398,1908.7771703841138,822.412718060845,1569.8026208680878,1532.1317217235564,False
2021-08-26 10:06:00-07:00,24.772962699348092,27.3,1.8,1005.0859314021106,1906.9141528047207,830.2611797113273,1583.2367941158739,1544.8723254432289,False
2021-08-26 10:07:00-07:00,24.857981559538818,27.2,2.0,1000.4646304860173,1897.5544037413435,833.6357106082045,1581.8691137806427,1543.4679202713853,False
2021-08-26 10:08:00-07:00,24.94239083530409,27.2,1.9,999.1592969564522,1895.0295360842467,832.9998551752582,1578.5593291110142,1540.2962902037239,False
2021-08-26 10:09:00-07:00,25.02618785139182,27.0,1.8,1000.0666304507333,1897.3325381432553,832.6502407035518,1579.8143945796626,1541.5142199436148,False
2021-08-26 10:10:00-07:00,25.109369994670086,27.0,1.2,999.2155962124203,1895.5120284052455,827.3566534107111,1568.2644883211126,1530.5230609062644,False
2021-08-26 10:11:00-07:00,25.191934491547972,27.1,0.9,1000.7809737895029,1899.0791346115425,823.4481308446511,1563.7931637219526,1526.3142299701249,False
2021-08-26 10:12:00-07:00,25.273878743555336,27.3,1.2,1000.8947613703012,1898.8523325893482,825.5203390197536,1567.5412213476084,1529.8731112692587,False
2021-08-26 10:13:00-07:00,25.355200103175388,27.4,2.1,999.2586637611008,1895.5561176460808,833.6416872933879,1580.2146002737825,1541.8741609005149,False
2021-08-26 10:14:00-07:00,25.43589593073321,27.4,2.2,996.7971039565441,1890.6577346544047,835.0579943105829,1578.8088558282973,1540.483661088032,False
2021-08-26 10:15:00-07:00,25.515963594536338,27.3,1.6,993.9556590265678,1885.92421178427,830.4142502347614,1566.0983403284183,1528.3577016620482,False
2021-08-26 10:16:00-07:00,25.595400471017744,27.4,2.0,990.8747493845372,1879.7414471708819,834.2197724934316,1568.117482405367,1530.2058662947065,False
2021-08-26 10:17:00-07:00,25.674203945625617,27.4,1.5,989.4808250940615,1877.229030882747,829.9264927836624,1557.962105752192,1520.529760579406,False
2021-08-26 10:18:00-07:00,25.752371412231277,27.3,1.7,990.9951348403413,1880.2374705195884,831.8906615227065,1564.151993170321,1526.4445922724792,False
2021-08-26 10:19:00-07:00,25.829900274024165,27.3,1.6,990.8539008279256,1880.0898705070385,830.9583637492917,1562.2764024981466,1524.6610622416345,False
2021-08-26 10:20:00-07:00,25.906787943664845,27.4,1.5,992.4462159455873,1882.8385369117516,829.3894749344363,1561.60646551556,1524.055463179722,False
2021-08-26 10:21:00-07:00,25.983031894359932,27.4,0.6,991.397332139571,1881.8611290191075,820.6011633113578,1544.2574316635048,1507.5553543040814,False
2021-08-26 10:22:00-07:00,26.058629456653293,27.8,1.6,988.4853044089036,1875.9358206886172,828.8168808601689,1554.8072755970009,1517.5174208399471,False
2021-08-26 10:23:00-07:00,26.133578124654317,28.1,1.7,988.2278509353787,1875.268354044158,828.3913082152155,1553.4560050612342,1516.2258252529905,False
2021-08-26 10:24:00-07:00,26.207875351970227,28.1,1.7,986.3059792021322,1871.3536382182865,828.8583506278502,1551.0870900150358,1513.9306846677823,False
2021-08-26 10:25:00-07:00,26.281518603219585,28.3,1.8,987.1263252024615,1873.4425009402598,828.3999251812776,1551.9596276103368,1514.783311956947,False
2021-08-26 10:26:00-07:00,26.354505354210325,28.1,1.7,987.4313311929861,1873.9724084244906,828.4406520084067,1552.4749238809493,1515.2789576736734,False
2021-08-26 10:27:00-07:00,26.426833092794865,28.0,1.8,988.5047811373547,1875.5526640949527,829.8288689214701,1556.3877458485642,1519.0149646358082,False
2021-08-26 10:28:00-07:00,26.498499318375778,28.1,1.6,988.8574425720342,1876.6725126757517,827.2809398870214,1552.5354001465337,1515.3666305766383,False
2021-08-26 10:29:00-07:00,26.569501542763064,28.0,2.2,986.9441797215133,1872.8183565537145,833.5215369114838,1561.0344349106915,1523.3989909302486,False
2021-08-26 10:30:00-07:00,26.6398372903611,28.0,0.9,981.8782553458716,1863.873032763213,822.3624100537448,1532.7791192573384,1496.4430243581462,False
2021-08-26 10:31:00-07:00,26.7095040983579,28.3,1.4,980.0798330686981,1860.3485857747828,825.9491961147011,1536.553418913803,1499.9926951700268,False
2021-08-26 10:32:00-07:00,26.778499563603486,28.6,2.2,980.188182543045,1859.7243393375074,831.9317074245422,1547.1636449640314,1510.071179226189,False
2021-08-26 10:33:00-07:00,26.846821157541395,28.4,2.3,977.5780488601439,1855.0009926635041,834.1124454184115,1547.2794142441367,1510.1277108607965,False
2021-08-26 10:34:00-07:00,26.914466504653372,28.2,2.0,976.2733441679427,1852.645984755519,832.6803579220184,1542.661921689016,1505.7128311550853,False
2021-08-26 10:35:00-07:00,26.981433197133956,28.3,2.0,976.4626994237385,1852.7424407992146,832.2798276117933,1542.0001592374238,1505.0849680076126,False
2021-08-26 10:36:00-07:00,27.047718841588015,28.5,2.0,977.0476197477719,1854.049153720979,831.1179741030227,1540.9335765280036,1504.0859708648545,False
2021-08-26 10:37:00-07:00,27.113321059845756,28.6,2.4,975.7511700411383,1851.1829305184208,834.4675927271799,1544.7521637273528,1507.6827240779385,False
2021-08-26 10:38:00-07:00,27.178237488553417,28.5,2.9,979.1612956071463,1857.5107241688145,838.5648171437261,1557.6431407551324,1520.0028643284613,False
2021-08-26 10:39:00-07:00,27.242465779992983,28.4,1.8,978.41553247074,1856.9808755034935,829.4541675847989,1540.2805263116416,1503.4982173195883,False
2021-08-26 10:40:00-07:00,27.306003602287507,28.4,1.2,977.1631165649565,1855.3375037397834,823.9310207115932,1528.670123220819,1492.4411119223942,False
2021-08-26 10:41:00-07:00,27.368848639613503,28.5,1.6,975.8719558445218,1852.6058879116756,827.4474086096601,1532.9339411275148,1496.4650456764005,False
2021-08-26 10:42:00-07:00,27.430998592998257,28.6,1.0,976.2877963374924,1853.8952672886676,821.1626478888139,1522.3495465953026,1486.4138095343708,False
2021-08-26 10:43:00-07:00,27.49245117994032,28.7,2.3,974.4464566163343,1849.2462310505434,833.1241651063929,1540.6517223201276,1503.7637994339486,False
2021-08-26 10:44:00-07:00,27.553204175723028,28.7,1.5,975.2443360784437,1851.2307309250061,825.7744961308151,1528.6991240514778,1492.4230587716854,False
2021-08-26 10:45:00-07:00,27.613255251129143,28.7,1.9,977.0011646258515,1854.418731103881,829.0789838562823,1537.4595972276622,1500.7878958229705,False
2021-08-26 10:46:00-07:00,27.67260221710207,28.7,1.1,979.0595473789374,1858.6049026691637,821.3393826217338,1526.5454032960183,1490.4565470805226,False
2021-08-26 10:47:00-07:00,27.731242862088276,28.8,1.9,975.8797685037723,1852.373791172201,828.7574375008137,1535.1685564655406,1498.58696204635,False
2021-08-26 10:48:00-07:00,27.789174992674244,28.9,2.6,969.5847118300571,1839.9287659486808,835.5496330883944,1537.3518052972029,1500.521595472016,False
2021-08-26 10:49:00-07:00,27.84639643436204,28.7,2.3,969.7333461920314,1839.9876502747702,834.0922868678881,1534.7195070263554,1498.0203246813496,False
2021-08-26 10:50:00-07:00,27.902905031783433,28.6,1.2,973.5933748097984,1848.312115146271,823.7321145188481,1522.5140469002429,1486.5085823258662,False
2021-08-26 10:51:00-07:00,27.958698648926237,28.6,0.7,976.058255034277,1853.487996938256,818.3455841122835,1516.7937174995434,1481.1241495937713,False
2021-08-26 10:52:00-07:00,28.013775169871945,28.9,0.6,974.4672616975544,1850.5756821809464,816.1787872661347,1510.4006160266447,1475.0094082412252,False
2021-08-26 10:53:00-07:00,28.06813249850364,29.2,1.8,972.8298779283823,1846.9229162495417,826.3349765228969,1526.1770046386653,1489.9766984761015,False
2021-08-26 10:54:00-07:00,28.12176855924237,29.1,0.5,972.8160517582808,1847.4847595226486,814.5327688851164,1504.8368766470364,1469.6809844015881,False
2021-08-26 10:55:00-07:00,28.17468133251279,29.2,2.6,967.1329884955043,1835.285304266924,834.5150644016734,1531.5732338857565,1494.9761977787275,False
2021-08-26 10:56:00-07:00,28.2268687135186,28.9,1.7,967.1561296668099,1835.8880487879528,828.0499760090162,1520.2070547541039,1484.176082366021,False
2021-08-26 10:57:00-07:00,28.27832872584678,29.0,1.3,967.9275714410094,1837.847291532527,823.6209346524636,1513.6895040005186,1477.9987469654932,False
2021-08-26 10:58:00-07:00,28.329059378798558,29.0,2.5,961.0411769974346,1824.1150766684034,835.5345272477598,1524.1111282296456,1487.7552828666053,False
2021-08-26 10:59:00-07:00,28.37905870381394,29.0,2.1,963.974776311381,1829.967964295491,831.5435708887046,1521.698095642206,1485.5274048409262,False
2021-08-26 11:00:00-07:00,28.428324754694835,29.1,1.8,965.4692271696182,1833.090038037474,828.0774617752743,1517.9405459036122,1481.9892140895888,False
2021-08-26 11:01:00-07:00,28.476855607832746,29.3,2.3,957.9837007684823,1818.2449101029476,832.98538500885,1514.571436482486,1478.6178869987773,False
2021-08-26 11:02:00-07:00,28.524649362875937,29.4,2.2,956.6866801409815,1816.3146090909177,831.6477612433451,1510.5339783640432,1474.7562804540937,False
2021-08-26 11:03:00-07:00,28.57170414250833,29.6,2.3,956.849279750931,1816.5242021325867,831.5307757277659,1510.4957789275709,1474.7223167158459,False
2021-08-26 11:04:00-07:00,28.61801809311905,29.5,2.1,953.1821990983476,1809.9978474358704,830.7827680773175,1503.715021906759,1468.1989216099091,False
2021-08-26 11:05:00-07:00,28.66358938501335,29.4,2.0,951.3583213334589,1806.0939516205974,830.9469390168507,1500.7682406759834,1465.3516396942996,False
2021-08-26 11:06:00-07:00,28.708416242453982,29.5,2.8,958.7035205983066,1819.5202688894344,836.0248964665278,1521.1642444170384,1484.901215438235,False
2021-08-26 11:07:00-07:00,28.752496824550324,29.4,1.9,956.9875233191295,1816.9471978836202,829.0201364617845,1506.2858139333357,1470.7226300448117,False
2021-08-26 11:08:00-07:00,28.795829405421753,29.4,2.6,956.0960787575283,1814.7575010427818,835.2537036024761,1515.7829238863578,1479.73029359199,False
2021-08-26 11:09:00-07:00,28.838412254089533,29.3,2.3,963.0564546266097,1827.798141550284,832.133820767457,1520.972651119895,1484.8130821123596,False
2021-08-26 11:10:00-07:00,28.880243665001878,29.3,2.4,959.3224275475318,1820.7958591378838,833.5789271656888,1517.777058847886,1481.6951407500635,False
2021-08-26 11:11:00-07:00,28.92132195824357,29.3,2.4,959.7726291193445,1821.5343294885554,833.5537054231887,1518.346689900729,1482.2451730841133,False
2021-08-26 11:12:00-07:00,28.96164548013574,29.3,2.5,959.0214638819368,1820.1820184546457,834.4756725969588,1518.8976140988307,1482.753663039589,False
2021-08-26 11:13:00-07:00,29.001212603058985,29.4,2.7,957.0627567161798,1816.6881266081423,835.8543195882405,1518.4866179700841,1482.3230848500498,False
2021-08-26 11:14:00-07:00,29.04002172605238,29.4,2.2,959.692522554674,1821.7151526221542,831.2604641909453,1514.3197833923705,1478.4178114885356,False
2021-08-26 11:15:00-07:00,29.07807127500297,29.4,1.4,965.0038449714307,1832.6165169918459,822.9753897541746,1508.1982923413022,1472.7167417398477,False
2021-08-26 11:16:00-07:00,29.1153597029352,29.5,1.5,962.564703369102,1827.5717485379448,824.0157749202027,1505.9479505937645,1470.5198054720727,False
2021-08-26 11:17:00-07:00,29.151885514447535,29.8,2.8,953.8316523007754,1810.8965533498988,835.1127772932188,1512.3028500587513,1476.3770568513648,False
2021-08-26 11:18:00-07:00,29.187647168791013,30.0,3.3,959.5422848612716,1820.7788739363132,837.5564718318682,1525.0051296401002,1488.567056295454,False
2021-08-26 11:19:00-07:00,29.222643226688394,29.8,2.7,961.4453215112167,1825.059057996307,833.142880992791,1520.5349615610326,1484.3658914783593,False
2021-08-26 11:20:00-07:00,29.256872252386266,29.7,3.6,957.5724530628685,1816.639949710639,841.8109926261178,1529.2674793101737,1492.5708135732357,False
2021-08-26 11:21:00-07:00,29.290332838590217,30.0,3.1,957.3707568432798,1817.3111041867332,836.0608720407597,1519.3827065357164,1483.1821863279226,False
2021-08-26 11:22:00-07:00,29.323023606657188,30.0,4.3,958.3325115360484,1818.1892343768204,845.3320228983116,1536.97358350769,1499.9116204346406,False
2021-08-26 11:23:00-07:00,29.35494320709707,30.0,4.0,953.626757590034,1809.5304191225093,843.7900431407149,1526.863750415818,1490.2039173400083,False
2021-08-26 11:24:00-07:00,29.38609031943616,29.8,2.9,948.841786766049,1801.0370756309062,836.9305775722353,1507.3429999367838,1471.5478122510244,False
2021-08-26 11:25:00-07:00,29.416463652717063,29.8,2.5,953.1670728685592,1809.5386269974813,832.847042780119,1507.0688942912493,1471.3839219085842,False
2021-08-26 11:26:00-07:00,29.446061945671342,30.0,2.9,954.4560078137911,1811.8512005834298,834.9405998060691,1512.7881281744753,1476.849403825981,False
2021-08-26 11:27:00-07:00,29.474883966893483,30.0,2.0,956.3762029269624,1815.8187296271076,827.0574261617298,1501.7863649016576,1466.4294690419292,False
2021-08-26 11:28:00-07:00,29.50292851528388,30.2,1.8,952.9605470123344,1809.5288207366561,824.8890963792628,1492.6605938096932,1457.6757369774932,False
2021-08-26 11:29:00-07:00,29.53019443796807,30.4,3.0,955.1740357776541,1813.3060647767682,833.6298830693364,1511.6261227487757,1475.7608990581182,False
2021-08-26 11:30:00-07:00,29.55668055813015,30.2,2.3,954.5417609121155,1812.7206691994668,828.7584100090968,1502.3074995963757,1466.8905669312858,False
2021-08-26 11:31:00-07:00,29.582385784858197,30.2,3.7,958.5859397834939,1818.8452328479484,839.8474443718953,1527.552520515355,1490.9662877990281,False
2021-08-26 11:32:00-07:00,29.60730903965503,30.3,3.8,959.3873161971749,1820.275377982885,840.0220952260713,1529.0715369016118,1492.4265422063206,False
2021-08-26 11:33:00-07:00,29.631449275378472,30.2,3.9,956.9487500775042,1815.5364794628856,841.693354550676,1528.1249897082407,1491.4722201040574,False
2021-08-26 11:34:00-07:00,29.654805476143068,30.2,3.0,952.5446351415301,1807.873446108234,835.2447339469311,1510.0167755043935,1474.1686189032037,False
2021-08-26 11:35:00-07:00,29.67737665770842,30.4,3.6,949.8294405135726,1802.47167422642,839.4454469716361,1513.0766402247104,1477.016382327659,False
2021-08-26 11:36:00-07:00,29.69916186761939,30.4,3.6,949.833939254687,1802.4790941188783,839.4452317579332,1513.0824809014514,1477.0220210264597,False
2021-08-26 11:37:00-07:00,29.720160185346103,30.4,2.0,951.2659269658476,1806.603079791843,825.7961116950991,1491.8857986684945,1456.905807089846,False
2021-08-26 11:38:00-07:00,29.74037072261405,30.9,3.2,952.9008640184777,1809.201667398011,833.0531740016687,1507.1611914350244,1471.4678888653132,False
2021-08-26 11:39:00-07:00,29.759792623339113,30.9,4.1,957.5460664937939,1816.949680720235,839.5443828668301,1525.4098984003538,1488.9078678461315,False
2021-08-26 11:40:00-07:00,29.77842507617684,31.0,4.2,955.8840191669979,1813.839020910385,840.0288502986059,1523.6771073620998,1487.224942186877,False
2021-08-26 11:41:00-07:00,29.79626726519577,31.0,3.9,956.7792559131294,1816.0989541420097,837.440096394479,1520.8740832185972,1484.5862428036005,False
2021-08-26 11:42:00-07:00,29.81331844496619,31.1,4.3,955.6004656108684,1813.468106843702,840.2298124039784,1523.7299672138813,1487.2709151787433,False
2021-08-26 11:43:00-07:00,29.82957789031543,31.2,3.0,953.3437479064842,1810.3421480208997,829.8243038560236,1502.2659127226611,1466.8242731520354,False
2021-08-26 11:44:00-07:00,29.84504490905047,31.5,4.5,953.3480365667892,1809.532779435035,839.9075665359431,1519.840273342302,1483.5280207626195,False
2021-08-26 11:45:00-07:00,29.85971884220333,31.2,3.9,954.8773016473016,1812.5571595132744,836.7466282606966,1516.651091752518,1480.5306738259558,False
2021-08-26 11:46:00-07:00,29.87359906414529,31.2,3.0,954.1605124391907,1811.6851054316016,829.7822017741676,1503.3040557064994,1467.826982355036,False
2021-08-26 11:47:00-07:00,29.88668498266875,31.3,4.5,955.6231794759393,1813.692322665314,840.5926385158944,1524.576414965257,1488.0780863442442,False
2021-08-26 11:48:00-07:00,29.898976039203383,31.2,3.6,958.9437327393448,1820.299520327412,833.8363928000883,1517.8319858455402,1481.7417360505488,False
2021-08-26 11:49:00-07:00,29.910471708786663,31.4,3.3,956.6374523159661,1816.3446503572416,830.759465619744,1508.945511112063,1473.245785034657,False
2021-08-26 11:50:00-07:00,29.921171500250804,31.4,2.7,953.8493248840273,1811.2456263769466,826.4025115675627,1496.817934703672,1461.6510213027693,False
2021-08-26 11:51:00-07:00,29.931074962681638,31.5,3.5,952.299071055279,1807.952709115975,832.5914448056353,1505.2859582231322,1469.6701123002258,False
2021-08-26 11:52:00-07:00,29.94018165945015,31.5,4.4,955.519709155748,1813.2938124840803,839.0280293156492,1521.4043340587784,1485.0581594112243,False
2021-08-26 11:53:00-07:00,29.948491208218822,31.4,4.0,953.4171829120348,1809.582477145361,836.8393795333442,1514.3298773887361,1478.2895683444492,False
2021-08-26 11:54:00-07:00,29.956003253804063,31.3,3.4,951.9725198763933,1807.5034052796934,832.7760578537669,1505.2455604060829,1469.6265973466316,False
2021-08-26 11:55:00-07:00,29.96271747525554,31.5,4.2,951.5248843999664,1806.1052873128972,838.0506953661383,1513.6077919370325,1477.5631535865816,False
2021-08-26 11:56:00-07:00,29.968633585831284,31.4,3.4,951.0948921797443,1805.8529970798816,832.4285745701496,1503.2436362424385,1467.703684136492,False
2021-08-26 11:57:00-07:00,29.973751333137706,31.4,3.5,947.8230421723505,1799.2715828404523,833.8948258936069,1500.403263308054,1464.9271988268601,False
2021-08-26 11:58:00-07:00,29.978070499147826,31.6,4.6,949.8926248788475,1802.4015263358328,840.927851651168,1515.6896433543782,1479.4998881738782,False
2021-08-26 11:59:00-07:00,29.981590900222088,31.5,3.3,951.6929599422187,1806.775283336501,831.1774586802034,1501.7508884098374,1466.2941260353068,False
2021-08-26 12:00:00-07:00,29.98431238716218,31.5,2.9,954.0635629970865,1811.3192925489625,827.6339213048832,1499.1092888274845,1463.8320635115444,False
2021-08-26 12:01:00-07:00,29.986234845244752,31.6,4.5,955.8910965816456,1813.9996907896975,839.1918957941863,1522.2938394838739,1485.9118659485819,False
2021-08-26 12:02:00-07:00,29.987358194725495,31.6,3.5,953.4252782397555,1810.0697109462942,831.9314513019465,1505.8539215852456,1470.234304136339,False
2021-08-26 12:03:00-07:00,29.98768238837939,31.7,4.7,950.0307557467584,1802.7155270172382,841.0902335331355,1516.246423612738,1480.032841142379,False
2021-08-26 12:04:00-07:00,29.987207416021523,31.8,3.3,952.6168650608577,1808.9008561359756,829.3987026748331,1500.3000233465727,1464.937815426027,False
2021-08-26 12:05:00-07:00,29.98593330097266,31.8,1.5,954.2939485461931,1813.0913550658704,813.7800357082658,1475.457547667852,1441.3372003403167,False
2021-08-26 12:06:00-07:00,29.98386010106729,32.0,1.9,956.5880883828452,1817.2062666841712,815.996890944383,1482.834663818933,1448.4068408143473,False
2021-08-26 12:07:00-07:00,29.980987908656964,32.2,2.4,956.3675895168825,1816.2941845739272,819.5079338619759,1488.4674944857013,1453.759533215159,False
2021-08-26 12:08:00-07:00,29.977316850559273,32.2,2.8,956.8704024259521,1817.3241580721467,822.6524985774039,1495.0262593631285,1460.0135874458763,False
2021-08-26 12:09:00-07:00,29.97284708806871,32.6,2.2,954.9653577260326,1814.3879447622382,815.7965939511905,1480.171505443135,1445.840338643102,False
2021-08-26 12:10:00-07:00,29.967578816916575,32.9,3.5,956.3825296302268,1816.198754257131,824.9025857356551,1498.187048596583,1463.0089953039997,False
2021-08-26 12:11:00-07:00,29.961512267218538,32.5,4.3,955.2710768426317,1813.2914167707006,833.2939936158318,1511.0048462701668,1475.1698838399361,False
2021-08-26 12:12:00-07:00,29.954647703459713,32.3,2.4,955.1105542213559,1814.020424800195,819.1882964897907,1486.0243015897581,1451.408755551263,False
2021-08-26 12:13:00-07:00,29.946985424377377,32.2,1.8,957.5068474830538,1819.4106260860578,813.7894239604558,1480.6171253501054,1446.319235106212,False
2021-08-26 12:14:00-07:00,29.9385257570494,32.3,2.7,957.9869416921501,1819.348247575653,821.2122406416523,1494.0710508990653,1459.1268472648499,False
2021-08-26 12:15:00-07:00,29.92926907999908,32.6,3.8,956.6512166995644,1816.2568724362195,828.7804280885623,1505.2781482564835,1469.7563077847794,False
2021-08-26 12:16:00-07:00,29.91921578910878,32.6,3.0,955.1850894751942,1813.9347299616113,822.6735797195636,1492.2761776751586,1457.3587691361806,False
2021-08-26 12:17:00-07:00,29.90836631969737,32.6,2.1,956.3243210386935,1816.9960401683043,814.7021643712184,1480.3106065790507,1446.0011571597765,False
2021-08-26 12:18:00-07:00,29.89672114097461,32.7,3.4,958.8483854612614,1821.1026914975637,824.601668722901,1501.6843183246572,1466.3912724757151,False
2021-08-26 12:19:00-07:00,29.884280756054686,32.7,3.8,958.5409887832385,1819.9179865979866,827.9556810809488,1506.8114361052053,1471.2559609210982,False
2021-08-26 12:20:00-07:00,29.871045701783014,32.7,2.5,958.3980570547046,1820.4321277587585,817.4246889904299,1488.06616586139,1453.4228203189627,False
2021-08-26 12:21:00-07:00,29.85701654865182,32.7,4.4,959.7006971712539,1821.7142748366925,832.3330167418096,1516.2729380164426,1480.2752429089596,False
2021-08-26 12:22:00-07:00,29.842193900716023,32.5,3.0,959.9125126302051,1823.1391381757344,822.2612825631702,1499.0967260474922,1463.9515902373823,False
2021-08-26 12:23:00-07:00,29.826578395370888,32.6,2.9,960.7690238084259,1824.4476838375376,820.9757909600536,1497.8273803037605,1462.758049066232,False
2021-08-26 12:24:00-07:00,29.81017070338642,32.8,3.1,960.9345643757161,1824.993810503245,821.4625145255584,1499.1640045695763,1464.03609422939,False
2021-08-26 12:25:00-07:00,29.792971516873777,32.7,4.2,960.0090140139706,1822.839916114765,830.5997578483667,1514.0503929212607,1478.1742938321604,False
2021-08-26 12:26:00-07:00,29.774981595843887,32.3,4.6,961.56596334957,1824.9839240291785,835.51951239343,1524.8096783307076,1488.4292913336205,False
2021-08-26 12:27:00-07:00,29.756201698900917,32.0,3.7,962.0637485982659,1826.089860245388,830.2633060506212,1516.135404512853,1480.193836676924,False
2021-08-26 12:28:00-07:00,29.73663262854231,31.9,1.9,964.1624519080484,1831.3291448861105,815.253464528183,1492.9974300598362,1458.236075120493,False
2021-08-26 12:29:00-07:00,29.716275219977128,32.3,2.9,964.3329937104301,1830.9323622781505,821.9565077852112,1504.9467704890758,1469.6044103721786,False
2021-08-26 12:30:00-07:00,29.695130340792602,32.4,3.3,962.6023148514918,1828.038157265148,824.7499098800598,1507.6743054617411,1472.1674411093265,False
2021-08-26 12:31:00-07:00,29.67319889084896,32.2,2.3,959.8024554593705,1823.074213682942,817.9622357348936,1491.2058597347325,1456.4405735542937,False
2021-08-26 12:32:00-07:00,29.650481802141723,32.2,2.2,960.9727446012948,1825.0836656856627,817.0111202813767,1491.113650309085,1456.3747584775751,False
2021-08-26 12:33:00-07:00,29.62698003845131,32.4,5.2,962.1132256028591,1825.8993753740817,839.1346136101846,1532.1753668456074,1495.441243732253,False
2021-08-26 12:34:00-07:00,29.602694595423806,32.0,5.3,958.275511977189,1818.180454259711,842.5212929247626,1531.855747093424,1495.0484261970075,False
2021-08-26 12:35:00-07:00,29.5776265002102,32.0,5.1,960.6772494972082,1822.8225621574995,840.7765462585382,1532.586458252922,1495.7965139030175,False
2021-08-26 12:36:00-07:00,29.551776793713227,32.2,3.3,960.8299001289658,1824.3149732648671,826.177019311374,1507.207106897077,1471.6815139422688,False
2021-08-26 12:37:00-07:00,29.525146600322483,32.3,2.3,960.8585528248515,1825.0572182304636,817.3018253354996,1491.622595801487,1456.858955741744,False
2021-08-26 12:38:00-07:00,29.497737023462456,32.7,4.1,962.7901644348325,1827.8674985429732,829.5426297919995,1516.294011652662,1480.3646757450174,False
2021-08-26 12:39:00-07:00,29.469549214546177,32.4,5.1,962.8408705581132,1826.8157491216798,838.5614423021588,1531.8972494037746,1495.1874359646836,False
2021-08-26 12:40:00-07:00,29.440584355449396,32.1,2.7,961.6172513521337,1826.1989245633483,821.5830916832966,1500.374158471467,1465.2010132803102,False
2021-08-26 12:41:00-07:00,29.410843658364186,32.2,1.3,959.7939473545334,1823.6031135670012,809.0100660538496,1475.3132753628456,1441.3130606781028,False
2021-08-26 12:42:00-07:00,29.380328365632455,32.5,3.7,961.0947519399771,1824.6841603999883,827.7986556997889,1510.4710950558083,1474.7905993866364,False
2021-08-26 12:43:00-07:00,29.349039749272233,32.4,6.5,960.6039595218983,1821.6258850957408,848.3240408005287,1545.3290316712587,1507.8894568939616,False
2021-08-26 12:44:00-07:00,29.316979111104164,32.5,5.7,960.9381921050181,1823.4282364706348,842.2349702317136,1535.7550264635113,1498.8146202343735,False
2021-08-26 12:45:00-07:00,29.28414778227146,32.7,5.7,960.6529190624996,1822.553754260179,841.4636770655474,1533.612783709388,1496.7687678869784,False
2021-08-26 12:46:00-07:00,29.250547123072472,32.7,5.7,959.832392237922,1821.197180317246,841.4932196352048,1532.525078855716,1495.719415190394,False
2021-08-26 12:47:00-07:00,29.216178499459495,32.8,5.8,960.6703680752738,1822.649477715415,841.5924993249677,1533.9281293438632,1497.069551109255,False
2021-08-26 12:48:00-07:00,29.181043375238414,32.7,5.0,963.3877672073697,1828.3437422180705,836.1195964510416,1528.7140319171604,1492.1792259831823,False
2021-08-26 12:49:00-07:00,29.14514317391287,32.6,5.7,960.9815011135449,1823.2987190258245,841.8426286961778,1534.9305865230738,1498.0296856246541,False
2021-08-26 12:50:00-07:00,29.10847936985296,32.4,4.4,960.4420690952409,1822.7936653680658,833.820012846037,1519.8818374728753,1483.7191744738875,False
2021-08-26 12:51:00-07:00,29.07105346529536,32.6,3.8,960.5868300487002,1823.9646537877018,828.0355932313053,1510.3076541320322,1474.6270739795002,False
2021-08-26 12:52:00-07:00,29.032866990149962,32.9,6.0,962.7733960823829,1826.456876668106,842.1580325380228,1538.1653297703544,1501.1400063875806,False
2021-08-26 12:53:00-07:00,28.99392150145906,32.5,3.3,959.233078021203,1821.8213312894911,824.7419211634178,1502.5324247841902,1467.206223061856,False
2021-08-26 12:54:00-07:00,28.95421858352132,32.4,3.6,960.2257240842135,1823.1383689368051,827.6224646884036,1508.8702703674749,1473.2505307293125,False
2021-08-26 12:55:00-07:00,28.913759847355312,32.8,5.6,960.2045102351932,1821.8103992177773,840.3481527952375,1530.9550037258134,1494.2343343784298,False
2021-08-26 12:56:00-07:00,28.87254693048101,32.5,5.7,957.6883084729972,1817.2912104927107,842.7036524798441,1531.4379407017245,1494.6410724430189,False
2021-08-26 12:57:00-07:00,28.83058149671425,32.2,3.3,958.5422361849061,1819.7943470680577,826.637194382978,1504.3096934143423,1468.874583043427,False
2021-08-26 12:58:00-07:00,28.78786523556975,32.3,4.8,959.5110621099757,1820.659750029367,837.428643576373,1524.672624881191,1488.2496059194855,False
2021-08-26 12:59:00-07:00,28.74439983302841,32.3,4.2,960.7577875395631,1823.669640745894,832.6897120039505,1518.5509479430466,1482.4636037975713,False
2021-08-26 13:00:00-07:00,28.700187088045492,32.2,3.3,962.8344854089925,1828.3713864699446,825.7308148848412,1509.7425948619546,1474.1387864210176,False
2021-08-26 13:01:00-07:00,28.6552287374205,32.1,3.3,966.6980663142697,1835.3974032398564,825.7131207440132,1515.51171763464,1479.7048776251058,False
2021-08-26 13:02:00-07:00,28.609526571707267,32.2,3.2,969.8118930032238,1841.1844414609436,823.9776129365051,1517.094761050821,1481.2749813211751,False
2021-08-26 13:03:00-07:00,28.563082405627707,32.6,3.0,971.7317327289835,1845.5414011707294,819.7998780024828,1512.9746155282953,1477.403524612955,False
2021-08-26 13:04:00-07:00,28.515898078332665,32.7,5.0,973.01011552109,1846.6873569132633,834.6027616488072,1541.250367981746,1504.3037190949096,False
2021-08-26 13:05:00-07:00,28.467975452704966,32.5,4.6,972.354968593156,1845.5864132657052,832.8044851846719,1537.012642763571,1500.263485790578,False
2021-08-26 13:06:00-07:00,28.41931641518086,32.5,4.4,972.2385369433848,1845.2479445458277,831.441555694892,1534.215821655985,1497.6010827174002,False
2021-08-26 13:07:00-07:00,28.369922875496446,32.5,4.1,972.6455507950801,1846.502777110979,828.9664051680285,1530.6887692744695,1494.2620479173265,False
2021-08-26 13:08:00-07:00,28.31979676602323,32.6,3.3,973.4518844823899,1848.175619298868,822.1791473855909,1519.53145489398,1483.6701592864886,False
2021-08-26 13:09:00-07:00,28.268940042010076,32.9,5.1,975.2593433797337,1850.2661765527748,834.2879462061825,1543.6547683709805,1506.6294271985407,False
2021-08-26 13:10:00-07:00,28.21735464605174,33.2,4.8,974.3508054216398,1849.2560934012577,830.5680097402801,1535.9329529963682,1499.2786016977623,False
2021-08-26 13:11:00-07:00,28.16504264672859,33.3,3.3,973.4672826472455,1848.696471051878,818.5570178929833,1513.2634703335068,1477.7129506282354,False
2021-08-26 13:12:00-07:00,28.112006030824237,33.2,4.1,973.2491555854748,1847.722964481174,825.4403860240348,1525.185157066814,1489.0423935961671,False
2021-08-26 13:13:00-07:00,28.05824684050034,32.9,4.2,973.3440014475345,1847.5973435591602,827.7554934705126,1529.3588508526211,1493.0098203582777,False
2021-08-26 13:14:00-07:00,28.003767139212478,32.7,3.6,973.4756066952039,1848.2682724175102,824.0038292182502,1522.9801338946284,1486.9513883712405,False
2021-08-26 13:15:00-07:00,27.94856901099374,32.6,3.7,972.3355042373137,1845.7032898087916,825.6212178883616,1523.8517979924902,1487.7518827017552,False
2021-08-26 13:16:00-07:00,27.892654560221956,32.8,3.4,973.9340615078695,1849.3608797069808,821.7922114097302,1519.7903670290436,1483.9295235035322,False
2021-08-26 13:17:00-07:00,27.83602591142489,33.2,3.6,974.2974268608019,1849.7790558026684,821.4622048065806,1519.5235815846947,1483.6803620608723,False
2021-08-26 13:18:00-07:00,27.77868520849545,33.2,5.2,974.6734859734528,1849.7437376640785,833.3437773778678,1541.472433526039,1504.5494610378892,False
2021-08-26 13:19:00-07:00,27.720634615024622,33.0,6.1,973.8277862511827,1847.2664221550958,840.7608539681819,1553.1092945978662,1515.5782235830031,False
2021-08-26 13:20:00-07:00,27.661876313544088,32.6,6.6,972.7143658643171,1845.059170624197,846.0157355170322,1560.9490913080754,1522.9986888490396,False
2021-08-26 13:21:00-07:00,27.602412465190255,32.3,5.0,973.9973270251689,1847.896840129647,836.6876848648759,1546.1125290371942,1508.9379905944177,False
2021-08-26 13:22:00-07:00,27.542245369466386,32.5,3.4,973.5068984866131,1848.0593958055622,823.5382646653132,1521.9476278201398,1485.9670545622414,False
2021-08-26 13:23:00-07:00,27.481377224201836,32.7,4.5,973.4720345982678,1847.9400505651042,830.8397010734353,1535.3419592131402,1498.7019689045171,False
2021-08-26 13:24:00-07:00,27.41981028493849,33.1,3.9,975.418239234959,1851.6037282390294,824.1863989991211,1526.0666091506728,1489.9237784445804,False
2021-08-26 13:25:00-07:00,27.357546824511857,33.4,4.5,977.2959596578058,1855.2325554179783,826.827251451076,1533.9568345988032,1497.4669255519427,False
2021-08-26 13:26:00-07:00,27.294589132823948,33.3,5.1,978.5110436200093,1856.7985672498178,831.6875003835121,1544.2761591116875,1507.2939496113743,False
2021-08-26 13:27:00-07:00,27.230939516630244,32.9,5.6,977.3428086671639,1854.3836465946065,837.2733146852707,1552.6259424824257,1515.2007647249766,False
2021-08-26 13:28:00-07:00,27.166600298765285,32.9,5.2,976.7659537183736,1853.0424410070207,834.7794709015773,1546.881788462008,1509.727609083654,False
2021-08-26 13:29:00-07:00,27.101573818480034,33.1,5.1,978.2955511334048,1856.0915430287087,832.8233007457237,1545.7962853513927,1508.7306470588771,False
2021-08-26 13:30:00-07:00,27.03586243068395,33.2,5.5,976.3630898897975,1852.6294439024557,835.2559066625041,1547.4196858763964,1510.234044398472,False
2021-08-26 13:31:00-07:00,26.969468505705617,33.2,5.7,973.7709863021078,1847.6776921811274,836.9831077655715,1546.475016950879,1509.2799242806414,False
2021-08-26 13:32:00-07:00,26.902394383892094,32.9,6.7,975.1033274873196,1849.1326862093968,845.0428159324921,1562.5962921872022,1524.6103769347449,False
2021-08-26 13:33:00-07:00,26.834642555159373,32.8,6.3,976.3925524787882,1851.6729046849218,842.8251172307148,1560.6364329640076,1522.7786638450198,False
2021-08-26 13:34:00-07:00,26.76621538952945,32.8,5.6,977.6498254291434,1854.6181047996292,837.8682222300691,1553.9255743841654,1516.4381482971035,False
2021-08-26 13:35:00-07:00,26.69711531578714,32.9,5.5,978.7357804252676,1857.1660603323235,836.3348708156227,1553.2127371511929,1515.7900452597673,False
2021-08-26 13:36:00-07:00,26.627344776501538,33.0,5.2,980.4078015650266,1860.077695729647,833.6813762534688,1550.7121333142734,1513.4472268056393,False
2021-08-26 13:37:00-07:00,26.556906227854828,32.9,4.1,980.1043933981008,1860.389013971903,825.9484415340597,1536.5854067371793,1500.0235577528535,False
2021-08-26 13:38:00-07:00,26.485802138779196,33.2,6.1,982.4483921382505,1863.575387156375,838.5462615844918,1562.6941740808504,1524.870224113478,False
2021-08-26 13:39:00-07:00,26.414034991448275,33.1,6.3,982.10919686284,1862.5134333286242,840.5414284561265,1565.5197017687663,1527.5415755481035,False
2021-08-26 13:40:00-07:00,26.341607280398126,33.0,5.0,981.49134208897,1862.8104569571174,831.8292432134374,1549.5402126607164,1512.3645261492638,False
2021-08-26 13:41:00-07:00,26.26852151236689,33.2,3.6,983.9448145113967,1868.3819636658168,819.7463846046335,1531.5993597755592,1495.370726948789,False
2021-08-26 13:42:00-07:00,26.194780206108447,33.3,4.3,986.2657013642314,1872.323983299417,824.3984462803454,1543.540982765467,1506.7688912212432,False
2021-08-26 13:43:00-07:00,26.120385891515124,33.1,4.5,985.3175043926025,1869.8161414685803,827.2988275421393,1546.8967015563233,1509.9308268839432,False
2021-08-26 13:44:00-07:00,26.045341059601327,32.9,5.4,985.4287116860894,1869.9241210364562,834.6214211247703,1560.6787272949343,1523.0282273839684,False
2021-08-26 13:45:00-07:00,25.969648363357237,33.0,4.0,986.6694672257363,1872.6249199150232,823.7500108270237,1542.5747980549547,1505.853702012771,False
2021-08-26 13:46:00-07:00,25.89331031565557,33.3,6.1,986.2881936214341,1871.2510196025985,837.3214077990369,1566.838538079031,1528.8943980169443,False
2021-08-26 13:47:00-07:00,25.816329489919838,33.3,5.7,988.5863534170094,1875.1466754683254,834.5665169283872,1564.9346296754452,1527.1304037134196,False
2021-08-26 13:48:00-07:00,25.738708469148992,33.0,4.1,989.6915570722074,1878.6988848442913,823.867635402051,1547.7992078891364,1510.8875143853536,False
2021-08-26 13:49:00-07:00,25.660449846467632,33.1,6.5,991.0394632918762,1879.8196704305403,840.3360336302873,1579.6802057897942,1541.1870146233457,False
2021-08-26 13:50:00-07:00,25.581556224263572,33.2,6.6,990.5552221965022,1878.2968859356522,840.8179982913955,1579.305827829377,1540.8140378524083,False
2021-08-26 13:51:00-07:00,25.502030214008432,33.2,6.4,990.255419190065,1878.0429728748568,839.46609056157,1576.553392345885,1538.197810464102,False
2021-08-26 13:52:00-07:00,25.42187443597238,33.0,4.7,990.910648537181,1880.6364856501712,828.2581500509541,1557.652496522939,1520.2737825798517,False
2021-08-26 13:53:00-07:00,25.3410915190656,33.0,3.1,992.621599555246,1884.4704833495775,815.4499917854853,1536.6914401674026,1500.3892445917354,False
2021-08-26 13:54:00-07:00,25.259684099959152,33.0,4.3,996.270677835868,1890.6262035041582,824.5531668390593,1558.9218234082612,1521.591334408954,False
2021-08-26 13:55:00-07:00,25.17765476845796,33.1,4.7,998.2207609851944,1894.4523907317741,826.6479941831794,1566.04526887395,1528.4027839641992,False
2021-08-26 13:56:00-07:00,25.095006287073222,33.3,3.9,997.3496707571719,1893.179745653918,819.6666769885758,1551.7763510622237,1514.827846482762,False
2021-08-26 13:57:00-07:00,25.01174126098281,33.5,4.6,996.5040486483625,1890.9099926595723,824.3748783921948,1558.8186952493206,1521.4964757431273,False
2021-08-26 13:58:00-07:00,24.92786235673432,33.2,4.6,1000.5798708063907,1898.2380416702622,825.361202542368,1566.7320327846373,1529.0974420816012,False
2021-08-26 13:59:00-07:00,24.84337224811431,33.0,4.7,1002.0251982102552,1901.385393595155,826.6577364250116,1571.7949455409505,1533.9426277895811,False
2021-08-26 14:00:00-07:00,24.758273615215945,32.8,5.4,999.464030298417,1895.723448050919,833.3333643142653,1579.7695987737116,1541.453474012153,False
2021-08-26 14:01:00-07:00,24.672569144340617,32.8,3.6,997.2781451538449,1893.1048426489792,819.7409004333236,1551.8554683277598,1514.9022363106076,False
2021-08-26 14:02:00-07:00,24.586261527708594,33.1,3.6,998.6716821782784,1895.9804827884216,817.953044208521,1550.8230076567309,1513.9521849225955,False
2021-08-26 14:03:00-07:00,24.499353463362134,33.2,4.6,1001.030233994856,1899.7733483383658,824.994356169052,1567.3022903795343,1529.6563276513139,False
2021-08-26 14:04:00-07:00,24.41184765421903,33.1,3.8,1000.792048322645,1899.3723156480844,819.4454694310664,1556.432038820616,1519.3213906687602,False
2021-08-26 14:05:00-07:00,24.32374680880575,33.0,3.4,999.8111526622995,1897.8045056428314,816.8020208428192,1550.130555373672,1513.3137435261265,False
2021-08-26 14:06:00-07:00,24.23505358065699,32.9,3.1,1000.3961072164035,1899.4276694324114,814.5312891688936,1547.143268265849,1510.4909915606238,False
2021-08-26 14:07:00-07:00,24.145770806511635,32.9,3.8,1001.6613463424917,1901.2453460880831,820.1775763624285,1559.3588000248703,1522.1238364785895,False
2021-08-26 14:08:00-07:00,24.05590114937066,33.0,3.6,1001.5841709788073,1900.9489590319972,818.1967054726292,1555.3501755516043,1518.3102517259574,False
2021-08-26 14:09:00-07:00,23.965447335074884,33.3,4.1,1000.0762483303112,1898.342202154173,820.7609580436922,1558.0851645348314,1520.8813920640364,False
2021-08-26 14:10:00-07:00,23.87441209377343,33.3,4.6,1001.1942868929876,1899.8160828463754,824.5998986119841,1566.5881492965377,1528.9782522761905,False
2021-08-26 14:11:00-07:00,23.78279815901896,33.3,4.4,1001.9475405653918,1901.6511422838535,822.8249834793678,1564.7260697332326,1527.2291778029523,False
2021-08-26 14:12:00-07:00,23.69060826765087,33.1,4.5,1001.8495496347437,1900.9939176392706,824.7577698801704,1567.8595040679331,1530.199312016031,False
2021-08-26 14:13:00-07:00,23.597845159784374,33.0,4.5,1002.450376019992,1902.199726591794,825.1186659349574,1569.5405007472618,1531.8098508398305,False
2021-08-26 14:14:00-07:00,23.50451157779789,32.8,4.0,1002.1297579881614,1901.666742675718,822.3369340113959,1563.8107986833884,1526.359580140985,False
2021-08-26 14:15:00-07:00,23.41061026718882,33.0,3.8,1001.5977321212894,1900.9128605846552,819.7937221663494,1558.3564294925775,1521.167455419873,False
2021-08-26 14:16:00-07:00,23.31614397563794,32.9,4.1,999.9387926937911,1897.426555454041,823.0084220704572,1561.5980353988132,1524.2099276124368,False
2021-08-26 14:17:00-07:00,23.221115389001298,33.1,3.5,1000.3133789430509,1898.7703413996717,817.0270002850222,1551.346636263941,1514.480445564208,False
2021-08-26 14:18:00-07:00,23.125527386571644,33.1,3.0,1000.7481156028757,1899.631883204869,812.8715711557251,1544.1567535182508,1507.6531825653647,False
2021-08-26 14:19:00-07:00,23.029382657772533,33.1,3.2,1002.8493775323708,1903.8342199241836,814.0703372635913,1549.8549655076463,1513.1171740581547,False
2021-08-26 14:20:00-07:00,22.932683957517924,33.0,3.4,1006.1675546879655,1909.7376192089143,815.7922327940723,1557.949116425276,1520.8766132742091,False
2021-08-26 14:21:00-07:00,22.83543404157242,32.9,3.0,1010.304648930405,1917.7032721909825,812.2382031473493,1557.6318599741958,1520.6611682883397,False
2021-08-26 14:22:00-07:00,22.73763566724329,32.9,3.0,1013.5156283343365,1923.7120231712545,811.7238817409161,1561.5229908002418,1524.425210535694,False
2021-08-26 14:23:00-07:00,22.639291592231114,33.0,2.2,1016.4394005025089,1929.5080888410414,803.6825194661437,1550.711922170072,1514.20646263083,False
2021-08-26 14:24:00-07:00,22.540404574444825,33.3,3.1,1015.3537013837386,1927.4570432472779,810.1928980250065,1561.6120076872226,1524.5500484523166,False
2021-08-26 14:25:00-07:00,22.440977372665674,33.1,3.2,1017.3380882636241,1930.7414868856104,811.8626593584648,1567.4969180766684,1530.17978146873,False
2021-08-26 14:26:00-07:00,22.341012745667506,33.2,2.8,1018.6389445337402,1933.883908296136,807.4960817166691,1561.6036784440485,1524.6107777097975,False
2021-08-26 14:27:00-07:00,22.240513452144302,33.3,4.1,1017.1755279996767,1930.0744324310217,818.288514090982,1579.357739398976,1541.4443228700404,False
2021-08-26 14:28:00-07:00,22.139482250724537,33.2,4.1,1013.4507074283605,1922.9439033595143,819.4079182809196,1575.6754608228052,1537.8676600966553,False
2021-08-26 14:29:00-07:00,22.037921830729523,33.3,2.9,1015.4716864469627,1927.6290948627693,808.5112742233044,1558.5098557174128,1521.6023920145212,False
2021-08-26 14:30:00-07:00,21.935835085897935,33.2,2.9,1016.3779281789265,1929.3350848676364,808.8476303387589,1560.5381115246162,1523.5491197266717,False
2021-08-26 14:31:00-07:00,21.83322470477763,33.2,4.7,1017.815588688309,1930.893966184042,823.3829298453758,1589.8651310973742,1551.434570078065,False
2021-08-26 14:32:00-07:00,21.73009344284564,32.9,5.2,1016.3452464756025,1927.4565708713471,828.9737003623283,1597.810805842905,1558.9412648962116,False
2021-08-26 14:33:00-07:00,21.626444054523144,32.8,4.2,1015.9457228368398,1927.4839879050965,821.7963341085416,1583.999275313321,1545.8254142613498,False
2021-08-26 14:34:00-07:00,21.522279292285695,32.8,5.1,1018.3430723475253,1931.1064510177061,828.4924767407778,1599.907166453753,1560.9723823947645,False
2021-08-26 14:35:00-07:00,21.41760190760539,32.7,5.3,1017.0320831586677,1928.5483659118881,830.6356014114485,1601.9209317702876,1562.8553810405058,False
2021-08-26 14:36:00-07:00,21.3124146499992,32.9,3.4,1014.7555471123882,1926.021535119779,814.8410295464486,1569.401370605632,1531.9389865477233,False
2021-08-26 14:37:00-07:00,21.206720267071567,33.2,5.0,1011.7720516768898,1919.150354811538,826.6430178982358,1586.4522411018797,1548.0629210105974,False
2021-08-26 14:38:00-07:00,21.100521504539106,33.0,4.8,1010.2204199592987,1916.396835467789,826.3264889579691,1583.569468502261,1545.2943663646397,False
2021-08-26 14:39:00-07:00,20.99382110525693,32.8,3.5,1008.8708400588641,1914.9799452511097,817.0696891199617,1564.6720685372852,1527.3240932366361,False
2021-08-26 14:40:00-07:00,20.886621738210586,33.2,2.5,1009.9247671156902,1917.204613572379,806.4834038615127,1546.1937026528483,1509.7786466654186,False
2021-08-26 14:41:00-07:00,20.778926285434753,33.5,2.6,1010.2579787318887,1917.9491869308845,805.7834568272276,1545.4517258641388,1509.0807952842406,False
2021-08-26 14:42:00-07:00,20.670737410713738,33.5,2.9,1010.5573625909393,1918.3894357268364,808.3472379189683,1550.7248016227165,1514.1007362353323,False
2021-08-26 14:43:00-07:00,20.562057846891744,33.4,3.3,1011.6196656322597,1919.8576049036574,812.2111069513874,1559.3296704678392,1522.2985340622602,False
2021-08-26 14:44:00-07:00,20.45289032313638,33.2,2.5,1013.0796712415153,1923.6142240486465,805.7531474487027,1549.958215504291,1513.4272454058544,False
2021-08-26 14:45:00-07:00,20.343237566057997,33.3,3.6,1014.1163576695436,1924.8265710714659,814.6139949885811,1567.990662720699,1530.585241604608,False
2021-08-26 14:46:00-07:00,20.233102298712957,33.2,4.6,1014.2882447459979,1923.9889136318716,823.2928356663517,1584.0062884946071,1545.793505078039,False
2021-08-26 14:47:00-07:00,20.122487240680638,33.0,4.4,1016.6059230256951,1928.8215435363422,822.2067764489534,1585.8901436563103,1547.6362573701313,False
2021-08-26 14:48:00-07:00,20.011395108139666,33.1,3.5,1020.3575206534014,1936.3360533001992,813.8751231548334,1575.9357438488435,1538.2607234257555,False
2021-08-26 14:49:00-07:00,19.899828612888356,33.4,4.1,1022.433708043039,1940.0017312452992,816.9656566276215,1584.9147882255381,1546.8322246235743,False
2021-08-26 14:50:00-07:00,19.787790463462585,33.6,4.6,1022.1454422522525,1939.2826270477024,819.9340705137677,1590.0838982718553,1551.7347215363006,False
2021-08-26 14:51:00-07:00,19.675283288582794,33.5,4.9,1021.1738215055686,1936.8668757846315,823.0375930527651,1594.1142515094123,1555.5359677429183,False
2021-08-26 14:52:00-07:00,19.562309939310282,33.3,4.4,1019.9664409207916,1935.2132761362757,820.2034910822528,1587.2686850756968,1549.0160057382698,False
2021-08-26 14:53:00-07:00,19.448873036471245,33.1,3.5,1016.7445798615155,1929.6696407313548,814.4013029646844,1571.5254697030098,1533.9972649432584,False
2021-08-26 14:54:00-07:00,19.33497527116344,33.2,3.6,1017.3763140660517,1930.8504322025105,814.6251301889166,1572.9192847082961,1535.3347020492477,False
2021-08-26 14:55:00-07:00,19.22061933060761,33.2,4.1,1015.8081782239415,1927.5858245067911,818.9521120952178,1578.6004822246384,1540.697635623791,False
2021-08-26 14:56:00-07:00,19.105807897185976,33.2,4.2,1015.3397193018171,1926.3819789533127,819.9325787655944,1579.5033436907588,1541.5422413074273,False
2021-08-26 14:57:00-07:00,18.990543648553327,33.2,4.6,1017.8061988245722,1931.0273339389091,822.5769447134617,1588.4185645096493,1550.0621451285244,False
2021-08-26 14:58:00-07:00,18.874829257722215,33.3,4.4,1017.5626018464895,1930.492594274648,820.6581581712342,1584.2744967806402,1546.1199510370748,False
2021-08-26 14:59:00-07:00,18.7586673921188,33.2,4.1,1019.8765758129872,1934.6911775492263,818.5481400000381,1583.6378648574027,1545.5611735131677,False
2021-08-26 15:00:00-07:00,18.642060714741433,33.2,4.0,1022.9609731392684,1940.9489051506373,817.0912037465224,1585.932277320029,1547.80918416749,False
2021-08-26 15:01:00-07:00,18.52501188322072,33.1,3.8,1023.70501536605,1942.1223870744282,815.9712609385831,1584.7160530781723,1546.6664777777933,False
2021-08-26 15:02:00-07:00,18.407523470997216,33.1,4.4,930.9985187595942,1768.3254703472207,834.3760191333454,1475.4483664804147,1440.8311829335628,False
2021-08-26 15:03:00-07:00,18.289598282864908,33.0,4.1,790.4046999310833,1503.034817777992,853.2963389060047,1282.5341072582146,1253.8097536204816,False
2021-08-26 15:04:00-07:00,18.171238881310543,33.2,5.0,979.6532565426476,1859.3629679862224,831.1257854078358,1545.364507125794,1508.3572506534827,False
2021-08-26 15:05:00-07:00,18.052447902564648,32.9,5.1,400.49967119650256,761.9972088057491,903.5904329854984,688.533387838528,673.8309992628153,False
2021-08-26 15:06:00-07:00,17.933227977017385,32.6,4.5,78.63932222877649,149.20135161204118,885.6913509739661,132.14634667641047,124.96508263150606,False
2021-08-26 15:07:00-07:00,17.81358172933094,32.4,3.0,77.36401124460521,146.78625377213575,885.1077004478955,129.9216435336163,122.76029216025572,False
2021-08-26 15:08:00-07:00,17.69351177859402,32.4,2.1,78.61104914321126,149.1382758311174,885.1431964016349,132.00873017498392,124.83204321401898,False
2021-08-26 15:09:00-07:00,17.573020737337796,32.3,2.5,82.18674941129147,155.9223185291354,887.5600589828034,138.39042223045487,131.1510461452237,False
2021-08-26 15:10:00-07:00,17.452111212805697,32.2,2.7,89.80939740679156,170.42132060999106,891.1401267772212,151.8692772539289,144.50387429976414,False
2021-08-26 15:11:00-07:00,17.330785805981005,32.2,2.3,223.7828813487124,425.589989719637,907.6483351126969,386.28604560965834,376.37530955616216,False
2021-08-26 15:12:00-07:00,17.209047111727344,32.2,3.3,993.1434280434536,1885.0236730070706,821.0584984133793,1547.7147064328583,1510.8770252663128,False
2021-08-26 15:13:00-07:00,17.086897718959456,32.3,5.0,1044.4743531455783,1980.019284579203,826.3516195064044,1636.1921424659367,1595.9537431358062,False
2021-08-26 15:14:00-07:00,16.964340127331653,32.3,3.9,1038.7496461321834,1970.1032861499953,818.3959227555537,1612.324496792474,1573.1925300911073,False
2021-08-26 15:15:00-07:00,16.841377077559763,32.6,3.6,1063.4063762103765,2016.609918403677,810.4451099255749,1634.3516469976728,1594.6066449082125,False
2021-08-26 15:16:00-07:00,16.718011057329125,32.6,3.4,1063.1299255288445,2016.6586297713784,808.5663970534333,1630.602402360957,1591.04799499376,False
2021-08-26 15:17:00-07:00,16.59424462991822,32.8,2.7,1051.3660550413606,1994.9304156767664,803.2872579192348,1602.502183348669,1564.1297719152196,False
2021-08-26 15:18:00-07:00,16.47008035234806,32.8,3.2,468.6195205015229,892.1897932101972,891.0267366784675,794.9649599419188,778.2855934670508,False
2021-08-26 15:19:00-07:00,16.345520774378432,32.9,2.4,905.4711845468772,1721.1492469804896,824.1226766915047,1418.4381244071287,1385.999962176368,False
2021-08-26 15:20:00-07:00,16.220568439832707,33.1,3.1,1046.002970768402,1984.3498576523032,806.4293582284774,1600.2379822073176,1561.8667443093286,False
2021-08-26 15:21:00-07:00,16.09522588564666,33.0,4.6,1038.8452787418953,1969.9399114714797,820.5997519248228,1616.532202660304,1577.1853537975214,False
2021-08-26 15:22:00-07:00,15.969495642049075,33.0,4.0,1036.9269738331561,1966.6947379406458,816.0770881373226,1604.974514993597,1566.1762542589338,False
2021-08-26 15:23:00-07:00,15.843380232703957,33.2,3.0,1036.6823751137736,1967.3246586249054,806.4227224809256,1586.4953072121539,1548.6277444227912,False
2021-08-26 15:24:00-07:00,15.716882173775893,33.2,3.7,1035.2065685275807,1964.397040668531,812.5775486588846,1596.224931899202,1557.8410104271518,False
2021-08-26 15:25:00-07:00,15.590003890058266,33.1,3.4,1032.4884723315663,1959.0144903733424,811.1497339485892,1589.0540826677677,1550.9704967722623,False
2021-08-26 15:26:00-07:00,15.462748054601256,33.1,3.9,1027.7450228412974,1949.8760486063343,816.0620177631491,1591.2197826137215,1552.929311174209,False
2021-08-26 15:27:00-07:00,15.335117078359032,33.1,3.6,1028.838021965571,1951.7795695056443,813.5371478906096,1587.8451842867835,1549.7440057413783,False
2021-08-26 15:28:00-07:00,15.207113450531109,33.0,2.8,1027.858191759899,1950.5674907476116,807.2065600830489,1574.510874416204,1537.0590608912419,False
2021-08-26 15:29:00-07:00,15.078739652573477,33.1,3.9,1027.6413020962723,1949.7082659828839,816.0670241316187,1591.0926225454705,1552.80669365488,False
2021-08-26 15:30:00-07:00,14.949998159605505,33.2,3.5,1024.4618828046598,1944.0615874079622,812.7258863182036,1579.98917668331,1542.1960908704764,False
2021-08-26 15:31:00-07:00,14.820891439433707,33.2,2.9,1022.5989620498964,1940.7013162919332,807.9573297368983,1568.003853328114,1530.7683296308962,False
2021-08-26 15:32:00-07:00,14.691421952752782,33.1,3.7,1021.1551377343023,1937.6020313767572,815.4614582077876,1580.0397779328619,1542.1743180902715,False
2021-08-26 15:33:00-07:00,14.561592153358522,33.0,4.2,1021.6663658605034,1938.4419219914505,819.8522100385741,1589.2358937761119,1550.9200246852092,False
2021-08-26 15:34:00-07:00,14.43140448715688,33.0,3.8,1018.7191507008112,1932.9594832483388,817.1579967371601,1579.5332991053087,1541.642602348383,False
2021-08-26 15:35:00-07:00,14.3008613935842,33.1,4.9,1019.6606025931854,1934.0117841988697,825.2097088030395,1595.965301260396,1557.2621177372516,False
2021-08-26 15:36:00-07:00,14.169965216740417,33.1,3.7,1017.5552521431295,1931.2649541450871,815.8515872870976,1575.625578311213,1537.911027161873,False
2021-08-26 15:37:00-07:00,14.038718556921296,33.1,3.7,1016.0002141210759,1927.92865295307,816.2727864100009,1573.7156935456821,1536.0598458539132,False
2021-08-26 15:38:00-07:00,13.907123744222881,33.0,4.3,1012.5728344695829,1921.399751185233,822.0001444602295,1579.3908730401106,1541.3806112118616,False
2021-08-26 15:39:00-07:00,13.775183188394198,32.8,4.5,1010.3584821312517,1916.8469517708097,824.9814768819699,1581.3632292285845,1543.2038471999767,False
2021-08-26 15:40:00-07:00,13.642899292619923,32.8,4.5,1008.3192986319914,1912.717598097068,825.4193499994565,1578.7941165538032,1540.71763309214,False
2021-08-26 15:41:00-07:00,13.510274452549949,32.7,4.5,1003.5392605385996,1903.8499446905555,826.5804283363996,1573.68510277055,1535.7657207419493,False
2021-08-26 15:42:00-07:00,13.3773110565285,32.7,4.6,1003.2517293657437,1903.2268625469706,827.3975959982512,1574.7253307106573,1536.7469282277311,False
2021-08-26 15:43:00-07:00,13.244011485822375,32.7,3.8,1004.1312751183855,1905.7233248666953,820.8325419401732,1564.2797209850082,1526.8498905951049,False
2021-08-26 15:44:00-07:00,13.110378113621485,32.8,3.0,1006.275268089766,1910.1035362133055,813.3941183226349,1553.666981743169,1516.8095017307032,False
2021-08-26 15:45:00-07:00,12.976413306532184,32.9,2.6,1009.2754579359007,1915.683360827211,809.045688192817,1549.8753630199794,1513.264009318363,False
2021-08-26 15:46:00-07:00,12.84211942355953,32.9,3.4,1011.9693199228249,1920.6930201495961,815.3270675463076,1565.9930077752313,1528.641718945509,False
2021-08-26 15:47:00-07:00,12.70749872599667,33.0,3.2,1012.9483853045097,1922.5587089493831,813.0328524751313,1563.103391188023,1525.9151912421719,False
2021-08-26 15:48:00-07:00,12.572553738952026,33.3,2.2,1012.5988562270638,1922.5849723171798,802.7523747691697,1543.3596522231346,1507.1396553516142,False
2021-08-26 15:49:00-07:00,12.437286708733321,33.2,3.2,1010.1490582033123,1917.5499966065872,812.4066815984643,1557.830429542304,1520.8483058859808,False
2021-08-26 15:50:00-07:00,12.301699965214258,33.1,3.3,1008.7363690926643,1914.5852424342759,814.0728277624347,1558.6118223006977,1521.5591695820103,False
2021-08-26 15:51:00-07:00,12.165795830665392,32.9,3.4,1008.730468865943,1914.6299238974905,815.8358605998867,1562.0237516932048,1524.8030622981712,False
2021-08-26 15:52:00-07:00,12.029576620014167,32.9,3.0,1008.2590322440146,1913.8900077924172,812.5591891830342,1555.1489129173174,1518.2593691540899,False
2021-08-26 15:53:00-07:00,11.89304464111711,33.0,2.9,1004.8301445030842,1907.6917027347974,811.6920250293388,1548.4581413244753,1511.8305540703443,False
2021-08-26 15:54:00-07:00,11.756202193725757,33.2,2.5,1001.7261583351436,1901.8361368721226,807.8382595694351,1536.3759947970336,1500.2760634951937,False
2021-08-26 15:55:00-07:00,11.619051571035502,33.2,4.2,1005.4397108898725,1908.1627464668222,821.2936642493898,1567.1619740299159,1529.6157454201914,False
2021-08-26 15:56:00-07:00,11.481595058665924,33.0,4.2,1005.7571682827034,1908.6400576161438,822.266931578344,1569.4116036635403,1531.7586701407383,False
2021-08-26 15:57:00-07:00,11.343834934946653,32.9,4.0,1006.9383149664343,1910.5658165889797,821.1637524177777,1568.8873951913422,1531.2817761756664,False
2021-08-26 15:58:00-07:00,11.205773471160194,32.9,3.8,1004.7443606012484,1907.0657093681011,819.6835987012604,1563.190483614617,1525.8294503849286,False
2021-08-26 15:59:00-07:00,11.067412837664156,32.9,3.5,998.2258250657151,1894.53981933042,818.4625297928745,1550.6098533225113,1513.733793351163,False
2021-08-26 16:00:00-07:00,10.928755476765586,32.9,3.6,995.5005497100041,1889.9815326130672,819.4410067149602,1548.728369757135,1511.8951586938806,False
2021-08-26 16:01:00-07:00,10.78980354501868,32.8,3.5,992.3753512784974,1883.9521467163934,819.6985446340462,1544.2728328236146,1507.592961284716,False
2021-08-26 16:02:00-07:00,10.650559284435774,33.0,2.6,990.3283205370319,1880.8537082635933,811.370958156841,1526.0700754266793,1490.2466150368537,False
2021-08-26 16:03:00-07:00,10.511024930057559,33.1,3.6,988.0141393225895,1875.7365701799838,819.7227565644696,1537.58395189672,1501.1426763801533,False
2021-08-26 16:04:00-07:00,10.37120270898162,33.1,3.5,983.3018436377598,1867.1960818483328,819.5422357819872,1530.2460515613488,1494.0706377792085,False
2021-08-26 16:05:00-07:00,10.23109484187144,33.0,3.5,980.6785919412539,1861.8640049978992,820.6173908524214,1527.877981903416,1491.7598332913735,False
2021-08-26 16:06:00-07:00,10.09070354201866,32.9,2.9,977.186758791453,1855.4550375414674,816.8022535334403,1515.5398559938446,1479.9526803620558,False
2021-08-26 16:07:00-07:00,9.950031015558547,32.9,3.7,982.3605530282584,1864.758506945934,822.5096951634101,1533.781951101476,1497.4064216745815,False
2021-08-26 16:08:00-07:00,9.809079461788313,32.9,3.2,985.1188854117772,1869.9960974181831,818.114348577449,1529.8706390816487,1493.7442462680726,False
2021-08-26 16:09:00-07:00,9.667851072146085,32.9,2.6,983.6177163306683,1868.1030510696783,813.0238607714704,1518.8123548996332,1483.2036874496494,False
2021-08-26 16:10:00-07:00,9.526347936811195,32.9,2.3,984.8826153417197,1870.2313435610777,810.3706691840326,1515.5806254105428,1480.1513283283082,False
2021-08-26 16:11:00-07:00,9.384572423445633,33.0,2.8,983.4698251918076,1867.6277135194596,814.314579544399,1520.8364762800659,1485.1244422348834,False
2021-08-26 16:12:00-07:00,9.242526608127358,32.9,4.2,981.4246137490852,1862.8855735405973,826.4839721014481,1539.6450683903172,1502.9602198310847,False
2021-08-26 16:13:00-07:00,9.100212655032559,32.7,3.7,981.9560701948965,1863.7543697623325,823.6515046701929,1535.084090990392,1498.6334920696702,False
2021-08-26 16:14:00-07:00,8.957632720592065,32.7,2.7,985.9122940122226,1871.8968226843217,814.6828814577985,1525.002297296161,1489.1340160249445,False
2021-08-26 16:15:00-07:00,8.81478895513862,32.7,2.1,985.0207683348366,1870.8844988082333,809.416358728409,1514.3245186267845,1478.9629059391618,False
2021-08-26 16:16:00-07:00,8.671683501854558,32.8,2.3,984.7413335302988,1870.2329887254032,810.7656288096473,1516.3206251244976,1480.8555663915236,False
2021-08-26 16:17:00-07:00,8.528318497084104,32.9,2.7,982.249050774803,1865.4794512489482,814.1070086481851,1518.699895750939,1483.0683038279983,False
2021-08-26 16:18:00-07:00,8.38469607062206,32.8,2.7,979.4898547388484,1859.940876136763,815.1992865853298,1516.2224753175824,1480.6509922213593,False
2021-08-26 16:19:00-07:00,8.240818344703865,32.8,2.9,977.7617565102443,1856.6169970828555,817.1597929216571,1517.152760871055,1481.4999360855888,False
2021-08-26 16:20:00-07:00,8.096687435605793,32.8,3.7,975.8942461063002,1852.354532251697,824.1134881365263,1526.5503548394495,1490.3921551943909,False
2021-08-26 16:21:00-07:00,7.952305355752627,32.7,3.6,972.4829379298615,1846.6419378176618,824.051737281804,1521.7284969960813,1485.7429231657134,False
2021-08-26 16:22:00-07:00,7.8076744014486374,32.7,3.1,968.4877890372977,1839.1226970144676,820.7760498777153,1509.5078624959847,1474.0345377780268,False
2021-08-26 16:23:00-07:00,7.66279657225023,32.7,2.6,965.5184253181675,1833.6912643662693,817.1396253247229,1498.3817927254709,1463.3870940785116,False
2021-08-26 16:24:00-07:00,7.517673957076487,32.8,3.5,964.4449530362424,1831.6552313204247,823.9962743657017,1509.2770865304774,1473.7324431771362,False
2021-08-26 16:25:00-07:00,7.372308639099046,32.8,3.3,961.1007431659253,1825.4853615726336,822.9221769866476,1502.232387802609,1466.9613805576964,False
2021-08-26 16:26:00-07:00,7.22670269471489,32.8,3.9,956.5001148528656,1815.909527532315,828.6035956966259,1504.6691639730373,1469.1730815273054,False
2021-08-26 16:27:00-07:00,7.080858193861457,32.7,3.2,950.4746271733773,1805.1489622289762,824.4682412438593,1488.287990072102,1453.465524496448,False
2021-08-26 16:28:00-07:00,6.934777200331669,32.8,3.7,945.0461388994809,1794.430851512514,828.8511132587738,1487.3160089420367,1452.4207149495337,False
2021-08-26 16:29:00-07:00,6.78846177072913,32.8,3.9,942.2787740102693,1789.2712974609758,830.7224027561849,1486.3877514094584,1451.4792675516867,False
2021-08-26 16:30:00-07:00,6.641913956130065,32.7,3.6,943.9911773934559,1792.5823420775334,828.6927662266407,1485.5000197452616,1450.6717193024713,False
2021-08-26 16:31:00-07:00,6.4951358010612,32.6,3.6,945.0141726425229,1794.4743895101524,829.0349964733372,1487.682069179043,1452.7695652694522,False
2021-08-26 16:32:00-07:00,6.348129245154236,32.6,3.1,943.7540973670732,1792.7470483627424,825.1318813221548,1479.2527447502898,1444.7272964871634,False
2021-08-26 16:33:00-07:00,6.2008965179222555,32.6,2.1,946.1796540892676,1797.6398892713753,816.5210746949554,1467.810854302384,1433.886418951472,False
2021-08-26 16:34:00-07:00,6.053439546257484,32.8,1.1,945.9430497104116,1798.0992921251811,806.4568665748185,1450.0895209176726,1417.0069574144695,False
2021-08-26 16:35:00-07:00,5.905760350277355,32.9,1.2,945.6395489408019,1797.324060879829,807.0165088250834,1450.4701888385612,1417.3615028706,False
2021-08-26 16:36:00-07:00,5.757860943771154,33.0,1.7,943.3901187087008,1792.6747233873875,811.5103031948834,1454.7740083059025,1421.4130296374287,False
2021-08-26 16:37:00-07:00,5.609743334511849,32.9,2.7,940.0788492434182,1785.9384592020022,821.0702581882426,1466.3809518053,1432.3961992147565,False
2021-08-26 16:38:00-07:00,5.461409524348115,32.8,2.9,936.9249902730483,1779.6737969232875,823.7927992080259,1466.0824588446112,1432.0425969830108,False
2021-08-26 16:39:00-07:00,5.312861509473236,32.8,2.9,933.1227148763213,1772.9476522469693,824.2005086324024,1461.2643567605758,1427.3796329839245,False
2021-08-26 16:40:00-07:00,5.164101279413488,32.8,2.6,930.4098138368552,1767.9367343024687,822.2336480212897,1453.6570705163642,1420.0785766345823,False
2021-08-26 16:41:00-07:00,5.015130818729295,32.8,2.5,927.519432398602,1762.3789893855076,821.9607076417811,1448.606281248319,1415.2056819780726,False
2021-08-26 16:42:00-07:00,4.865952105937421,32.9,2.5,928.5596948321734,1764.3446186709245,821.3017935257022,1449.0593997118515,1415.6590842474693,False
2021-08-26 16:43:00-07:00,4.716567113882188,32.9,2.3,928.1496598861878,1763.7257749724376,819.6883350581911,1445.7054439863753,1412.4568620243763,False
2021-08-26 16:44:00-07:00,4.566977709643489,32.8,3.0,927.2073496885685,1761.5720017143428,826.0253346728805,1455.103102266466,1421.3850983284256,False
2021-08-26 16:45:00-07:00,4.417186054901942,32.8,3.1,929.7820413142526,1766.1426755012417,826.5128872770663,1459.7396820717738,1425.851792481474,False
2021-08-26 16:46:00-07:00,4.267194005745611,32.7,3.2,927.1208223109745,1761.0700587297301,828.2065859987207,1458.5298210451163,1424.6428370438264,False
2021-08-26 16:47:00-07:00,4.117003512489336,32.6,3.8,924.3341852581541,1755.8073872878922,833.5529417155601,1463.5584127597342,1429.3712281825988,False
2021-08-26 16:48:00-07:00,3.9666165208575124,32.6,3.8,921.9819092267223,1751.4543835552615,833.8740373666238,1460.4923380786975,1426.4027660373572,False
2021-08-26 16:49:00-07:00,3.8160349706538024,32.6,3.8,917.1774336450767,1742.0246923306831,834.7858476769017,1454.217559461363,1420.3211771413858,False
2021-08-26 16:50:00-07:00,3.6652607957878116,32.6,3.3,912.7662355023114,1733.9788915052268,831.7090387010476,1442.1659169817203,1408.7528107201854,False
2021-08-26 16:51:00-07:00,3.514295925783164,32.7,1.9,910.0927726632112,1729.8866769343836,820.3121438442029,1419.0470485635683,1386.6772988999135,False
2021-08-26 16:52:00-07:00,3.363142284654132,32.8,1.4,907.9161022673616,1726.2535719639964,815.7997276165737,1408.2771938053659,1376.3685772729434,False
2021-08-26 16:53:00-07:00,3.211801791307982,32.9,1.7,905.4565509058122,1721.866740517031,818.1280788092217,1408.7075283846953,1376.730894975936,False
2021-08-26 16:54:00-07:00,3.060276359828697,32.7,2.2,903.006588265305,1716.820577628782,823.7667492870563,1414.259706342388,1381.9687191424039,False
2021-08-26 16:55:00-07:00,2.908567796649597,32.7,2.1,900.7120709539482,1711.9814262481632,823.5941929078892,1409.977961024153,1377.8329198060567,False
2021-08-26 16:56:00-07:00,2.756678209343291,32.7,2.7,884.6017769138568,1681.4831839967937,830.9006814802221,1397.1455234804698,1365.2560203041176,False
2021-08-26 16:57:00-07:00,2.604609395155222,32.6,2.9,892.7117246746177,1696.4568863097813,831.7530443175633,1411.0331797416552,1378.6643354340827,False
2021-08-26 16:58:00-07:00,2.45236324815077,32.6,3.1,894.62009957278,1700.207523764961,832.8572631796211,1416.0301850802862,1383.4692799274785,False
2021-08-26 16:59:00-07:00,2.2999416579097622,32.5,2.6,900.1302396102495,1711.099750093864,828.4720407607922,1417.598301905545,1385.0869728614257,False
2021-08-26 17:00:00-07:00,2.1473465084234133,32.5,2.6,901.2149067143705,1712.9009320675486,828.415928961452,1418.994416857675,1386.437828591451,False
2021-08-26 17:01:00-07:00,1.9945796798732285,32.6,3.3,880.859523007487,1674.130326345857,836.4978722385166,1400.406455838283,1368.280763087632,False
2021-08-26 17:02:00-07:00,1.8416430475627275,32.6,3.2,750.6840021825426,1427.7544846473904,855.5555608298007,1221.523288839761,1194.5995738774561,False
2021-08-26 17:03:00-07:00,1.6885384822432148,32.5,2.3,591.2831265834584,1125.7090393536714,873.289337485445,983.0697011785445,962.3259352157038,False
2021-08-26 17:04:00-07:00,1.5352678504764317,32.5,1.6,604.2606241201877,1150.6895452986846,867.4791302338004,998.1991659248303,977.175346357558,False
2021-08-26 17:05:00-07:00,1.3818330135500483,32.4,2.0,133.30368148234254,253.21340491462135,900.0338320938233,227.90063116283162,219.81879780925163,False
2021-08-26 17:06:00-07:00,1.228235726197984,32.3,2.5,262.13278113083305,498.5579457769655,907.3080468526931,452.3456360257894,441.5436302913183,False
2021-08-26 17:07:00-07:00,1.0744780476235343,32.3,2.1,850.8499514860562,1617.8852028834474,833.7011627747993,1348.832774880072,1318.448801802129,False
2021-08-26 17:08:00-07:00,0.9205617238655884,32.3,3.4,870.2433927771002,1653.811037914309,840.4302201436027,1389.9127746702432,1358.043588394682,False
2021-08-26 17:09:00-07:00,0.766488600016014,32.3,3.8,866.3979974478015,1646.5609626257865,843.7486415765827,1389.2835754885377,1357.3594366852017,False
2021-08-26 17:10:00-07:00,5.6207982136627095,32.3,4.2,748.4140519504109,1423.074347297107,863.4352756664236,1228.7325913522932,1201.4336880056596,False
2021-08-26 17:11:00-07:00,10.259339064007781,32.2,3.0,239.81107545941637,456.04718310837484,909.2154630689741,414.6451507711823,404.3463769798002,False
2021-08-26 17:12:00-07:00,13.388852077792828,32.1,2.8,206.0809268760897,391.8118987576705,908.9099747986273,356.1217430256366,346.5776588745372,False
2021-08-26 17:13:00-07:00,15.925359420039607,31.9,3.2,71.3648042108352,135.31999901542503,885.2932755051803,119.7978851697234,112.7073158788664,False
2021-08-26 17:14:00-07:00,18.11968350549811,31.8,2.9,56.14977978848445,106.42491054250966,876.3145944349851,93.26170231983892,86.40452549878914,False
2021-08-26 17:15:00-07:00,20.0843398629408,31.7,2.9,53.38539514487619,101.15982796948855,874.9183222165345,88.5065869627782,81.68785225069965,False
2021-08-26 17:16:00-07:00,21.881320784125894,31.7,3.9,51.72759087621709,98.01780603415665,874.0191908941717,85.66944352319547,78.87375171810879,False
2021-08-26 17:17:00-07:00,23.54908215896632,31.7,4.0,50.370490314645664,95.4415781975674,872.9434859817972,83.31510397938877,76.5403456950477,False
2021-08-26 17:18:00-07:00,25.113415830946316,31.7,3.3,49.51743898077316,93.81869543070147,871.9590612176894,81.80606159242278,75.04639962718926,False
2021-08-26 17:19:00-07:00,26.592616590003264,31.6,3.5,48.61274366792215,92.10694442717441,871.7370346835862,80.2930346087109,73.54385671396005,False
2021-08-26 17:20:00-07:00,28.00021344137125,31.5,2.8,47.93769729669114,90.82719609990575,871.3555879145283,79.14278485626151,72.40280911948182,False
2021-08-26 17:21:00-07:00,29.346543852256687,31.6,3.2,47.49529990822213,89.98345527680819,870.6470920592091,78.34383367019295,71.6128702534998,False
2021-08-26 17:22:00-07:00,30.63971640231856,31.6,2.7,47.2850955214134,89.58211776017266,870.2689820140815,77.96053842981104,71.23411718473051,False
2021-08-26 17:23:00-07:00,31.88622965789327,31.6,2.8,47.403985339779915,89.80834191308487,870.4130521958506,78.17035299721675,71.44182077392144,False
2021-08-26 17:24:00-07:00,33.09138634804904,31.5,2.3,47.67671078403764,90.32933191807146,870.9282130852677,78.67036363659201,71.93577025506627,False
2021-08-26 17:25:00-07:00,34.25957996010379,31.3,2.1,47.84222186871044,90.61879339061065,872.2696875989247,79.04402660141945,72.2991917463329,False
2021-08-26 17:26:00-07:00,35.394498690425074,31.2,2.0,48.34160974045369,91.57170102162794,873.1326909890926,79.95424573146265,73.19877319009342,False
2021-08-26 17:27:00-07:00,36.4992741578744,31.1,1.6,48.74661128109752,92.34397100430657,873.7796253619825,80.68828038858076,73.92449784211489,False
2021-08-26 17:28:00-07:00,37.57659210415322,31.0,1.6,48.78125139179453,92.39332161290316,874.4878976827281,80.79684157719186,74.02816328795079,False
2021-08-26 17:29:00-07:00,38.62877702094484,30.9,2.0,48.621878826126924,92.09796698314969,874.9992792958025,80.5856547348646,73.81520037987684,False
2021-08-26 17:30:00-07:00,39.65785401972689,30.9,2.0,48.177632347839555,91.25462258883758,874.619751391341,79.81309532195978,73.04959416379417,False
2021-08-26 17:31:00-07:00,40.6656035951051,30.9,1.8,47.90595091303677,90.73793728600798,874.3015975555112,79.33232352804856,72.57362912737175,False
2021-08-26 17:32:00-07:00,41.6535988087981,30.8,1.8,47.886737368929815,90.70661959692796,874.7594424773456,79.34647198761337,72.58496002773967,False
2021-08-26 17:33:00-07:00,42.62323804628441,30.8,1.6,51.11727185513244,96.83786511770178,877.3528505718524,84.9609770043082,78.14956155663336,False
2021-08-26 17:34:00-07:00,43.57577094701315,30.7,1.8,71.63888144932076,135.77981420606596,891.111656596647,120.99497516955239,113.85872522680512,False
2021-08-26 17:35:00-07:00,44.512319596682715,30.7,1.8,202.07318625844346,383.9167017400548,914.5581011432847,351.11412974057737,341.58045906950156,False
2021-08-26 17:36:00-07:00,45.433895973844244,30.8,1.9,374.66199322105757,712.6450477302687,906.2317324977146,645.8215562605179,631.8851912965124,False
2021-08-26 17:37:00-07:00,46.34141645719429,30.9,1.3,348.3673336516826,662.7665259498441,905.831276666121,600.3546483327171,587.232960307058,False
2021-08-26 17:38:00-07:00,47.235713955297726,31.0,1.7,421.439338397876,801.9409865287745,899.557759516228,721.3922371060579,706.1032799743416,False
2021-08-26 17:39:00-07:00,48.1175481232269,31.1,1.5,468.6453670268072,892.1948497177432,892.4041910003455,796.1984230770374,779.4729970873653,False
2021-08-26 17:40:00-07:00,48.98761460875562,31.1,1.9,460.67301346921755,876.7871600792117,895.2874792694579,784.976566403144,768.4474046920988,False
2021-08-26 17:41:00-07:00,49.84655009830747,31.2,2.0,457.0371573564003,869.6632649116349,895.8412757083702,779.0802486751453,762.6671302046053,False
2021-08-26 17:42:00-07:00,50.69494214878401,31.3,2.0,420.68304509911707,800.5339257260422,899.282347859429,719.9060282680409,704.650165862216,False
2021-08-26 17:43:00-07:00,51.53333229163181,31.3,1.6,370.1510613662523,704.3621400768643,902.7890833538322,635.8904507891359,622.1772679225433,False
2021-08-26 17:44:00-07:00,52.362221330182514,31.3,1.8,327.2149038700911,622.6078244842913,906.942562571916,564.6695358151089,552.140116715688,False
2021-08-26 17:45:00-07:00,53.18207343875453,31.4,1.8,418.4170183181179,796.2850570649327,898.203156750461,715.2257519289435,700.0765707719688,False
2021-08-26 17:46:00-07:00,53.993319722641836,31.4,1.7,410.3583742909594,780.996030924614,898.6120923029152,701.8124774294398,686.9195586336928,False
2021-08-26 17:47:00-07:00,54.79636134792027,31.4,1.8,398.22473749589494,757.9973699971721,900.0969272492264,682.2711035974497,667.7334985177012,False
2021-08-26 17:48:00-07:00,55.591572282644655,31.4,1.5,385.1501617866808,733.0171389949138,900.4076861276012,660.0142660142845,645.8899583744179,False
2021-08-26 17:49:00-07:00,56.379301710545796,31.4,1.6,356.46575191325746,678.3163382355257,903.5011055330514,612.8595614969286,599.5476647620579,False
2021-08-26 17:50:00-07:00,57.15987616937341,31.3,1.7,207.5557062806665,394.49832575032974,911.1649305063094,359.45303956715463,349.84769571412926,False
2021-08-26 17:51:00-07:00,57.93360194590145,31.3,2.2,65.94895187317958,125.01072910046393,884.9815331692885,110.63218670193916,103.60690414153049,False
2021-08-26 17:52:00-07:00,58.70076468431603,31.2,2.1,79.06233234375956,149.94203785540358,891.8362041019207,133.72373787626964,126.49077442439561,False
2021-08-26 17:53:00-07:00,59.46163398351557,31.1,2.0,74.43515983856139,141.13239612479617,890.2865141077706,125.64826897362182,118.48411808080901,False
2021-08-26 17:54:00-07:00,60.216462637125154,31.1,2.2,135.59639669016195,257.39659567801556,907.8351840745845,233.6736858175227,225.4775184372928,False
2021-08-26 17:55:00-07:00,60.96548833532398,31.1,2.0,220.51135397272762,419.13656740964694,912.9634495636643,382.65636642058456,372.74261393385234,False
2021-08-26 17:56:00-07:00,61.70893470196404,31.1,1.9,156.32801364552606,296.8979294808152,909.8772882668502,270.14068296804663,261.5625400449333,False
2021-08-26 17:57:00-07:00,62.44701222937832,31.1,2.1,164.54270235934092,312.5082239814299,911.0085467177059,284.6976629666538,275.95617209786565,False
2021-08-26 17:58:00-07:00,63.17991910179724,31.1,1.8,246.05962908684023,467.811521147482,912.2755297307835,426.77300326898273,416.279307912531,False
2021-08-26 17:59:00-07:00,63.90784192395332,31.1,1.4,241.93306567131276,459.98693986695463,911.3821571736496,419.22388952765095,408.8421376660248,False
2021-08-26 18:00:00-07:00,64.6309563698621,31.1,1.7,235.74920108014368,448.1767548775572,912.2259710642335,408.8384754265966,398.58856601471564,False
2021-08-26 18:01:00-07:00,65.34942773823724,31.1,2.0,233.81506752298174,444.50563261906,912.8679221002694,405.774933210827,395.5597538663815,False
2021-08-26 18:02:00-07:00,66.06341192479805,31.2,1.8,224.60635414380837,426.8837261509593,912.176439563678,389.39327742805824,379.3999749493468,False
2021-08-26 18:03:00-07:00,66.77305392848783,31.2,1.7,215.46226235696128,409.5771690654619,911.7103217821327,373.41573260328727,363.63122004970353,False
2021-08-26 18:04:00-07:00,67.47849107645567,31.2,1.6,206.20109812124997,391.89017799802815,911.510777639424,357.21212089623486,347.63122390927015,False
2021-08-26 18:05:00-07:00,68.17985140129622,31.2,1.3,197.42048684088786,375.23145294938644,910.5961561778398,341.68431873273727,332.29968747826314,False
2021-08-26 18:06:00-07:00,68.87725434173402,31.1,1.5,188.8193345287746,358.81908027868474,911.263759636613,326.9788241241059,317.76177917124744,False
2021-08-26 18:07:00-07:00,69.57081091512799,31.1,1.5,180.6401982459996,343.1641511761721,911.1035675603516,312.6580823954302,303.60697807474264,False
2021-08-26 18:08:00-07:00,70.2606238224349,31.1,1.5,172.7239749356427,328.1322685515602,910.5370509028148,298.7765881129881,289.8856014741282,False
2021-08-26 18:09:00-07:00,70.9467874915378,31.1,1.6,164.22069635222095,311.95293389095326,910.0501612662149,283.8928177949309,275.1678202295405,False
2021-08-26 18:10:00-07:00,71.62938806387574,31.1,1.6,142.46647562470906,270.55993711732003,907.7231860463479,245.5935281366333,237.2818158159026,False
2021-08-26 18:11:00-07:00,72.30850330255326,31.0,1.5,80.32575482736698,152.34254002241866,892.9462573943705,136.03370095497084,128.7763738420746,False
2021-08-26 18:12:00-07:00,72.98420244474322,30.9,1.4,33.155923680804975,62.735428484973546,858.4136156619281,53.852945995886465,47.33194840004,False
2021-08-26 18:13:00-07:00,73.6565459750119,30.8,1.5,27.97930083059588,52.921084507928484,851.2358003391377,45.04832172592163,38.61381395809093,False
2021-08-26 18:14:00-07:00,74.32558576907282,30.8,1.2,26.845575811427658,50.77707848308679,849.1512782624338,43.11742110034508,36.70434267784284,False
2021-08-26 18:15:00-07:00,74.99136292128773,30.7,1.3,25.740424636506788,48.6788696651856,847.8166018752357,41.270753862665146,34.87434803800247,False
2021-08-26 18:16:00-07:00,75.65390995544153,30.7,1.3,24.505463879205426,46.33058324165,845.6538106211208,39.17963426660036,32.80557599560981,False
2021-08-26 18:17:00-07:00,76.3132484646804,30.6,0.8,23.67125261865495,44.74665410265082,844.4973422707087,37.788430465195326,31.427574110192023,False
2021-08-26 18:18:00-07:00,76.96938889085008,30.5,0.7,22.602864385974183,42.7180124609691,842.9228763632235,36.0079899361201,29.664442782906534,False
2021-08-26 18:19:00-07:00,77.62232974759014,30.4,0.6,21.58662396085162,40.8040441786864,841.0337620400061,34.317578782047235,27.9925191995061,False
2021-08-26 18:20:00-07:00,78.27205673868977,30.3,0.6,20.802370604886253,39.31516105084859,839.8810145743515,33.020057351540736,26.70747214405453,False
2021-08-26 18:21:00-07:00,78.91854175246023,30.2,0.7,20.01595757541314,37.82226123506876,838.6773087171609,31.72067226222487,25.420783068999665,False
2021-08-26 18:22:00-07:00,79.56174175966486,30.2,1.2,19.228287542336933,36.324911939208896,836.9837351417858,30.40336047357551,24.11885744447691,False
2021-08-26 18:23:00-07:00,80.20159760865839,30.1,0.7,18.43963735795162,34.82730133295659,835.5107073668239,29.09858317237608,22.8281255469136,False
2021-08-26 18:24:00-07:00,80.8380327478745,30.1,0.8,17.450241839550145,32.95895556657303,832.7453561633797,27.446417192058867,21.1985240201834,False
2021-08-26 18:25:00-07:00,81.47095234806686,30.0,1.0,16.558967762175108,31.26650000262638,830.9165222989111,25.979851446641202,19.748472848152243,False
2021-08-26 18:26:00-07:00,82.10024033741021,30.0,1.1,15.666642985183792,29.577030705581254,828.2453060583775,24.49703684904217,18.286693076226577,False
2021-08-26 18:27:00-07:00,82.72576084966599,30.0,1.3,14.673495891226452,27.69953900769212,825.005169091359,22.85226286279373,16.666594685298147,False
2021-08-26 18:28:00-07:00,83.34735575896687,30.0,1.4,13.679322167539038,25.819160122181877,821.5305382638279,21.21122851269604,15.051312732147737,False
2021-08-26 18:29:00-07:00,83.96484495422376,30.0,1.1,12.88397356041642,24.312418467012435,818.5832320145864,19.901738086818156,13.76318290896317,False
2021-08-26 18:30:00-07:00,84.57802721818042,30.0,1.3,11.98791381786726,22.61746017092963,815.0207553670989,18.43369947299634,12.320333859614212,False
2021-08-26 18:31:00-07:00,85.1866827278509,30.0,1.1,11.191032081808542,21.10725555168574,811.6744969948679,17.13222103285666,11.042061181903811,False
2021-08-26 18:32:00-07:00,85.79057808684725,30.0,1.3,10.393625361603403,19.59893676951842,808.013760261747,15.836210596270796,9.770780893610292,False
2021-08-26 18:33:00-07:00,86.38947515363773,30.0,1.3,9.49573078435949,17.903269559894298,803.3850290253821,14.383218735024919,8.348137156377145,False
2021-08-26 18:34:00-07:00,86.98314549283054,29.9,1.3,8.697261516394917,16.392980982418333,799.5529434708261,13.107056196753854,7.097247374446442,False
2021-08-26 18:35:00-07:00,87.57139299747593,29.9,1.2,7.798411512775896,14.693715192568321,794.0464186938167,11.6674919259658,5.692270630450309,False
2021-08-26 18:36:00-07:00,88.15408851832225,29.8,1.6,7.199153800869375,13.561162156810813,790.5969005120018,10.721412768515282,4.767920495358728,False
2021-08-26 18:37:00-07:00,88.73121873827256,29.8,1.6,6.599628803721445,12.429582504916857,786.1067423456153,9.770978611656243,3.844611632016357,False
2021-08-26 18:38:00-07:00,89.30296079490718,29.9,1.6,6.099895015836956,11.48335083374695,781.6751374969305,8.97624984189464,3.076034237586392,False
2021-08-26 18:39:00-07:00,89.86978127271475,29.9,1.3,5.799996484721956,10.92026759904453,778.8501290921872,8.505251829237062,2.6215359252851047,False
2021-08-26 18:40:00-07:00,,30.0,1.3,,,,,,False
2021-08-26 18:41:00-07:00,,30.0,1.5,,,,,,False
2021-08-26 18:42:00-07:00,,30.0,1.3,,,,,,False
2021-08-26 18:43:00-07:00,,30.1,1.2,,,,,,False
2021-08-26 18:44:00-07:00,,30.1,1.5,,,,,,False
2021-08-26 18:45:00-07:00,,30.0,1.3,,,,,,False
2021-08-26 18:46:00-07:00,,30.0,1.4,,,,,,False
2021-08-26 18:47:00-07:00,,30.0,1.2,,,,,,False
2021-08-26 18:48:00-07:00,,30.0,1.2,,,,,,False
2021-08-26 18:49:00-07:00,,30.0,1.2,,,,,,False
2021-08-26 18:50:00-07:00,,30.0,1.1,,,,,,False
2021-08-26 18:51:00-07:00,,30.0,1.0,,,,,,False
2021-08-26 18:52:00-07:00,,30.0,1.0,,,,,,False
2021-08-26 18:53:00-07:00,,30.0,0.9,,,,,,False
2021-08-26 18:54:00-07:00,,30.0,0.8,,,,,,False
2021-08-26 18:55:00-07:00,,29.9,0.9,,,,,,False
2021-08-26 18:56:00-07:00,,29.9,0.8,,,,,,False
2021-08-26 18:57:00-07:00,,29.9,0.6,,,,,,False
2021-08-26 18:58:00-07:00,,29.9,0.8,,,,,,False
2021-08-26 18:59:00-07:00,,29.8,1.0,,,,,,False
2021-08-26 19:00:00-07:00,,29.7,1.6,,,,,,False
2021-08-26 19:01:00-07:00,,29.5,2.1,,,,,,False
2021-08-26 19:02:00-07:00,,29.3,2.5,,,,,,False
2021-08-26 19:03:00-07:00,,29.1,2.7,,,,,,False
2021-08-26 19:04:00-07:00,,29.1,2.6,,,,,,False
2021-08-26 19:05:00-07:00,,29.2,2.8,,,,,,False
2021-08-26 19:06:00-07:00,,29.2,2.6,,,,,,False
2021-08-26 19:07:00-07:00,,29.1,3.0,,,,,,False
2021-08-26 19:08:00-07:00,,29.0,3.0,,,,,,False
2021-08-26 19:09:00-07:00,,29.0,3.1,,,,,,False
2021-08-26 19:10:00-07:00,,29.0,2.8,,,,,,False
2021-08-26 19:11:00-07:00,,28.9,3.0,,,,,,False
2021-08-26 19:12:00-07:00,,28.9,3.4,,,,,,False
2021-08-26 19:13:00-07:00,,28.9,3.5,,,,,,False
2021-08-26 19:14:00-07:00,,28.9,3.7,,,,,,False
2021-08-26 19:15:00-07:00,,28.7,3.9,,,,,,False
2021-08-26 19:16:00-07:00,,28.4,4.0,,,,,,False
2021-08-26 19:17:00-07:00,,27.9,4.4,,,,,,False
2021-08-26 19:18:00-07:00,,27.3,4.5,,,,,,False
2021-08-26 19:19:00-07:00,,26.9,4.8,,,,,,False
2021-08-26 19:20:00-07:00,,26.9,4.7,,,,,,False
2021-08-26 19:21:00-07:00,,27.6,4.4,,,,,,False
2021-08-26 19:22:00-07:00,,28.1,4.4,,,,,,False
2021-08-26 19:23:00-07:00,,27.9,4.7,,,,,,False
2021-08-26 19:24:00-07:00,,27.9,4.5,,,,,,False
2021-08-26 19:25:00-07:00,,27.9,4.7,,,,,,False
2021-08-26 19:26:00-07:00,,28.0,4.6,,,,,,False
2021-08-26 19:27:00-07:00,,28.2,4.5,,,,,,False
2021-08-26 19:28:00-07:00,,28.2,4.6,,,,,,False
2021-08-26 19:29:00-07:00,,28.3,4.8,,,,,,False
2021-08-26 19:30:00-07:00,,28.3,5.0,,,,,,False
2021-08-26 19:31:00-07:00,,28.4,5.0,,,,,,False
2021-08-26 19:32:00-07:00,,28.5,5.0,,,,,,False
2021-08-26 19:33:00-07:00,,28.4,4.7,,,,,,False
2021-08-26 19:34:00-07:00,,28.3,4.7,,,,,,False
2021-08-26 19:35:00-07:00,,28.2,4.5,,,,,,False
2021-08-26 19:36:00-07:00,,28.0,4.3,,,,,,False
2021-08-26 19:37:00-07:00,,27.8,4.4,,,,,,False
2021-08-26 19:38:00-07:00,,27.7,4.5,,,,,,False
2021-08-26 19:39:00-07:00,,27.6,4.2,,,,,,False
2021-08-26 19:40:00-07:00,,27.5,4.1,,,,,,False
2021-08-26 19:41:00-07:00,,27.4,4.2,,,,,,False
2021-08-26 19:42:00-07:00,,27.4,4.2,,,,,,False
2021-08-26 19:43:00-07:00,,27.3,4.5,,,,,,False
2021-08-26 19:44:00-07:00,,27.3,4.3,,,,,,False
2021-08-26 19:45:00-07:00,,27.3,4.0,,,,,,False
2021-08-26 19:46:00-07:00,,27.3,4.4,,,,,,False
2021-08-26 19:47:00-07:00,,27.4,4.6,,,,,,False
2021-08-26 19:48:00-07:00,,27.3,4.6,,,,,,False
2021-08-26 19:49:00-07:00,,27.2,4.7,,,,,,False
2021-08-26 19:50:00-07:00,,27.3,4.6,,,,,,False
2021-08-26 19:51:00-07:00,,27.2,4.7,,,,,,False
2021-08-26 19:52:00-07:00,,27.3,4.5,,,,,,False
2021-08-26 19:53:00-07:00,,27.5,4.1,,,,,,False
2021-08-26 19:54:00-07:00,,27.2,3.7,,,,,,False
2021-08-26 19:55:00-07:00,,27.0,3.1,,,,,,False
2021-08-26 19:56:00-07:00,,26.8,4.4,,,,,,False
2021-08-26 19:57:00-07:00,,27.0,3.8,,,,,,False
2021-08-26 19:58:00-07:00,,26.8,3.6,,,,,,False
2021-08-26 19:59:00-07:00,,26.6,4.3,,,,,,False
2021-08-26 20:00:00-07:00,,26.6,4.1,,,,,,False
2021-08-26 20:01:00-07:00,,26.5,3.9,,,,,,False
2021-08-26 20:02:00-07:00,,26.4,4.0,,,,,,False
2021-08-26 20:03:00-07:00,,26.5,3.9,,,,,,False
2021-08-26 20:04:00-07:00,,26.4,3.9,,,,,,False
2021-08-26 20:05:00-07:00,,26.3,4.4,,,,,,False
2021-08-26 20:06:00-07:00,,26.4,4.3,,,,,,False
2021-08-26 20:07:00-07:00,,26.1,4.4,,,,,,False
2021-08-26 20:08:00-07:00,,25.7,4.7,,,,,,False
2021-08-26 20:09:00-07:00,,25.8,4.7,,,,,,False
2021-08-26 20:10:00-07:00,,25.9,4.5,,,,,,False
2021-08-26 20:11:00-07:00,,26.3,4.0,,,,,,False
2021-08-26 20:12:00-07:00,,26.5,4.0,,,,,,False
2021-08-26 20:13:00-07:00,,26.4,4.0,,,,,,False
2021-08-26 20:14:00-07:00,,26.2,3.4,,,,,,False
2021-08-26 20:15:00-07:00,,25.4,2.4,,,,,,False
2021-08-26 20:16:00-07:00,,25.8,2.3,,,,,,False
2021-08-26 20:17:00-07:00,,26.4,4.1,,,,,,False
2021-08-26 20:18:00-07:00,,27.6,3.2,,,,,,False
2021-08-26 20:19:00-07:00,,27.6,2.4,,,,,,False
2021-08-26 20:20:00-07:00,,27.3,2.2,,,,,,False
2021-08-26 20:21:00-07:00,,27.2,2.3,,,,,,False
2021-08-26 20:22:00-07:00,,27.4,2.5,,,,,,False
2021-08-26 20:23:00-07:00,,27.4,2.3,,,,,,False
2021-08-26 20:24:00-07:00,,27.5,2.4,,,,,,False
2021-08-26 20:25:00-07:00,,27.8,1.6,,,,,,False
2021-08-26 20:26:00-07:00,,27.6,1.9,,,,,,False
2021-08-26 20:27:00-07:00,,27.7,2.1,,,,,,False
2021-08-26 20:28:00-07:00,,27.7,1.9,,,,,,False
2021-08-26 20:29:00-07:00,,27.7,1.7,,,,,,False
2021-08-26 20:30:00-07:00,,27.6,2.1,,,,,,False
2021-08-26 20:31:00-07:00,,27.3,2.5,,,,,,False
2021-08-26 20:32:00-07:00,,27.3,2.7,,,,,,False
2021-08-26 20:33:00-07:00,,27.2,2.5,,,,,,False
2021-08-26 20:34:00-07:00,,27.2,2.7,,,,,,False
2021-08-26 20:35:00-07:00,,27.3,2.4,,,,,,False
2021-08-26 20:36:00-07:00,,27.1,1.9,,,,,,False
2021-08-26 20:37:00-07:00,,27.1,2.1,,,,,,False
2021-08-26 20:38:00-07:00,,27.0,2.2,,,,,,False
2021-08-26 20:39:00-07:00,,27.1,2.3,,,,,,False
2021-08-26 20:40:00-07:00,,27.2,2.1,,,,,,False
2021-08-26 20:41:00-07:00,,27.3,1.9,,,,,,False
2021-08-26 20:42:00-07:00,,27.3,1.9,,,,,,False
2021-08-26 20:43:00-07:00,,27.4,2.4,,,,,,False
2021-08-26 20:44:00-07:00,,27.4,2.4,,,,,,False
2021-08-26 20:45:00-07:00,,27.3,3.2,,,,,,False
2021-08-26 20:46:00-07:00,,27.1,3.6,,,,,,False
2021-08-26 20:47:00-07:00,,26.9,3.7,,,,,,False
2021-08-26 20:48:00-07:00,,26.7,3.4,,,,,,False
2021-08-26 20:49:00-07:00,,26.9,2.8,,,,,,False
2021-08-26 20:50:00-07:00,,26.9,2.6,,,,,,False
2021-08-26 20:51:00-07:00,,26.7,2.7,,,,,,False
2021-08-26 20:52:00-07:00,,26.4,3.0,,,,,,False
2021-08-26 20:53:00-07:00,,26.2,3.1,,,,,,False
2021-08-26 20:54:00-07:00,,26.3,3.1,,,,,,False
2021-08-26 20:55:00-07:00,,26.0,3.3,,,,,,False
2021-08-26 20:56:00-07:00,,25.8,3.2,,,,,,False
2021-08-26 20:57:00-07:00,,25.8,3.3,,,,,,False
2021-08-26 20:58:00-07:00,,25.8,3.3,,,,,,False
2021-08-26 20:59:00-07:00,,25.7,3.8,,,,,,False
2021-08-26 21:00:00-07:00,,25.6,3.8,,,,,,False
2021-08-26 21:01:00-07:00,,25.6,4.1,,,,,,False
2021-08-26 21:02:00-07:00,,25.7,4.1,,,,,,False
2021-08-26 21:03:00-07:00,,25.7,3.4,,,,,,False
2021-08-26 21:04:00-07:00,,25.5,3.6,,,,,,False
2021-08-26 21:05:00-07:00,,25.5,3.7,,,,,,False
2021-08-26 21:06:00-07:00,,25.4,3.6,,,,,,False
2021-08-26 21:07:00-07:00,,25.3,3.6,,,,,,False
2021-08-26 21:08:00-07:00,,25.3,3.5,,,,,,False
2021-08-26 21:09:00-07:00,,25.3,3.6,,,,,,False
2021-08-26 21:10:00-07:00,,25.3,3.5,,,,,,False
2021-08-26 21:11:00-07:00,,25.3,3.4,,,,,,False
2021-08-26 21:12:00-07:00,,25.3,3.3,,,,,,False
2021-08-26 21:13:00-07:00,,25.2,3.2,,,,,,False
2021-08-26 21:14:00-07:00,,25.2,3.4,,,,,,False
2021-08-26 21:15:00-07:00,,25.3,3.1,,,,,,False
2021-08-26 21:16:00-07:00,,25.3,3.4,,,,,,False
2021-08-26 21:17:00-07:00,,25.3,3.2,,,,,,False
2021-08-26 21:18:00-07:00,,25.3,3.5,,,,,,False
2021-08-26 21:19:00-07:00,,25.2,3.4,,,,,,False
2021-08-26 21:20:00-07:00,,25.1,3.7,,,,,,False
2021-08-26 21:21:00-07:00,,25.3,3.6,,,,,,False
2021-08-26 21:22:00-07:00,,25.4,3.9,,,,,,False
2021-08-26 21:23:00-07:00,,25.5,4.1,,,,,,False
2021-08-26 21:24:00-07:00,,25.4,4.1,,,,,,False
2021-08-26 21:25:00-07:00,,25.3,4.3,,,,,,False
2021-08-26 21:26:00-07:00,,25.3,4.4,,,,,,False
2021-08-26 21:27:00-07:00,,25.3,4.6,,,,,,False
2021-08-26 21:28:00-07:00,,25.3,4.6,,,,,,False
2021-08-26 21:29:00-07:00,,25.3,4.7,,,,,,False
2021-08-26 21:30:00-07:00,,25.4,4.5,,,,,,False
2021-08-26 21:31:00-07:00,,25.5,4.4,,,,,,False
2021-08-26 21:32:00-07:00,,25.4,4.4,,,,,,False
2021-08-26 21:33:00-07:00,,25.2,4.5,,,,,,False
2021-08-26 21:34:00-07:00,,24.9,4.4,,,,,,False
2021-08-26 21:35:00-07:00,,25.1,4.3,,,,,,False
2021-08-26 21:36:00-07:00,,25.3,4.3,,,,,,False
2021-08-26 21:37:00-07:00,,25.3,4.6,,,,,,False
2021-08-26 21:38:00-07:00,,25.1,4.7,,,,,,False
2021-08-26 21:39:00-07:00,,25.1,4.7,,,,,,False
2021-08-26 21:40:00-07:00,,25.2,4.6,,,,,,False
2021-08-26 21:41:00-07:00,,25.3,4.2,,,,,,False
2021-08-26 21:42:00-07:00,,25.3,4.4,,,,,,False
2021-08-26 21:43:00-07:00,,25.3,4.5,,,,,,False
2021-08-26 21:44:00-07:00,,25.3,4.5,,,,,,False
2021-08-26 21:45:00-07:00,,25.4,4.5,,,,,,False
2021-08-26 21:46:00-07:00,,25.6,4.7,,,,,,False
2021-08-26 21:47:00-07:00,,25.6,4.7,,,,,,False
2021-08-26 21:48:00-07:00,,25.7,4.7,,,,,,False
2021-08-26 21:49:00-07:00,,25.5,5.3,,,,,,False
2021-08-26 21:50:00-07:00,,25.5,5.1,,,,,,False
2021-08-26 21:51:00-07:00,,25.7,4.6,,,,,,False
2021-08-26 21:52:00-07:00,,25.8,4.6,,,,,,False
2021-08-26 21:53:00-07:00,,25.9,4.5,,,,,,False
2021-08-26 21:54:00-07:00,,25.7,4.8,,,,,,False
2021-08-26 21:55:00-07:00,,25.7,4.4,,,,,,False
2021-08-26 21:56:00-07:00,,25.8,4.4,,,,,,False
2021-08-26 21:57:00-07:00,,25.8,4.0,,,,,,False
2021-08-26 21:58:00-07:00,,25.9,4.1,,,,,,False
2021-08-26 21:59:00-07:00,,25.7,4.1,,,,,,False
2021-08-26 22:00:00-07:00,,25.8,3.9,,,,,,False
2021-08-26 22:01:00-07:00,,25.7,4.1,,,,,,False
2021-08-26 22:02:00-07:00,,25.8,3.7,,,,,,False
2021-08-26 22:03:00-07:00,,25.9,3.9,,,,,,False
2021-08-26 22:04:00-07:00,,26.0,3.2,,,,,,False
2021-08-26 22:05:00-07:00,,26.3,2.7,,,,,,False
2021-08-26 22:06:00-07:00,,26.4,2.5,,,,,,False
2021-08-26 22:07:00-07:00,,26.2,3.1,,,,,,False
2021-08-26 22:08:00-07:00,,26.0,3.0,,,,,,False
2021-08-26 22:09:00-07:00,,25.8,3.0,,,,,,False
2021-08-26 22:10:00-07:00,,25.9,2.7,,,,,,False
2021-08-26 22:11:00-07:00,,26.0,2.7,,,,,,False
2021-08-26 22:12:00-07:00,,26.1,3.1,,,,,,False
2021-08-26 22:13:00-07:00,,26.1,3.3,,,,,,False
2021-08-26 22:14:00-07:00,,26.2,3.4,,,,,,False
2021-08-26 22:15:00-07:00,,26.2,2.9,,,,,,False
2021-08-26 22:16:00-07:00,,26.0,3.0,,,,,,False
2021-08-26 22:17:00-07:00,,25.8,3.6,,,,,,False
2021-08-26 22:18:00-07:00,,25.7,3.6,,,,,,False
2021-08-26 22:19:00-07:00,,25.6,3.4,,,,,,False
2021-08-26 22:20:00-07:00,,25.6,3.3,,,,,,False
2021-08-26 22:21:00-07:00,,25.6,3.0,,,,,,False
2021-08-26 22:22:00-07:00,,25.5,3.3,,,,,,False
2021-08-26 22:23:00-07:00,,25.5,3.6,,,,,,False
2021-08-26 22:24:00-07:00,,25.4,3.7,,,,,,False
2021-08-26 22:25:00-07:00,,25.3,3.5,,,,,,False
2021-08-26 22:26:00-07:00,,25.2,3.6,,,,,,False
2021-08-26 22:27:00-07:00,,25.0,3.4,,,,,,False
2021-08-26 22:28:00-07:00,,24.8,3.8,,,,,,False
2021-08-26 22:29:00-07:00,,24.6,3.5,,,,,,False
2021-08-26 22:30:00-07:00,,24.6,3.4,,,,,,False
2021-08-26 22:31:00-07:00,,24.6,3.3,,,,,,False
2021-08-26 22:32:00-07:00,,24.5,3.9,,,,,,False
2021-08-26 22:33:00-07:00,,24.6,3.5,,,,,,False
2021-08-26 22:34:00-07:00,,24.5,3.1,,,,,,False
2021-08-26 22:35:00-07:00,,24.2,3.6,,,,,,False
2021-08-26 22:36:00-07:00,,24.6,3.3,,,,,,False
2021-08-26 22:37:00-07:00,,24.7,2.9,,,,,,False
2021-08-26 22:38:00-07:00,,24.9,2.7,,,,,,False
2021-08-26 22:39:00-07:00,,25.3,2.3,,,,,,False
2021-08-26 22:40:00-07:00,,25.5,2.3,,,,,,False
2021-08-26 22:41:00-07:00,,25.4,2.2,,,,,,False
2021-08-26 22:42:00-07:00,,25.6,2.1,,,,,,False
2021-08-26 22:43:00-07:00,,25.5,2.1,,,,,,False
2021-08-26 22:44:00-07:00,,25.5,2.3,,,,,,False
2021-08-26 22:45:00-07:00,,25.4,2.2,,,,,,False
2021-08-26 22:46:00-07:00,,25.4,2.1,,,,,,False
2021-08-26 22:47:00-07:00,,25.2,2.0,,,,,,False
2021-08-26 22:48:00-07:00,,25.2,1.9,,,,,,False
2021-08-26 22:49:00-07:00,,25.2,2.4,,,,,,False
2021-08-26 22:50:00-07:00,,25.1,3.4,,,,,,False
2021-08-26 22:51:00-07:00,,25.0,3.4,,,,,,False
2021-08-26 22:52:00-07:00,,24.8,3.3,,,,,,False
2021-08-26 22:53:00-07:00,,24.9,2.6,,,,,,False
2021-08-26 22:54:00-07:00,,25.1,2.1,,,,,,False
2021-08-26 22:55:00-07:00,,25.2,2.5,,,,,,False
2021-08-26 22:56:00-07:00,,25.3,2.0,,,,,,False
2021-08-26 22:57:00-07:00,,25.4,1.9,,,,,,False
2021-08-26 22:58:00-07:00,,25.4,1.6,,,,,,False
2021-08-26 22:59:00-07:00,,25.5,1.3,,,,,,False
2021-08-26 23:00:00-07:00,,25.6,1.4,,,,,,False
2021-08-26 23:01:00-07:00,,25.5,2.2,,,,,,False
2021-08-26 23:02:00-07:00,,25.4,2.4,,,,,,False
2021-08-26 23:03:00-07:00,,25.2,2.6,,,,,,False
2021-08-26 23:04:00-07:00,,25.1,2.7,,,,,,False
2021-08-26 23:05:00-07:00,,25.0,2.5,,,,,,False
2021-08-26 23:06:00-07:00,,24.9,2.7,,,,,,False
2021-08-26 23:07:00-07:00,,24.9,2.7,,,,,,False
2021-08-26 23:08:00-07:00,,24.9,2.8,,,,,,False
2021-08-26 23:09:00-07:00,,24.9,2.8,,,,,,False
2021-08-26 23:10:00-07:00,,24.8,2.7,,,,,,False
2021-08-26 23:11:00-07:00,,24.7,3.0,,,,,,False
2021-08-26 23:12:00-07:00,,24.6,3.3,,,,,,False
2021-08-26 23:13:00-07:00,,24.3,3.1,,,,,,False
2021-08-26 23:14:00-07:00,,24.2,3.4,,,,,,False
2021-08-26 23:15:00-07:00,,24.2,3.3,,,,,,False
2021-08-26 23:16:00-07:00,,24.2,3.4,,,,,,False
2021-08-26 23:17:00-07:00,,24.2,3.4,,,,,,False
2021-08-26 23:18:00-07:00,,24.1,3.5,,,,,,False
2021-08-26 23:19:00-07:00,,24.1,3.6,,,,,,False
2021-08-26 23:20:00-07:00,,24.0,4.1,,,,,,False
2021-08-26 23:21:00-07:00,,24.0,4.3,,,,,,False
2021-08-26 23:22:00-07:00,,24.0,4.6,,,,,,False
2021-08-26 23:23:00-07:00,,24.1,4.2,,,,,,False
2021-08-26 23:24:00-07:00,,24.1,4.4,,,,,,False
2021-08-26 23:25:00-07:00,,23.9,4.6,,,,,,False
2021-08-26 23:26:00-07:00,,23.8,4.7,,,,,,False
2021-08-26 23:27:00-07:00,,23.9,4.9,,,,,,False
2021-08-26 23:28:00-07:00,,24.0,4.9,,,,,,False
2021-08-26 23:29:00-07:00,,24.0,4.9,,,,,,False
2021-08-26 23:30:00-07:00,,24.0,4.9,,,,,,False
2021-08-26 23:31:00-07:00,,24.0,4.8,,,,,,False
2021-08-26 23:32:00-07:00,,23.9,4.8,,,,,,False
2021-08-26 23:33:00-07:00,,23.9,4.9,,,,,,False
2021-08-26 23:34:00-07:00,,23.8,4.7,,,,,,False
2021-08-26 23:35:00-07:00,,23.7,4.5,,,,,,False
2021-08-26 23:36:00-07:00,,23.7,4.4,,,,,,False
2021-08-26 23:37:00-07:00,,23.5,4.6,,,,,,False
2021-08-26 23:38:00-07:00,,23.2,4.7,,,,,,False
2021-08-26 23:39:00-07:00,,23.1,4.2,,,,,,False
2021-08-26 23:40:00-07:00,,23.1,3.8,,,,,,False
2021-08-26 23:41:00-07:00,,23.2,3.4,,,,,,False
2021-08-26 23:42:00-07:00,,23.4,3.0,,,,,,False
2021-08-26 23:43:00-07:00,,23.4,2.9,,,,,,False
2021-08-26 23:44:00-07:00,,23.4,2.6,,,,,,False
2021-08-26 23:45:00-07:00,,23.3,2.6,,,,,,False
2021-08-26 23:46:00-07:00,,23.4,2.5,,,,,,False
2021-08-26 23:47:00-07:00,,23.4,2.1,,,,,,False
2021-08-26 23:48:00-07:00,,23.4,2.1,,,,,,False
2021-08-26 23:49:00-07:00,,23.3,2.1,,,,,,False
2021-08-26 23:50:00-07:00,,23.1,2.8,,,,,,False
2021-08-26 23:51:00-07:00,,23.0,3.0,,,,,,False
2021-08-26 23:52:00-07:00,,22.8,2.9,,,,,,False
2021-08-26 23:53:00-07:00,,22.7,2.8,,,,,,False
2021-08-26 23:54:00-07:00,,22.7,2.7,,,,,,False
2021-08-26 23:55:00-07:00,,22.8,2.5,,,,,,False
2021-08-26 23:56:00-07:00,,22.9,2.4,,,,,,False
2021-08-26 23:57:00-07:00,,22.9,2.1,,,,,,False
2021-08-26 23:58:00-07:00,,22.8,2.1,,,,,,False
2021-08-26 23:59:00-07:00,,22.8,2.0,,,,,,False
